8203779.0
16306338.0
26146980.0
35306688.0
60136038.0
69991545.0
78309639.0
95022273.0
103945918.0
112311084.0
125898283.0
135065069.0
143312380.0
152312117.0
162431645.0
179098271.0
188994477.0
197980766.0
206315494.0
215977762.0
224314968.0
234983067.0
245982431.0
255316972.0
265040114.0
273998089.0
283101878.0
292324936.0
302020472.0
310997913.0
319962966.0
329119134.0
338320957.0
348033482.0
356320785.0
366448099.0
375327505.0
384328304.0
394005083.0
402323177.0
412024376.0
420325128.0
430120115.0
439937399.0
448325569.0
458014027.0
466998545.0
476021641.0
484332657.0
493327439.0
505056225.0
513329725.0
522382196.0
532399442.0
542496674.0
551331486.0
562004539.0
570978794.0
579331218.0
589033479.0
597382010.0
606969602.0
615332644.0
626284583.0
636181498.0
645119653.0
653403418.0
663227780.0
673035862.0
681985343.0
690343429.0
699336442.0
709052860.0
717363875.0
727119578.0
736994550.0
745338126.0
755025168.0
763339016.0
772339461.0
782535789.0
791341226.0
801016235.0
809344947.0
818363795.0
828412540.0
837980313.0
846348663.0
855343091.0
865038274.0
873389282.0
882365661.0
892056950.0
901041823.0
909345407.0
919475906.0
930156392.0
938347784.0
947375480.0
956347612.0
965148448.0
973481407.0
984141011.0
992348330.0
1000505392.0
1009387629.0
1019358512.0
1029150668.0
1037380991.0
1046352415.0
1055352152.0
1065354533.0
1073352334.0
1081359689.0
1090352702.0
1099354209.0
1108354300.0
1117381996.0
1127157871.0
1135354926.0
1143355558.0
1151369638.0
1159355405.0
1167383996.0
1176357189.0
1185356572.0
1195397885.0
1204362230.0
1213359136.0
1222359227.0
1231148030.0
1239363134.0
1247388540.0
1257157337.0
1265360762.0
1274361207.0
1283361298.0
1291361930.0
1300382548.0
1309376268.0
1318368573.0
1327394854.0
1336365570.0
1344364431.0
1353363815.0
1361364800.0
1369370032.0
1378368000.0
1387393573.0
1396367120.0
1405366857.0
1414366948.0
1422370057.0
1431241676.0
1439369009.0
1454399126.0
1463369134.0
1473369392.0
1481371439.0
1489370655.0
1498370746.0
1506381287.0
1515400490.0
1524372267.0
1534374649.0
1542375280.0
1550373788.0
1559446432.0
1568376448.0
1576374248.0
1585403006.0
1594375137.0
1604376104.0
1612376381.0
1620375951.0
1629376750.0
1638376840.0
1647150779.0
1655377917.0
1665032753.0
1673378099.0
1682379251.0
1691383943.0
1700382265.0
1709383063.0
1718380677.0
1728024542.0
1739042309.0
1747403227.0
1755390764.0
1764383069.0
1773384929.0
1782383251.0
1791169930.0
1799383973.0
1808000773.0
1816414424.0
1826170480.0
1835385752.0
1844385489.0
1853386642.0
1862387087.0
1872388053.0
1881387790.0
1890389297.0
1899394697.0
1908388771.0
1917096881.0
1926134133.0
1935194036.0
1943417635.0
1952390120.0
1961047974.0
1969390842.0
1978445790.0
1987392086.0
1996568781.0
2007418439.0
2017143350.0
2026118667.0
2034394291.0
2043451363.0
2052399782.0
2061398811.0
2070398548.0
2079140988.0
2089396774.0
2099068244.0
2107396956.0
2116426776.0
2126183540.0
2135054451.0
2144010657.0
2152400242.0
2161401395.0
2170399716.0
2179400161.0
2187428398.0
2196401591.0
2205417255.0
2214401773.0
2222416915.0
2232059364.0
2240403294.0
2249403739.0
2258425065.0
2267431880.0
2278405055.0
2287438060.0
2296018406.0
2304414362.0
2313406313.0
2322407112.0
2332101232.0
2340504267.0
2349407738.0
2358408537.0
2366425095.0
2375408906.0
2384432355.0
2393409795.0
2402437492.0
2413119039.0
2421432178.0
2431051977.0
2439416080.0
2447441132.0
2456412202.0
2465070410.0
2473413278.0
2482413369.0
2491418769.0
2500414259.0
2509415057.0
2518415148.0
2528056890.0
2536416392.0
2546419482.0
2555418865.0
2564416832.0
2573105831.0
2581440913.0
2590418000.0
2599418444.0
2607419430.0
2615419353.0
2624034383.0
2632432817.0
2641435385.0
2650428398.0
2660102345.0
2668460432.0
2680056853.0
2688466257.0
2697452900.0
2707188075.0
2716430952.0
2726282212.0
2735432363.0
2745144888.0
2755191509.0
2763434219.0
2772434310.0
2781433693.0
2791121090.0
2799436706.0
2809436257.0
2818468908.0
2828116312.0
2836436530.0
2846132420.0
2854437066.0
2864055094.0
2872437955.0
2882139155.0
2890438491.0
2899443183.0
2907440275.0
2916441074.0
2926375504.0
2934956912.0
2944075211.0
2954526005.0
2964442385.0
2973441768.0
2983105098.0
2991450090.0
3000109006.0
3009150859.0
3017446656.0
3026481077.0
3036173429.0
3045445327.0
3054445772.0
3064083620.0
3076477060.0
3085589343.0
3095533328.0
3106120734.0
3114448030.0
3122453616.0
3131958392.0
3141183574.0
3149450350.0
3158507775.0
3168131467.0
3179240545.0
3190451551.0
3202187061.0
3212270135.0
3220488071.0
3230145739.0
3238483652.0
3247455076.0
3256088156.0
3264455445.0
3273455182.0
3282455273.0
3290456612.0
3299491387.0
3308491124.0
3317485552.0
3327241962.0
3335565365.0
3353250915.0
3361459296.0
3370459387.0
3380088387.0
3388491775.0
3397462137.0
3406460812.0
3415461611.0
3423461888.0
3432114787.0
3440477475.0
3449463056.0
3466153747.0
3474965909.0
3484162423.0
3494571101.0
3504471201.0
3513465275.0
3521466261.0
3530470245.0
3539467504.0
3549149592.0
3557468040.0
3567232236.0
3575500782.0
3584468667.0
3592471776.0
3604436269.0
3613470690.0
3622470073.0
3632093411.0
3640512371.0
3650171100.0
3658471853.0
3667472652.0
3675504074.0
3684473728.0
3693477712.0
3703137149.0
3713538394.0
3723233931.0
3734226217.0
3743478650.0
3752476971.0
3762173923.0
3770478569.0
3779477598.0
3788477689.0
3798145620.0
3808498379.0
3817597920.0
3828136839.0
3836479708.0
3846176306.0
3854571200.0
3869457273.0
3878482492.0
3887482936.0
3896504616.0
3905514617.0
3915247668.0
3923484008.0
3934154230.0
3942484711.0
3950502685.0
3960141948.0
3970545671.0
3980216080.0
3988486395.0
3998218031.0
4006520199.0
4017271822.0
4027177585.0
4035491786.0
4043569925.0
4054269876.0
4064112287.0
4072490547.0
4082178652.0
4090490729.0
4099490820.0
4107494637.0
4116521979.0
4127215206.0
4138555745.0
4147304556.0
4157192269.0
4165507532.0
4174494174.0
4184116095.0
4193167858.0
4201496216.0
4210495953.0
4220187243.0
4229168222.0
4240221381.0
4249498589.0
4258502219.0
4270176147.0
4278498843.0
4288266578.0
4300275311.0
4310217881.0
4318504477.0
4328146572.0
4336540758.0
4346184623.0
4354503779.0
4373936260.0
4382505281.0
4393615775.0
4404585764.0
4414504621.0
4423505066.0
4432128944.0
4440527377.0
4450176197.0
4458507032.0
4468132139.0
4476539067.0
4485507659.0
4496227429.0
4505509237.0
4514510744.0
4524274232.0
4533937209.0
4543163098.0
4551511983.0
4561229462.0
4569511811.0
4578534907.0
4588242476.0
4599253873.0
4608514447.0
4618289260.0
4629510884.0
4638518407.0
4648141037.0
4658609172.0
4668246667.0
4676546711.0
4686183144.0
4694521765.0
4703540260.0
4713177754.0
4721518853.0
4730513281.0
4740116445.0
4749132462.0
4757534081.0
4767355965.0
4777311630.0
4785514348.0
4795115743.0
4803527979.0
4812524884.0
4822256874.0
4831154683.0
4841180424.0
4849522584.0
4858517720.0
4868232014.0
4877275991.0
4886456225.0
4896175828.0
4904526129.0
4913536483.0
4923308466.0
4932176900.0
4944192711.0
4955176503.0
4965194103.0
4973529539.0
4983296921.0
4991530429.0
5001189158.0
5009544414.0
5019298346.0
5029369034.0
5039199413.0
5047532018.0
5057269670.0
5067260727.0
5075557586.0
5085204990.0
5095584292.0
5105201259.0
5113551206.0
5123209935.0
5132281163.0
5140545816.0
5150239937.0
5158536796.0
5167537595.0
5177252243.0
5188178347.0
5198241956.0
5206568190.0
5216164984.0
5224540059.0
5235350432.0
5244506954.0
5254212046.0
5262545358.0
5272175066.0
5283242028.0
5292324936.0
5300543226.0
5309544378.0
5319324147.0
5329353780.0
5340307489.0
5348545952.0
5358230163.0
5366595682.0
5390371070.0
5400274002.0
5408548918.0
5418223220.0
5427370894.0
5435549899.0
5445218184.0
5453551142.0
5472254556.0
5480551061.0
5490224301.0
5501153590.0
5510242160.0
5518553884.0
5527561053.0
5537229338.0
5545554510.0
5555226334.0
5563585483.0
5573231117.0
5584214909.0
5593273042.0
5601556807.0
5611212704.0
5620402848.0
5630249507.0
5638561231.0
5650619866.0
5660242850.0
5668559882.0
5678271699.0
5686560064.0
5695560509.0
5705235872.0
5714209774.0
5724519355.0
5737287238.0
5745563217.0
5755226547.0
5766156897.0
5775336778.0
5783595060.0
5793233616.0
5801565513.0
5811334310.0
5820301133.0
5829244597.0
5837576848.0
5847336090.0
5860139719.0
5869296595.0
5877593454.0
5887250413.0
5895594698.0
5905300144.0
5913599480.0
5923240160.0
5935164661.0
5944250400.0
5952572741.0
5962271109.0
5971235454.0
5979573014.0
5989309251.0
5997573550.0
6007248205.0
6015574439.0
6027347464.0
6037296405.0
6045575922.0
6054576721.0
6064403207.0
6072582566.0
6083280747.0
6091577960.0
6101260402.0
6112179073.0
6123582255.0
6134309458.0
6142580481.0
6152215144.0
6163150095.0
6172280073.0
6180582595.0
6190583208.0
6199582591.0
6209265032.0
6217583834.0
6226583925.0
6238170790.0
6249178648.0
6258270404.0
6266606194.0
6275586112.0
6285292973.0
6293608944.0
6303357214.0
6314235539.0
6324252431.0
6333589096.0
6343372050.0
6352231636.0
6360596094.0
6370270041.0
6378985937.0
6388243326.0
6409413890.0
6417592187.0
6426592632.0
6436312234.0
6445541309.0
6456539258.0
6467474209.0
6477272027.0
6485626221.0
6496559049.0
6507407290.0
6517557609.0
6527176346.0
6536258899.0
6544598229.0
6554297658.0
6562601596.0
6572328631.0
6580600008.0
6590309347.0
6599600357.0
6609285984.0
6617600893.0
6627372522.0
6635634343.0
6646193789.0
6655038157.0
6664238211.0
6672604438.0
6682276970.0
6692609555.0
6701604338.0
6711374550.0
6720620613.0
6729605486.0
6739270939.0
6747606729.0
6757342612.0
6768184837.0
6777285794.0
6785639634.0
6795374809.0
6803609025.0
6813288282.0
6821613454.0
6830636550.0
6842268362.0
6851612106.0
6861288177.0
6869634585.0
6879374715.0
6887613178.0
6897286063.0
6909277101.0
6919307796.0
6928555628.0
6937607745.0
6947320269.0
6956415564.0
6964611911.0
6973609878.0
6983323465.0
6991609706.0
7001336741.0
7009619090.0
7018610687.0
7028587587.0
7037612098.0
7048613232.0
7058355131.0
7067424236.0
7076078905.0
7084615365.0
7094388055.0
7102614485.0
7111615284.0
7121339134.0
7131150047.0
7139621033.0
7149125455.0
7158370102.0
7166621660.0
7176619795.0
7188619326.0
7198350608.0
7207363794.0
7216514299.0
7226228947.0
7236318393.0
7246335285.0
7254628959.0
7265308029.0
7273630370.0
7283340417.0
7294203170.0
7303295279.0
7311631777.0
7323391353.0
7332291639.0
7340634154.0
7350313764.0
7360478594.0
7370335162.0
7378640869.0
7388332866.0
7396635034.0
7406371625.0
7423249185.0
7431636647.0
7441402258.0
7453631128.0
7462630511.0
7478639560.0
7487631157.0
7496631601.0
7506071610.0
7514639216.0
7524059759.0
7533633194.0
7543067541.0
7552258039.0
7561635050.0
7570634787.0
7580089661.0
7588636031.0
7597637184.0
7607299098.0
7615638427.0
7624637457.0
7633638255.0
7643083927.0
7651638437.0
7660640652.0
7670350345.0
7678639418.0
7688319382.0
7697369729.0
7705641107.0
7714641551.0
7724450341.0
7735147815.0
7744312477.0
7754455717.0
7762643924.0
7772387947.0
7780644460.0
7789645259.0
7799373355.0
7808328853.0
7816646239.0
7827375919.0
7837435989.0
7845646847.0
7854647646.0
7864366541.0
7873476700.0
7881648273.0
7891407160.0
7900434149.0
7909110052.0
7918071213.0
7927616335.0
7937071208.0
7946085102.0
7955378943.0
7964422566.0
7973068387.0
7982087589.0
7991429209.0
8000023358.0
8010145718.0
8020267015.0
8029474855.0
8039406808.0
8048026439.0
8057078555.0
8066414159.0
8075391953.0
8084059363.0
8093411600.0
8102411691.0
8111078747.0
8120038138.0
8129628915.0
8139158819.0
8149582715.0
8159083951.0
8168360451.0
8177118817.0
8186557764.0
8196386727.0
8205084573.0
8214140229.0
8223630848.0
8233462996.0
8242397966.0
8251090150.0
8260190753.0
8269387622.0
8279407346.0
8288053166.0
8297372136.0
8307164999.0
8316460256.0
8326329920.0
8335080500.0
8344413626.0
8353450524.0
8362083250.0
8371071662.0
8380426377.0
8389134487.0
8398082906.0
8407418156.0
8416364097.0
8426055033.0
8435120244.0
8444107594.0
8453090697.0
8462101760.0
8471084863.0
8480041422.0
8489087168.0
8498097169.0
8507086996.0
8516052403.0
8526044876.0
8535164944.0
8544317573.0
8553145661.0
8562097973.0
8571173802.0
8580077274.0
8589086566.0
8598108246.0
8607168149.0
8616107720.0
8625233452.0
8634302202.0
8643414485.0
8652163649.0
8662349360.0
8671077289.0
8680046943.0
8689136221.0
8697995099.0
8706946350.0
8715168179.0
8724093594.0
8735090834.0
8744045624.0
8753092078.0
8762115527.0
8771096507.0
8780133405.0
8789094919.0
8798104920.0
8807091562.0
8816082805.0
8826032099.0
8835187205.0
8844170662.0
8853088645.0
8862089443.0
8871167750.0
8880075115.0
8889110243.0
8898096532.0
8907173069.0
8916116179.0
8926057687.0
8935079721.0
8944050437.0
8953135468.0
8962086010.0
8971083270.0
8980050801.0
8989134062.0
8998085666.0
9007076910.0
9016086910.0
9026078675.0
9035270942.0
9044040280.0
9053096289.0
9062100981.0
9071092578.0
9080048783.0
9089090637.0
9098103468.0
9107133996.0
9116115330.0
9126073826.0
9135168412.0
9144084271.0
9153097811.0
9162087639.0
9171181517.0
9180186917.0
9189093928.0
9198132950.0
9207201346.0
9216094909.0
9226063668.0
9235081101.0
9244127909.0
9253144634.0
9262373001.0
9272386708.0
9281096234.0
9290111897.0
9299413879.0
9308423879.0
9317131990.0
9326488120.0
9336081729.0
9345408131.0
9354406098.0
9363171896.0
9372134472.0
9383455192.0
9393105073.0
9402092070.0
9411487485.0
9420175068.0
9429649761.0
9439080568.0
9448054469.0
9457500140.0
9466096059.0
9475390254.0
9493137032.0
9502088990.0
9511077756.0
9520302230.0
9529602442.0
9539098370.0
9548139515.0
9557143145.0
9566139343.0
9575091301.0
9584365677.0
9593577056.0
9603438579.0
9612297104.0
9621352760.0
9630359929.0
9639290298.0
9649405933.0
9658214556.0
9670592424.0
9680313796.0
9689227531.0
9698373436.0
9707223112.0
9716350967.0
9726155156.0
9737258217.0
9746419340.0
9755217345.0
9764527113.0
9774216632.0
9783461987.0
9794525056.0
9804457009.0
9813563983.0
9824314190.0
9834286135.0
9846318580.0
9855442896.0
9864199492.0
9873340442.0
9882140924.0
9891214630.0
9900168004.0
9909093772.0
9918104481.0
9928141192.0
9939253810.0
9948134985.0
9957119149.0
9966100483.0
9975173834.0
9984081907.0
9993094739.0
10002094122.0
10011174906.0
10020083333.0
10029652167.0
10039091468.0
10049116855.0
10058609951.0
10070324580.0
10079426953.0
10088057555.0
10097158158.0
10106450938.0
10115101006.0
10124485804.0
10134101001.0
10143175414.0
10152400950.0
10161410597.0
10170098887.0
10179187811.0
10188512090.0
10197098099.0
10207174449.0
10216376980.0
10226095875.0
10235417676.0
10244055356.0
10253110304.0
10263430857.0
10272085526.0
10281410158.0
10290110128.0
10299201175.0
10308394151.0
10317417600.0
10326310808.0
10336386451.0
10345167114.0
10356420943.0
10365412186.0
10374103662.0
10383502971.0
10392405027.0
10401101458.0
10410133047.0
10419199675.0
10428405391.0
10437109254.0
10446099789.0
10455179157.0
10464084399.0
10473104663.0
10483587663.0
10493107303.0
10502132168.0
10511101115.0
10520069707.0
10530191359.0
10539179416.0
10548081473.0
10557099259.0
10566096873.0
10575178011.0
10584088561.0
10593099623.0
10602098298.0
10611196778.0
10622088198.0
10631103507.0
10640096874.0
10649107228.0
10658383374.0
10667246853.0
10676060430.0
10685109362.0
10694131395.0
10703102819.0
10712071058.0
10721129899.0
10730413830.0
10739348801.0
10748116015.0
10758610694.0
10767281997.0
10776089557.0
10785152999.0
10794104958.0
10803207684.0
10812159289.0
10821118679.0
10830377129.0
10839285202.0
10848084269.0
10857102409.0
10866106393.0
10876400756.0
10885163723.0
10894121344.0
10905106198.0
10914122569.0
10923437645.0
10933165742.0
10942357301.0
10951112482.0
10960066564.0
10969147702.0
10978108508.0
10987194955.0
10996065866.0
11005151959.0
11014104271.0
11023105070.0
11032372722.0
11043188757.0
11052213976.0
11061119571.0
11070107629.0
11079181689.0
11088087992.0
11097137631.0
11106102684.0
11115183468.0
11124100035.0
11134117989.0
11143096491.0
11152072870.0
11161174181.0
11170110213.0
11181112408.0
11190131964.0
11199189036.0
11208090384.0
11217107463.0
11226290175.0
11235187984.0
11244189137.0
11253116321.0
11262559515.0
11271188348.0
11280096774.0
11289105713.0
11298104743.0
11307185526.0
11318144190.0
11327355215.0
11336069696.0
11345132784.0
11354144554.0
11363112438.0
11372164555.0
11381117575.0
11390132177.0
11399107140.0
11408062991.0
11417455221.0
11427194997.0
11436179870.0
11445105992.0
11456067841.0
11465430342.0
11474452376.0
11483116601.0
11501440616.0
11510496272.0
11519108116.0
11528303923.0
11538419558.0
11547187480.0
11556408769.0
11565107323.0
11574127941.0
11583535390.0
11594387171.0
11604447949.0
11614130744.0
11623096151.0
11632389993.0
11641195784.0
11650134293.0
11659412562.0
11668623233.0
11678120931.0
11687110050.0
11696382657.0
11705115895.0
11714133682.0
11723428231.0
11735035623.0
11744400602.0
11753115436.0
11762158705.0
11771429896.0
11780084918.0
11789443173.0
11798141373.0
11807110319.0
11816382218.0
11826341776.0
11835190037.0
11844443532.0
11853446100.0
11862139346.0
11871205265.0
11880445665.0
11889136079.0
11898435937.0
11907190764.0
11916149447.0
11926475662.0
11935506544.0
11944132546.0
11953475935.0
11962424354.0
11971099196.0
11980178918.0
11989480192.0
11998110087.0
12007429056.0
12016072046.0
12026097078.0
12037163332.0
12046129447.0
12055384358.0
12064069463.0
12073156618.0
12082112823.0
12091133795.0
12100105573.0
12109162290.0
12118128759.0
12127349694.0
12136085410.0
12145245471.0
12154122753.0
12163111164.0
12173238125.0
12182143366.0
12191153367.0
12200090461.0
12209233180.0
12218129573.0
12227365019.0
12236233807.0
12245122414.0
12254132768.0
12263241512.0
12272101452.0
12281124193.0
12290187635.0
12299119774.0
12308069255.0
12317119956.0
12326026260.0
12335114476.0
12344071389.0
12353117489.0
12362137753.0
12371118733.0
12380151030.0
12389129178.0
12398128561.0
12407113434.0
12416276326.0
12427193935.0
12436089621.0
12445160849.0
12454113869.0
12463104051.0
12472077244.0
12481163691.0
12490134406.0
12499100521.0
12508132465.0
12517165116.0
12526053369.0
12535345441.0
12544072663.0
12553267054.0
12563209624.0
12572133623.0
12581440913.0
12590203172.0
12600503552.0
12609169546.0
12618111594.0
12629650681.0
12639451330.0
12649175888.0
12658467252.0
12667418149.0
12676091575.0
12685482035.0
12694141305.0
12703586269.0
12713131745.0
12722390902.0
12733160221.0
12742432119.0
12751108731.0
12760353378.0
12770476445.0
12779119435.0
12788387794.0
12797157486.0
12806141650.0
12815441508.0
12824092284.0
12834451060.0
12843093341.0
12852124577.0
12861432575.0
12870460625.0
12879201649.0
12888143698.0
12897430815.0
12906128308.0
12915217940.0
12924532308.0
12934430993.0
12943107958.0
12952077966.0
12961183170.0
12970123095.0
12979224406.0
12988262366.0
12997176809.0
13006116381.0
13015109747.0
13024171066.0
13034136286.0
13043218132.0
13052132575.0
13061143284.0
13070145852.0
13079133910.0
13089124612.0
13098120103.0
13107212212.0
13116119577.0
13126288299.0
13139345332.0
13148576885.0
13158246939.0
13167502558.0
13176231903.0
13185379931.0
13194235270.0
13203460098.0
13212308358.0
13221404361.0
13231612722.0
13241457611.0
13250328522.0
13259248982.0
13268203772.0
13277253765.0
13286409579.0
13295252531.0
13304335085.0
13313238203.0
13323680149.0
13334274278.0
13344369740.0
13353565901.0
13363368320.0
13372264360.0
13381460520.0
13392274078.0
13401406534.0
13410237099.0
13419454494.0
13428394420.0
13437418577.0
13447368225.0
13456202683.0
13465433174.0
13476275753.0
13485391220.0
13502426981.0
13511240558.0
13522390690.0
13532247966.0
13548424771.0
13559293186.0
13568341410.0
13577255499.0
13586412021.0
13595234446.0
13604187820.0
13613420080.0
13622269757.0
13631389825.0
13641581552.0
13651399190.0
13660270101.0
13669433348.0
13678234538.0
13687393537.0
13696210300.0
13705483260.0
13716650026.0
13726198688.0
13735377152.0
13744199931.0
13753436084.0
13762236920.0
13771377870.0
13780095182.0
13789182690.0
13798148097.0
13807168361.0
13816131291.0
13826107483.0
13835127040.0
13844087138.0
13853132884.0
13862181462.0
13871125634.0
13880087856.0
13889463098.0
13898158467.0
13907442753.0
13916149093.0
13926052732.0
13935203946.0
13944107417.0
13953122727.0
13962141929.0
13971204663.0
13980171486.0
13989143972.0
13998137692.0
14007203612.0
14016109561.0
14026032665.0
14035115927.0
14044140792.0
14053287404.0
14062146282.0
14071114875.0
14080089484.0
14089202828.0
14098152309.0
14107117008.0
14116089848.0
14126056484.0
14135154964.0
14144082856.0
14153166825.0
14162144619.0
14171127368.0
14180086405.0
14189676474.0
14200093646.0
14209355281.0
14218138421.0
14227358648.0
14236172225.0
14245423597.0
14254138431.0
14263578440.0
14272087649.0
14281188606.0
14290133840.0
14299289300.0
14308089075.0
14317185431.0
14326312578.0
14337141708.0
14346131889.0
14355215151.0
14364253465.0
14373143841.0
14382137208.0
14391273911.0
14400116155.0
14409137481.0
14418130494.0
14428415654.0
14437176144.0
14446129872.0
14455137041.0
14464087938.0
14475215420.0
14484108982.0
14493128184.0
14502130753.0
14511206936.0
14520131288.0
14529374520.0
14538125100.0
14547211900.0
14556199958.0
14565131389.0
14574127587.0
14583254380.0
14592111843.0
14601136000.0
14612084400.0
14621135809.0
14630185448.0
14639133867.0
14648111308.0
14657376836.0
14666181565.0
14675152989.0
14684141401.0
14693139722.0
14702514610.0
14711146274.0
14720416757.0
14730137068.0
14739211481.0
14750495040.0
14759163865.0
14768401080.0
14777152368.0
14786163076.0
14795453733.0
14804406753.0
14813142468.0
14822495060.0
14831686620.0
14841171930.0
14850140168.0
14859538415.0
14868116638.0
14877465690.0
14888106183.0
14897155114.0
14906490718.0
14915217940.0
14924526999.0
14934132287.0
14943224750.0
14952258463.0
14961129375.0
14970136544.0
14979215204.0
14988242193.0
14997126907.0
15006130891.0
15015208136.0
15026418080.0
15035132915.0
15044087704.0
15053151146.0
15062191230.0
15071137525.0
15080095854.0
15089138061.0
15098187701.0
15107137535.0
15116176203.0
15126067101.0
15135212298.0
15144119309.0
15153143112.0
15164151324.0
15173151061.0
15182164247.0
15191174248.0
15200102848.0
15209138330.0
15218183723.0
15227391562.0
15236092594.0
15245194259.0
15254183379.0
15263224170.0
15272095435.0
15281144013.0
15290171355.0
15302424291.0
15311139479.0
15320113026.0
15329387048.0
15338148954.0
15347394309.0
15356160815.0
15365403339.0
15374167013.0
15383172413.0
15392099951.0
15401139681.0
15410162422.0
15419141986.0
15428395835.0
15439126223.0
15448115342.0
15457185509.0
15466138529.0
15475128710.0
15484161361.0
15493193305.0
15510393990.0
15519216061.0
15528384262.0
15537135550.0
15546152275.0
15555225627.0
15564170153.0
15573143700.0
15584195090.0
15593142093.0
15602156341.0
15611153600.0
15620143428.0
15629144227.0
15638154935.0
15647138746.0
15656115478.0
15665391624.0
15674154591.0
15683164945.0
15692182732.0
15701154864.0
15710157078.0
15721190772.0
15730388702.0
15739131142.0
15748169102.0
15757190428.0
15766189811.0
15775132214.0
15784126996.0
15793190438.0
15802154076.0
15811126207.0
15820187880.0
15829431465.0
15838139929.0
15847134357.0
15856125246.0
15865198244.0
15874142770.0
15883137552.0
15892126318.0
15901189760.0
15910138533.0
15919191358.0
15928449807.0
15937230824.0
15946156239.0
15955126601.0
15964162437.0
15973184117.0
15982170051.0
15991169081.0
16000098034.0
16009185189.0
16018148826.0
16027492216.0
16036158918.0
16045215989.0
16054180689.0
16063139018.0
16072136985.0
16081477190.0
16090286166.0
16099437379.0
16130700573.0
16140551479.0
16149395139.0
16159688086.0
16186302590.0
16195437877.0
16204368955.0
16214358241.0
16224487679.0
16234318766.0
16243436003.0
16252441049.0
16261316207.0
16270282676.0
16279439552.0
16288235433.0
16297493883.0
16306291534.0
16315434253.0
16324250662.0
16334511756.0
16343287464.0
16352478316.0
16361268535.0
16370510350.0
16379443905.0
16388230585.0
16397442671.0
16406498681.0
16415281114.0
16424508419.0
16434303760.0
16443499212.0
16454182883.0
16463446996.0
16472555385.0
16482456901.0
16491385854.0
16501457604.0
16510266934.0
16519449292.0
16529636418.0
16539492986.0
16551366877.0
16560456155.0
16569271148.0
16578485712.0
16588705753.0
16603405665.0
16613639508.0
16623536069.0
16632289127.0
16641461929.0
16650375664.0
16660235064.0
16669478649.0
16679408832.0
16689454392.0
16698271508.0
16707504830.0
16718403328.0
16728267328.0
16737458180.0
16746302902.0
16755498001.0
16764316886.0
16773456066.0
16784286612.0
16793460476.0
16802483218.0
16814478502.0
16823524956.0
16832454264.0
16841303587.0
16850466125.0
16861386566.0
16871265431.0
16880456283.0
16889287202.0
16898461419.0
16907268272.0
16918338419.0
16927500958.0
16936506711.0
16945316395.0
16954461946.0
16963322240.0
16972484071.0
16981341533.0
16990470804.0
17001327540.0
17010467781.0
17019425402.0
17029506000.0
17038288432.0
17047468313.0
17056288260.0
17069335738.0
17078495799.0
17087275400.0
17096534204.0
17105276998.0
17114696125.0
17124645420.0
17136670433.0
17146505767.0
17155264133.0
17164593012.0
17173346777.0
17182472508.0
17191300596.0
17200474106.0
17209322367.0
17218480658.0
17228695744.0
17238504180.0
17247358811.0
17256521349.0
17265275469.0
17275479937.0
17284238657.0
17293324041.0
17302506399.0
17315316399.0
17324542289.0
17334289497.0
17343501230.0
17352267028.0
17362276134.0
17371485036.0
17382327261.0
17391553505.0
17400291697.0
17410272136.0
17419482454.0
17428487499.0
17437327620.0
17450437741.0
17460496042.0
17469309619.0
17478490207.0
17487362534.0
17496530027.0
17505497912.0
17522497219.0
17531494478.0
17540501294.0
17549290451.0
17562593102.0
17572566109.0
17581145747.0
17590517804.0
17599269446.0
17608504891.0
17625481901.0
17635501625.0
17644534630.0
17653347853.0
17664350756.0
17673491706.0
17682277677.0
17691542852.0
17700275028.0
17709504811.0
17722331444.0
17731308531.0
17740505399.0
17749337026.0
17758498149.0
17767269964.0
17776402066.0
17786633785.0
17798349830.0
17808260193.0
17817497762.0
17826375752.0
17835360270.0
17845419279.0
17855508724.0
17864262136.0
17873501120.0
17884357856.0
17893515439.0
17902281946.0
17911505712.0
17920252045.0
17929337076.0
17939274691.0
17948511552.0
17959324048.0
17968501097.0
17980513723.0
17989337210.0
17998514967.0
18009332418.0
18018510175.0
18027512035.0
18036278542.0
18045516110.0
18054326502.0
18063511338.0
18072272181.0
18081516120.0
18092396568.0
18101511328.0
18110304732.0
18119518235.0
18128536021.0
18137505676.0
18147523984.0
18156426748.0
18166663422.0
18176518221.0
18185281896.0
18194545654.0
18203284201.0
18212519646.0
18221284383.0
18234165874.0
18243611191.0
18252558903.0
18261154821.0
18270481577.0
18279239235.0
18289197378.0
18298482371.0
18307144118.0
18316216762.0
18326512894.0
18335158715.0
18344120937.0
18353484854.0
18362506180.0
18373530672.0
18382164460.0
18391181539.0
18399506003.0
18409204725.0
18418478393.0
18427513522.0
18437166942.0
18446543954.0
18455475739.0
18464142087.0
18473475213.0
18482193941.0
18491513972.0
18500454251.0
18512561373.0
18521506961.0
18530521209.0
18539160659.0
18548150486.0
18557167565.0
18566217204.0
18575204908.0
18584208892.0
18593508043.0
18602184654.0
18611174835.0
18622476090.0
18631153763.0
18640208003.0
18649530866.0
18658494857.0
18668513519.0
18678485818.0
18688150210.0
18697235949.0
18706503954.0
18715145528.0
18724464852.0
18734548634.0
18743165788.0
18752216489.0
18761512454.0
18770192250.0
18781180289.0
18790484748.0
18799472806.0
18808221616.0
18817527137.0
18826666317.0
18836391229.0
18845186402.0
18854500063.0
18863163579.0
18872531035.0
18881170132.0
18890211631.0
18899473266.0
18908177483.0
18917193854.0
18929186661.0
18938509170.0
18947169855.0
18956209231.0
18965486084.0
18974151724.0
18983161725.0
18992535905.0
19001646064.0
19011553597.0
19020340630.0
19029625977.0
19038292679.0
19047569179.0
19056333561.0
19065561221.0
19074285611.0
19083560695.0
19094424509.0
19104569165.0
19113281876.0
19122562976.0
19131571207.0
19140290997.0
19149567496.0
19158281977.0
19167564139.0
19178401763.0
19190569051.0
19199297334.0
19208564986.0
19217288314.0
19226346094.0
19237603463.0
19247575408.0
19256290242.0
19265569219.0
19274583467.0
19283286268.0
19292570200.0
19301567813.0
19310343521.0
19323647942.0
19334332321.0
19343580861.0
19352248978.0
19361566532.0
19370310034.0
19380665270.0
19390569617.0
19399272065.0
19408574400.0
19417366742.0
19426258181.0
19435571134.0
19444357813.0
19453579102.0
19464664821.0
19474578724.0
19483284003.0
19492574305.0
19501347536.0
19510574487.0
19527594321.0
19536582025.0
19547663144.0
19557585894.0
19566289403.0
19575580060.0
19586324604.0
19595582700.0
19606687885.0
19616583738.0
19625370417.0
19634621435.0
19643290968.0
19661423161.0
19672320951.0
19681629303.0
19690303437.0
19700243883.0
19711592917.0
19722626257.0
19732261981.0
19741605725.0
19750287291.0
19759592104.0
19769643326.0
19780725153.0
19791602062.0
19800287521.0
19809589149.0
19818295489.0
19827387245.0
19836610657.0
19845298947.0
19854653662.0
19866280166.0
19875369090.0
19884669302.0
19894680886.0
19904631596.0
19917346038.0
19927599347.0
19936258262.0
19945603422.0
19954327458.0
19963606081.0
19972252256.0
19981610864.0
19992671455.0
