5406071.0
14339979.0
23106486.0
31306726.0
40063676.0
60998532.0
69347063.0
78990220.0
94420262.0
103338952.0
115487836.0
124341760.0
134346265.0
143994023.0
153001546.0
162107104.0
179569687.0
188318143.0
197343009.0
207084200.0
215315231.0
225917147.0
234321243.0
245340426.0
255974903.0
264317063.0
273317508.0
284096382.0
293018612.0
301325381.0
310318747.0
319322023.0
329543479.0
339136380.0
347349007.0
357013399.0
366119311.0
376026843.0
385059849.0
393322378.0
402984292.0
411324330.0
421050303.0
430538090.0
439329371.0
449042249.0
457354681.0
466326104.0
475327257.0
485021378.0
494043412.0
504332112.0
514007475.0
523054283.0
532075609.0
542156914.0
552001449.0
561329975.0
570341745.0
579966498.0
588332725.0
598060114.0
606332199.0
615983142.0
625557285.0
639121480.0
647363129.0
655337216.0
664180168.0
672335461.0
681340153.0
691068958.0
700051353.0
708336887.0
718059675.0
727572591.0
736338035.0
746057638.0
754338571.0
764040124.0
773024289.0
782206646.0
792004819.0
800340255.0
810027651.0
819142765.0
828080567.0
837369453.0
847015441.0
855983680.0
864343536.0
874091806.0
883044118.0
891350180.0
900345670.0
910021387.0
919145702.0
928346818.0
936351342.0
945139791.0
954149438.0
963240485.0
971353308.0
982154479.0
990468680.0
1000118562.0
1009261635.0
1020429817.0
1030300542.0
1040156048.0
1049213120.0
1058135349.0
1067251879.0
1075364702.0
1084224288.0
1093140854.0
1102201465.0
1111186692.0
1120159531.0
1129246685.0
1137393484.0
1145366156.0
1153363602.0
1161363172.0
1170201877.0
1179278768.0
1188136584.0
1196504581.0
1205404514.0
1214411329.0
1224190036.0
1233198975.0
1241367362.0
1251014058.0
1259368606.0
1268027522.0
1277204217.0
1285369419.0
1294061249.0
1303193351.0
1319544637.0
1328403869.0
1338066845.0
1347277870.0
1355372289.0
1363380707.0
1372222951.0
1381099525.0
1390205437.0
1399033525.0
1408028661.0
1416382501.0
1424378178.0
1433375437.0
1441376423.0
1457053144.0
1466224177.0
1475417152.0
1483379914.0
1492016533.0
1500480441.0
1509046631.0
1518056631.0
1526474530.0
1536067431.0
1544432596.0
1553078770.0
1562094080.0
1570381383.0
1579069320.0
1588015262.0
1597337771.0
1606419616.0
1614384856.0
1623136852.0
1632045986.0
1641120399.0
1649483087.0
1658225527.0
1667076973.0
1676122719.0
1685065830.0
1694100958.0
1703064596.0
1712016908.0
1721063008.0
1731223237.0
1740332334.0
1749416657.0
1758064955.0
1767199534.0
1776051688.0
1785061335.0
1793391463.0
1802085770.0
1810490220.0
1819391922.0
1827497666.0
1836948293.0
1845430958.0
1854415831.0
1865252039.0
1873487317.0
1882441753.0
1891463079.0
1900558019.0
1909400264.0
1918282147.0
1927314798.0
1937339830.0
1946097489.0
1955070328.0
1963398332.0
1972036721.0
1981165991.0
1990073356.0
1999933463.0
2008426392.0
2018360468.0
2031187810.0
2039402915.0
2048257192.0
2057113593.0
2066094572.0
2075073428.0
2083403910.0
2092154844.0
2101122374.0
2110079641.0
2119073716.0
2127493030.0
2136232639.0
2148104052.0
2157075122.0
2166093263.0
2175163075.0
2183408263.0
2192039573.0
2201160350.0
2210104168.0
2218418369.0
2226410506.0
2234413969.0
2243125264.0
2252147298.0
2261085808.0
2270548113.0
2279459017.0
2288427610.0
2297235170.0
2306204824.0
2314445765.0
2323444794.0
2340168046.0
2350440466.0
2360039737.0
2369090792.0
2378139370.0
2387124242.0
2396110884.0
2405435517.0
2414355976.0
2424073810.0
2433080979.0
2441424909.0
2450113200.0
2459094179.0
2467450850.0
2476161084.0
2485142417.0
2494090129.0
2503145431.0
2512055627.0
2521143489.0
2530095093.0
2539309658.0
2549140744.0
2558188260.0
2567094563.0
2575424690.0
2584054585.0
2593154480.0
2601425858.0
2609426843.0
2618131414.0
2626431458.0
2635085065.0
2644060028.0
2653190360.0
2662128162.0
2672090551.0
2681233624.0
2689553488.0
2698489874.0
2706430694.0
2714435926.0
2723101212.0
2731432048.0
2740063004.0
2749353660.0
2759138029.0
2768061321.0
2777120162.0
2785434717.0
2793434640.0
2802357931.0
2812154688.0
2821173536.0
2830165133.0
2838472256.0
2847408288.0
2856112859.0
2865224434.0
2874138523.0
2884112238.0
2893192668.0
2901439271.0
2910109512.0
2919225334.0
2928088813.0
2936515205.0
2944499203.0
2954114046.0
2962434264.0
2971088225.0
2979435694.0
2987435972.0
2996069405.0
3004440233.0
3013185504.0
3021439186.0
3029584923.0
3039218878.0
3048071032.0
3056447523.0
3064503719.0
3076065810.0
3085176322.0
3093460795.0
3102106969.0
3110447007.0
3118468519.0
3126447561.0
3135269986.0
3143442267.0
3152061898.0
3160442990.0
3168581648.0
3178470423.0
3186444511.0
3195208539.0
3203526634.0
3211445864.0
3220076113.0
3228479147.0
3236446156.0
3245120644.0
3254147633.0
3262447678.0
3271134907.0
3280067046.0
3288478574.0
3297139259.0
3306242340.0
3315203500.0
3324184479.0
3335124739.0
3343457344.0
3351463284.0
3359452236.0
3368066205.0
3376128064.0
3384476595.0
3393115691.0
3402110827.0
3411207537.0
3419454494.0
3428077664.0
3436456278.0
3445165804.0
3460567179.0
3468457388.0
3476456958.0
3485056416.0
3494143570.0
3502457771.0
3511101822.0
3519458494.0
3528104668.0
3537112899.0
3545489036.0
3553460292.0
3561481097.0
3569463325.0
3578149846.0
3586461569.0
3594462201.0
3604022895.0
3611462569.0
3620078661.0
3628181574.0
3636466754.0
3644463847.0
3652464478.0
3660465817.0
3669126856.0
3678127301.0
3687225427.0
3695497866.0
3703560787.0
3713126082.0
3721467889.0
3730129990.0
3739123710.0
3748090179.0
3756506308.0
3764514372.0
3773158423.0
3782150020.0
3790470945.0
3798570673.0
3808091375.0
3817177114.0
3826076339.0
3834127226.0
3842479650.0
3850473203.0
3859271208.0
3867532322.0
3876480033.0
3885146381.0
3894165230.0
3903279282.0
3911478814.0
3919476614.0
3928112171.0
3936484061.0
3944477260.0
3952477537.0
3960563463.0
3970137252.0
3978478705.0
3986479690.0
3994479260.0
4004480226.0
4012485104.0
4020481135.0
4029137573.0
4037483980.0
4045534514.0
4053502231.0
4062136373.0
4070486320.0
4078482704.0
4086510587.0
4095239932.0
4103487243.0
4112098026.0
4120107859.0
4128551594.0
4137613266.0
4146515676.0
4155239005.0
4163495517.0
4172196549.0
4180487746.0
4188574025.0
4197491299.0
4206239756.0
4214489544.0
4222489114.0
4231134581.0
4239563451.0
4247491176.0
4256106206.0
4264498268.0
4272492529.0
4280491745.0
4289077400.0
4299251077.0
4308142162.0
4316529624.0
4326081824.0
4334182614.0
4342494338.0
4350494969.0
4358497016.0
4367208665.0
4375497385.0
4383889801.0
4393206294.0
4404147615.0
4412531184.0
4421190100.0
4430182051.0
4438498729.0
4446527674.0
4454499638.0
4462499562.0
4470514704.0
4478500471.0
4487188407.0
4495501901.0
4503501824.0
4511503871.0
4520502547.0
4529168187.0
4537503977.0
4546077245.0
4555158029.0
4563504436.0
4572211131.0
4580506574.0
4589070286.0
4598211236.0
4606533223.0
4615149315.0
4624370958.0
4632511032.0
4640508124.0
4648567506.0
4658179872.0
4666995219.0
4674508861.0
4682509846.0
4690509416.0
4699155945.0
4707510492.0
4715511124.0
4723600588.0
4732040430.0
4739513372.0
4748517356.0
4758348796.0
4768045040.0
4776543986.0
4786220411.0
4794514793.0
4804312257.0
4813404012.0
4821539486.0
4831578321.0
4840517538.0
4850368444.0
4859246788.0
4867559573.0
4876548339.0
4885544183.0
4894305027.0
4902518716.0
4910519701.0
4919520146.0
4928147917.0
4936550951.0
4944617057.0
4954177397.0
4963166517.0
4971522480.0
4979522758.0
4987522327.0
4995523313.0
5003523590.0
5011524221.0
5020123679.0
5028524944.0
5037231638.0
5045546547.0
5053526298.0
5061526575.0
5069530392.0
5077549073.0
5085622257.0
5095176935.0
5103530421.0
5111608206.0
5119528498.0
5128151668.0
5136564966.0
5144529498.0
5152529775.0
5161138081.0
5169530852.0
5178069082.0
5187322577.0
5195533081.0
5204532110.0
5212532387.0
5220540451.0
5229197243.0
5237621866.0
5246579487.0
5256185837.0
5264534722.0
5272593042.0
5282213194.0
5290535535.0
5298536520.0
5306579976.0
5315197483.0
5323537520.0
5335191983.0
5344538558.0
5352538128.0
5360538759.0
5369183518.0
5392201879.0
5401474486.0
5412616478.0
5422227074.0
5431207700.0
5439557293.0
5447557216.0
5455554309.0
5473427789.0
5482551750.0
5491375945.0
5500227745.0
5508551148.0
5516577261.0
5524549933.0
5533575860.0
5541547116.0
5549587740.0
5557547671.0
5565547241.0
5574080162.0
5583334719.0
5591549116.0
5599549393.0
5607550025.0
5615551364.0
5624225852.0
5632558457.0
5641036167.0
5650213924.0
5658558916.0
5666567688.0
5674554870.0
5682553378.0
5690553302.0
5699554101.0
5707553670.0
5715620130.0
5723581123.0
5731555210.0
5739555842.0
5747561782.0
5756067098.0
5765227159.0
5773585600.0
5781577737.0
5789557487.0
5797558119.0
5805558396.0
5813609284.0
5822257936.0
5831220512.0
5839559487.0
5848034720.0
5857281845.0
5867560989.0
5875560913.0
5883595874.0
5891565007.0
5899562807.0
5907562730.0
5915563362.0
5924047089.0
5934257574.0
5942568589.0
5950564266.0
5958619754.0
5966629588.0
5975620477.0
5983593857.0
5993600839.0
6001567141.0
6009567064.0
6017575836.0
6026268020.0
6035242275.0
6043597530.0
6052315196.0
6060571001.0
6068575526.0
6077254614.0
6085570939.0
6093597760.0
6102097768.0
6111327196.0
6119578754.0
6128202986.0
6136575938.0
6144624348.0
6152629226.0
6162238407.0
6170575967.0
6178574474.0
6186574752.0
6194624578.0
6203580075.0
6211575398.0
6219576383.0
6228078514.0
6237245299.0
6245577550.0
6253579951.0
6262269658.0
6271232587.0
6279578641.0
6287579626.0
6295579550.0
6304052660.0
6313319603.0
6322251388.0
6331238031.0
6339581961.0
6347611967.0
6356587638.0
6364582961.0
6372590316.0
6380584223.0
6389217657.0
6399143593.0
6407591221.0
6416046988.0
6423585759.0
6432242905.0
6440591790.0
6448587113.0
6457135607.0
6466587295.0
6475246564.0
6483588017.0
6491588294.0
6499588218.0
6508164317.0
6516590356.0
6526236344.0
6534590892.0
6542606034.0
6552260870.0
6560598430.0
6568624543.0
6576605001.0
6584599970.0
6593280120.0
6601600692.0
6610383125.0
6619453999.0
6628379060.0
6637635740.0
6647508234.0
6656371006.0
6665380653.0
6674525495.0
6683388267.0
6692216354.0
6699597632.0
6707597910.0
6715624731.0
6724598632.0
6733606509.0
6741622005.0
6749599986.0
6758093623.0
6767269610.0
6775630882.0
6783601430.0
6791602062.0
6799601631.0
6807602263.0
6815630500.0
6823602818.0
6831977539.0
6841353489.0
6849603631.0
6857604262.0
6865631792.0
6873604464.0
6881605095.0
6889608912.0
6898097593.0
6910100310.0
6918607042.0
6928249491.0
6938443341.0
6946608190.0
6955641195.0
6965431581.0
6974447952.0
6982609262.0
6992377351.0
7000611213.0
7010467074.0
7019429649.0
7028280742.0
7038434246.0
7049459800.0
7057613677.0
7067101818.0
7076495110.0
7085445299.0
7094073424.0
7103435571.0
7112385406.0
7120616083.0
7130311619.0
7140430794.0
7148617585.0
7157638911.0
7167534056.0
7177508832.0
7189499870.0
7197621895.0
7207051286.0
7216030496.0
7224272498.0
7233630045.0
7242306302.0
7250621211.0
7259285082.0
7267626181.0
7276118402.0
7284060991.0
7293288296.0
7301625856.0
7309624717.0
7318068806.0
7326273647.0
7334625363.0
7342624579.0
7351139805.0
7359626717.0
7368276785.0
7376626732.0
7384631256.0
7393120292.0
7400627210.0
7408628549.0
7417130680.0
7424635121.0
7433629549.0
7442122478.0
7451635040.0
7460246177.0
7467637364.0
7485287169.0
7494294692.0
7503499347.0
7512285318.0
7521441840.0
7529633233.0
7538327894.0
7547294009.0
7555634754.0
7564346403.0
7573373745.0
7582288543.0
7591314469.0
7600263950.0
7609348273.0
7618311911.0
7627285812.0
7636264314.0
7645355008.0
7654295641.0
7663317321.0
7672253707.0
7680038803.0
7687642340.0
7696641723.0
7706485197.0
7715477856.0
7724130755.0
7735563666.0
7745126838.0
7754134007.0
7763479874.0
7771644015.0
7781473686.0
7790494304.0
7798645350.0
7807645795.0
7817483959.0
7826520858.0
7837117111.0
7846470764.0
7855464839.0
7864049078.0
7873123845.0
7882490240.0
7891092882.0
7900113854.0
7909521303.0
7918480694.0
7927311613.0
7937483520.0
7946498830.0
7955066789.0
7964106519.0
7973496979.0
7982504856.0
7991113162.0
8000434609.0
8010562985.0
8019556705.0
8030209231.0
8039087221.0
8048437689.0
8057495115.0
8066092803.0
8075078029.0
8084473799.0
8093093784.0
8102093875.0
8111501323.0
8120450804.0
8129326316.0
8139573254.0
8149256758.0
8159500511.0
8168048296.0
8177535730.0
8186215527.0
8196070680.0
8205497947.0
8214554665.0
8223308076.0
8233142348.0
8242083335.0
8251504940.0
8260598111.0
8270177209.0
8279089175.0
8288466541.0
8298117130.0
8307582267.0
8316137485.0
8326003255.0
8335497413.0
8344092624.0
8353132353.0
8362496624.0
8371486098.0
8380105729.0
8389548215.0
8398495218.0
8407098923.0
8416047342.0
8426532466.0
8446439903.0
8455366025.0
8464306658.0
8473394166.0
8482352141.0
8491374529.0
8500309853.0
8509399485.0
8518340826.0
8527077957.0
8536198026.0
8545471694.0
8554181574.0
8563138841.0
8572238382.0
8581170521.0
8590123541.0
8599132834.0
8608186720.0
8617200260.0
8630197127.0
8639975480.0
8648157317.0
8657073176.0
8665261029.0
8673356156.0
8682349168.0
8691467467.0
8700281398.0
8709217431.0
8717363522.0
8727347500.0
8736156122.0
8745077290.0
8754142501.0
8763260800.0
8772186569.0
8781187721.0
8790179318.0
8799252670.0
8808141277.0
8817265239.0
8827111898.0
8836286115.0
8845310273.0
8854144377.0
8863114385.0
8872160485.0
8881165885.0
8890158544.0
8899118288.0
8908301708.0
8917232431.0
8927242599.0
8936106078.0
8945199957.0
8954205357.0
8963139619.0
8972196691.0
8981157497.0
8990208552.0
8999123703.0
9008064336.0
9017128486.0
9027307118.0
9036404536.0
9045068760.0
9054137865.0
9063238822.0
9072335532.0
9081121504.0
9090130089.0
9099258651.0
9108301566.0
9117191589.0
9127135929.0
9136173889.0
9145190614.0
9154132308.0
9163110810.0
9172184162.0
9181321926.0
9190133026.0
9199178064.0
9208221333.0
9217217177.0
9227149130.0
9236254334.0
9245209123.0
9254218416.0
9263113394.0
9272072431.0
9281511732.0
9290532350.0
9299095000.0
9308105709.0
9317545364.0
9327322301.0
9336495811.0
9345092791.0
9354091113.0
9363587394.0
9372551740.0
9383131713.0
9393519863.0
9402506505.0
9411171438.0
9420596228.0
9429345039.0
9439494296.0
9448471028.0
9457180908.0
9466508017.0
9475083409.0
9491130327.0
9499323135.0
9508295974.0
9516164595.0
9524295113.0
9532401212.0
9541426785.0
9550348660.0
9559333887.0
9568295401.0
9576130045.0
9584052815.0
9593099269.0
9601389404.0
9610094683.0
9618089652.0
9626144078.0
9635096744.0
9643331314.0
9652056059.0
9661519072.0
9670106497.0
9678339651.0
9687175171.0
9695100772.0
9703081938.0
9711172110.0
9719105144.0
9727230353.0
9736334850.0
9745141702.0
9753114374.0
9761102973.0
9769398770.0
9778103695.0
9786125207.0
9794084077.0
9802343775.0
9811084799.0
9819178510.0
9827485633.0
9836128977.0
9845367607.0
9854116771.0
9862092629.0
9870101046.0
9878131407.0
9886381903.0
9895331738.0
9904305285.0
9913397040.0
9922376250.0
9932402344.0
9941386155.0
9950373151.0
9959349884.0
9968301134.0
9977381564.0
9986379532.0
9995341754.0
10004298667.0
10012191000.0
10020495291.0
10029347091.0
10039505196.0
10049531998.0
10058285410.0
10069633381.0
10079108782.0
10088468452.0
10097570471.0
10106132767.0
10115514380.0
10124166217.0
10134514729.0
10143587019.0
10152083487.0
10161097381.0
10170511554.0
10179599770.0
10188191795.0
10197506872.0
10207587469.0
10216060579.0
10226515266.0
10235101982.0
10244464838.0
10253515539.0
10263100299.0
10272502085.0
10281095526.0
10290524210.0
10299614195.0
10308076334.0
10317100845.0
10327102873.0
10336069696.0
10347563835.0
10356096402.0
10365098263.0
10374515621.0
10383185154.0
10392090396.0
10401512001.0
10410544652.0
10420236649.0
10429538985.0
10439398384.0
10448314597.0
10457366714.0
10466408213.0
10486512073.0
10495568437.0
10504334235.0
10513415019.0
10522364500.0
10532323704.0
10541429262.0
10550445633.0
10559372464.0
10568315574.0
10577369460.0
10586403173.0
10595373535.0
10604413973.0
10613370178.0
10623285143.0
10632145083.0
10641179150.0
10650171454.0
10659543511.0
10668385402.0
10677084664.0
10686139966.0
10695254018.0
10704127053.0
10713108386.0
10722178199.0
10731591310.0
10741458142.0
10750389219.0
10759653685.0
10769466722.0
10778438146.0
10787370639.0
10796418862.0
10805371882.0
10814414797.0
10823370295.0
10832422411.0
10841417548.0
10850426133.0
10859369243.0
10868315539.0
10878373485.0
10887467364.0
10897156884.0
10906137156.0
10915140432.0
10924545757.0
10936349927.0
10945277111.0
10953379316.0
10962368790.0
10971495229.0
10980356938.0
10989371540.0
10998367384.0
11007444629.0
11016354471.0
11026288547.0
11035559738.0
11044284836.0
11053327751.0
11062147344.0
11071144958.0
11080181856.0
11089179116.0
11098196548.0
11107120901.0
11116280609.0
11126170445.0
11135152486.0
11146235021.0
11154386420.0
11163448447.0
11173127703.0
11182180173.0
11191197252.0
11200188849.0
11209180092.0
11218144792.0
11227424477.0
11236180719.0
11245337241.0
11254183379.0
11263564637.0
11272263899.0
11281193207.0
11290137379.0
11299127207.0
11310192045.0
11319280261.0
11328441384.0
11337097822.0
11346166927.0
11355288765.0
11364148705.0
11373210732.0
11382204098.0
11391181892.0
11400091027.0
11408472118.0
11417135989.0
11426371434.0
11436599615.0
11447454581.0
11456476968.0
11465110402.0
11474135267.0
11483533868.0
11501119260.0
11510173500.0
11519521491.0
11529117577.0
11538104927.0
11547601208.0
11556094491.0
11565522821.0
11574539900.0
11583201293.0
11592103703.0
11604127300.0
11614546950.0
11623507402.0
11632075715.0
11641610927.0
11650544128.0
11659098639.0
11668316742.0
11678536782.0
11687523424.0
11696067671.0
11705519359.0
11714550241.0
11723111122.0
11732323209.0
11744083139.0
11753529872.0
11762574203.0
11771114556.0
11780495815.0
11789123586.0
11798563241.0
11807522278.0
11816068294.0
11826018296.0
11835603057.0
11844123945.0
11853131469.0
11862555905.0
11871627487.0
11880123601.0
11889547330.0
11898120598.0
11907604846.0
11916564237.0
11926151829.0
11935186604.0
11944548397.0
11953157765.0
11962111492.0
11971512571.0
11980597248.0
11989162729.0
11998523107.0
12007109824.0
12016485774.0
12026560355.0
12038229328.0
12047398945.0
12057465386.0
12066386199.0
12075454596.0
12084358776.0
12093595283.0
12102379485.0
12111504862.0
12120384976.0
12129380112.0
12138374186.0
12147472666.0
12156467448.0
12174440732.0
12183323323.0
12192191757.0
12201119649.0
12210298114.0
12219266352.0
12228415088.0
12237289893.0
12246610278.0
12255281227.0
12264382538.0
12273149398.0
12282168246.0
12291409708.0
12300287698.0
12309093843.0
12318156223.0
12327136141.0
12336284523.0
12345103055.0
12354155171.0
12363281964.0
12372145444.0
12381192605.0
12390190573.0
12399265694.0
12408136252.0
12417331704.0
12428440429.0
12437211536.0
12446242771.0
12455151906.0
12464092539.0
12473121651.0
12482238888.0
12491209958.0
12500105644.0
12509177226.0
12524365897.0
12536413915.0
12545124856.0
12554467892.0
12564416832.0
12573074686.0
12581123804.0
12590640613.0
12600182550.0
12609585751.0
12618526384.0
12629313045.0
12640147130.0
12649587493.0
12658123245.0
12667103517.0
12676504949.0
12685164572.0
12694554679.0
12704490171.0
12713550074.0
12723237470.0
12732422659.0
12742118903.0
12751522813.0
12761139072.0
12770156859.0
12779531393.0
12788072809.0
12797572983.0
12806557148.0
12815124399.0
12824503535.0
12834132535.0
12843542107.0
12852540428.0
12861117943.0
12870141393.0
12879617147.0
12888560612.0
12897116538.0
12906541682.0
12915632375.0
12924167067.0
12934117423.0
12943522040.0
12953114587.0
12962256244.0
12971178474.0
12980296419.0
12989313852.0
12998253423.0
13007167512.0
13016104606.0
13026153705.0
13035330754.0
13044296515.0
13053169904.0
13062188045.0
13071308113.0
13081248914.0
13090164772.0
13099160616.0
13108206009.0
13117599301.0
13127444544.0
13138396129.0
13147358705.0
13156197764.0
13164326159.0
13173387124.0
13182131333.0
13190142936.0
13198129411.0
13206147030.0
13214138459.0
13222132720.0
13231128564.0
13239540446.0
13248109467.0
13256328111.0
13265369256.0
13274216809.0
13283124882.0
13291163737.0
13299201883.0
13307125361.0
13315115021.0
13323200946.0
13331388799.0
13340389598.0
13349135577.0
13357422526.0
13366142670.0
13374133037.0
13382205160.0
13391427864.0
13400081117.0
13408093074.0
13416106800.0
13424092921.0
13432329615.0
13441241934.0
13450137266.0
13458134358.0
13466150562.0
13475375744.0
13484161715.0
13500496721.0
13509137587.0
13517139634.0
13526087345.0
13534128323.0
13542123646.0
13550280354.0
13558382560.0
13567122168.0
13575201723.0
13583123077.0
13591149544.0
13599451005.0
13608104258.0
13616083300.0
13624081454.0
13632111815.0
13641078991.0
13649386114.0
13658140941.0
13666130247.0
13674141496.0
13682139296.0
13690134619.0
13698140205.0
13706273201.0
13716154190.0
13724434415.0
13734128536.0
13742182962.0
13750130152.0
13758126537.0
13766142033.0
13775199104.0
13783122228.0
13791511459.0
13800364675.0
13809374676.0
13818380429.0
13828346004.0
13837427495.0
13846385470.0
13855357956.0
13864325840.0
13872134649.0
13880499107.0
13889147405.0
13898578212.0
13907125644.0
13916566714.0
13926470000.0
13936204467.0
13945196418.0
13954145545.0
13963161208.0
13972211909.0
13981263318.0
13990173868.0
13999154140.0
14008207672.0
14017188652.0
14027054422.0
14036105477.0
14045184137.0
14054396932.0
14063254394.0
14072126368.0
14081128936.0
14090388448.0
14099189284.0
14108228659.0
14117127176.0
14127331644.0
14136189107.0
14145109567.0
14154274229.0
14163341210.0
14172210352.0
14181109223.0
14192301117.0
14201146547.0
14210560012.0
14220492672.0
14229409239.0
14238392342.0
14248212103.0
14256594964.0
14265397570.0
14274389875.0
14283545335.0
14292381916.0
14301408551.0
14310396609.0
14319482701.0
14329475528.0
14338193193.0
14347157185.0
14356346975.0
14365372548.0
14374178693.0
14383191525.0
14392269477.0
14401203032.0
14410168793.0
14419170653.0
14429505009.0
14438260544.0
14447167908.0
14456139332.0
14467347861.0
14476346182.0
14485218155.0
14494159142.0
14503178699.0
14512200379.0
14521212149.0
14530476969.0
14539149334.0
14548213483.0
14566276662.0
14575151467.0
14584252424.0
14593202259.0
14604185343.0
14613162075.0
14622171014.0
14631309840.0
14640186060.0
14649139081.0
14658460528.0
14667311974.0
14676204120.0
14685177667.0
14693553450.0
14702195024.0
14711558941.0
14720102834.0
14730552919.0
14739626625.0
14750170499.0
14759575470.0
14768085387.0
14777567158.0
14786577866.0
14795138747.0
14804092829.0
14813555135.0
14822174058.0
14831380128.0
14841582119.0
14850553896.0
14859218829.0
14868533905.0
14877149289.0
14888522742.0
14897568843.0
14906170778.0
14915640869.0
14924204936.0
14934547077.0
14944223856.0
14953369406.0
14962157855.0
14971154053.0
14980217495.0
14989343580.0
14998190780.0
15007151586.0
15018135024.0
15027576802.0
15036238549.0
15045103090.0
15054185290.0
15063340396.0
15072177685.0
15081126812.0
15090187777.0
15099317401.0
15108410572.0
15117250339.0
15127100183.0
15136226976.0
15145214680.0
15156235633.0
15165204225.0
15174193345.0
15183308105.0
15192365176.0
15201146901.0
15210186276.0
15219342444.0
15228546745.0
15237123552.0
15246338116.0
15255316972.0
15264335467.0
15273140904.0
15282194436.0
15295437276.0
15304398436.0
15313485944.0
15322408527.0
15331396939.0
15340481262.0
15349462595.0
15359500723.0
15369410733.0
15378429581.0
15387543633.0
15396408528.0
15405422422.0
15414439855.0
15423540812.0
15432412431.0
15441453930.0
15450410489.0
15459628947.0
15468524278.0
15477414301.0
15486415808.0
15495482435.0
15512398926.0
15521432285.0
15530452195.0
15539413001.0
15548422648.0
15557416722.0
15566522280.0
15576133585.0
15589448623.0
15598268570.0
15606438020.0
15615496861.0
15624410242.0
15633403963.0
15642405469.0
15651516690.0
15660494838.0
15669404681.0
15678673040.0
15687484140.0
15696439991.0
15705408230.0
15714424955.0
15723487689.0
15732452034.0
15741458142.0
15750421072.0
15759493361.0
15768426562.0
15777408249.0
15786432053.0
15795497972.0
15804455947.0
15813416046.0
15822427816.0
15831522402.0
15840434722.0
15849425611.0
15858422871.0
15867496576.0
15876451012.0
15885425267.0
15894446593.0
15903547196.0
15912446421.0
15921415721.0
15930439171.0
15939491641.0
15948502704.0
15957423164.0
15966444843.0
15975488820.0
15984437947.0
15993422820.0
16002446269.0
16011494139.0
16020514403.0
16029597664.0
16038496181.0
16047521754.0
16056474420.0
16065440889.0
16074436025.0
16083506545.0
16092330032.0
16101430281.0
16132706217.0
16142486339.0
16151309826.0
16159305503.0
16185349140.0
16194318794.0
16202298190.0
16210277587.0
16218444559.0
16227594002.0
16236384575.0
16246328561.0
16254465804.0
16263361843.0
16271628620.0
16280452106.0
16291443684.0
16300343617.0
16309477842.0
16318324333.0
16326542977.0
16335691005.0
16345325668.0
16353569440.0
16362607754.0
16371698447.0
16381475738.0
16390288608.0
16398497342.0
16407640061.0
16418437693.0
16427425397.0
16436104486.0
16444253054.0
16453135645.0
16462218552.0
16470155479.0
16478443490.0
16487147353.0
16495425455.0
16504130380.0
16512129949.0
16520123148.0
16529151553.0
16537438502.0
16546430453.0
16555133608.0
16563233690.0
16571170971.0
16579179388.0
16588194697.0
16596432807.0
16605157197.0
16613149688.0
16621437346.0
16631208974.0
16639426556.0
16648108476.0
16656130697.0
16664130620.0
16672454023.0
16683254132.0
16692131060.0
16700165314.0
16708170192.0
16717441029.0
16726099237.0
16734152956.0
16742173407.0
16750153865.0
16758173254.0
16766190165.0
16774152220.0
16783434028.0
16792105685.0
16800191610.0
16809154894.0
16817228786.0
16826453613.0
16835153583.0
16843136519.0
16851273762.0
16860446918.0
16869170600.0
16877155306.0
16885206193.0
16893160461.0
16901157554.0
16909244187.0
16917051226.0
16926113252.0
16934187498.0
16943152905.0
16951142211.0
16959247956.0
16967151260.0
16975138443.0
16983230031.0
16991229600.0
17000444518.0
17009153336.0
17017195730.0
17026085399.0
17034152567.0
17042170186.0
17050155245.0
17059162060.0
17068453424.0
17077216038.0
17085147655.0
17093157488.0
17101199528.0
17109146010.0
17117158321.0
17126169737.0
17136170703.0
17144449513.0
17153156561.0
17161198247.0
17169150038.0
17177160933.0
17186464684.0
17195169963.0
17203146528.0
17211234930.0
17219185306.0
17228187520.0
17236487919.0
17245198152.0
17253209401.0
17261161900.0
17269480702.0
17278162268.0
17286240053.0
17295252885.0
17303245730.0
17312460649.0
17323139011.0
17331484356.0
17340190697.0
17348108866.0
17356241862.0
17364140565.0
17372208087.0
17381460874.0
17390209684.0
17398152627.0
17406187943.0
17414174417.0
17422162662.0
17430598256.0
17440109402.0
17449468364.0
17458465978.0
17467182936.0
17475236655.0
17483160840.0
17491187307.0
17499231470.0
17507470995.0
17526090531.0
17534195567.0
17542472607.0
17551144972.0
17559334595.0
17568481207.0
17579081707.0
17589150979.0
17597196204.0
17605199667.0
17613154997.0
17621190666.0
17629481155.0
17638161659.0
17646474445.0
17655304302.0
17663474106.0
17672107185.0
17680131883.0
17688140301.0
17696116512.0
17704143333.0
17712441608.0
17721474613.0
17730476120.0
17739241210.0
17747167519.0
17755149747.0
17763235672.0
17771482983.0
17780121018.0
17788205527.0
17797485212.0
17806155453.0
17814204217.0
17822172642.0
17830480119.0
17840665475.0
17849483300.0
17858175483.0
17866165851.0
17874232665.0
17883487929.0
17892152862.0
17900179329.0
17908113424.0
17916186962.0
17924143000.0
17932484807.0
17941283519.0
17949215137.0
17958486682.0
17967255312.0
17975160740.0
17983144029.0
17991277379.0
17999240849.0
18008486912.0
18017156091.0
18026125745.0
18034190436.0
18042158861.0
18050171879.0
18058165786.0
18066160755.0
18074202087.0
18082218998.0
18091527350.0
18100131055.0
18108185835.0
18116118515.0
18124335743.0
18133204177.0
18141496789.0
18150162430.0
18158186065.0
18166177849.0
18174530981.0
18183239799.0
18191194421.0
18199144796.0
18207239569.0
18215163047.0
18223176419.0
18234582787.0
18243285588.0
18252232946.0
18261566426.0
18270163052.0
18279653671.0
18288504410.0
18298165970.0
18307559262.0
18316634029.0
18326188353.0
18335571735.0
18344531480.0
18353165621.0
18362187655.0
18373208962.0
18382575002.0
18391586773.0
18400174197.0
18409618453.0
18418163762.0
18428244359.0
18437579255.0
18446222952.0
18455158276.0
18464548383.0
18473159520.0
18482608731.0
18491197925.0
18500144574.0
18509243762.0
18517538144.0
18526368355.0
18535146894.0
18543512413.0
18552515336.0
18561555419.0
18570511271.0
18579569050.0
18588174878.0
18596179757.0
18604511654.0
18613548906.0
18622161812.0
18631569615.0
18640649691.0
18649213049.0
18658179164.0
18669220644.0
18678167294.0
18687546783.0
18696550059.0
18706187553.0
18715556071.0
18724151282.0
18734229048.0
18743577746.0
18752630217.0
18761193575.0
18770605625.0
18781646043.0
18790168347.0
18799156405.0
18808637114.0
18817209674.0
18826358056.0
18837078534.0
18845601900.0
18854182600.0
18863578015.0
18872212865.0
18881583860.0
18890626421.0
18899163943.0
18907526277.0
18919430251.0
18928529085.0
18938190645.0
18947582521.0
18956623313.0
18965171099.0
18974601552.0
18983570852.0
18992219504.0
19001163322.0
19009534504.0
19018165814.0
19026172816.0
19034184773.0
19042171602.0
19050170109.0
19060226287.0
19068170645.0
19076252677.0
19084306396.0
19093538656.0
19102534854.0
19111155547.0
19119240764.0
19127545410.0
19136253874.0
19144228315.0
19152160287.0
19160229578.0
19168240119.0
19177548471.0
19186596341.0
19195180934.0
19203247748.0
19211166624.0
19219154515.0
19227465885.0
19236637979.0
19245626391.0
19254164975.0
19262196043.0
19270543866.0
19279183671.0
19287242698.0
19295578842.0
19304223601.0
19313289874.0
19322554341.0
19331190252.0
19340176540.0
19348227782.0
19356204701.0
19364221612.0
19372256219.0
19380185360.0
19388563266.0
19397169094.0
19405216796.0
19413185221.0
19421173466.0
19429552787.0
19438169233.0
19446237109.0
19454315956.0
19464249678.0
19472549722.0
19481169707.0
19489213516.0
19497195036.0
19505169478.0
19513297519.0
19529165709.0
19537334805.0
19547172616.0
19555553353.0
19564214392.0
19572251123.0
19580250339.0
19588227612.0
19596205946.0
19606213991.0
19614588358.0
19623264615.0
19631222069.0
19639253491.0
19647251291.0
19655338632.0
19663259278.0
19671566755.0
19680277697.0
19688324337.0
19696230119.0
19704237121.0
19712250847.0
19721562384.0
19730200419.0
19738203528.0
19746211591.0
19754227087.0
19762200113.0
19770455918.0
19780239226.0
19788585987.0
19798201185.0
19806200754.0
19814225098.0
19822207326.0
19830573553.0
19839263967.0
19847186737.0
19855262752.0
19865179840.0
19873218695.0
19881264981.0
19889191998.0
19897222005.0
19905365618.0
19914606726.0
19926121392.0
19934228906.0
19942267053.0
19950206457.0
19958195763.0
19966273902.0
19974233833.0
19982342763.0
19992263390.0
20000581130.0
