3541640.0
13257703.0
22094993.0
46308883.0
60327861.0
73006203.0
82424269.0
179071019.0
188079250.0
197047842.0
206323280.0
214978303.0
224389644.0
233018477.0
242007243.0
252332750.0
261271260.0
271318589.0
280277980.0
290973683.0
301275125.0
310354493.0
320107718.0
329377139.0
338338299.0
347008894.0
356073044.0
365330786.0
374010936.0
382976343.0
392467316.0
402031196.0
411527477.0
421018450.0
430104189.0
439453949.0
450028968.0
459296619.0
468054985.0
477050122.0
486348564.0
495296983.0
504958190.0
514972959.0
524428894.0
533116831.0
542569227.0
552031886.0
561371383.0
570379260.0
578979071.0
588040390.0
599297759.0
608325101.0
618036918.0
627454276.0
636040285.0
645362794.0
654032327.0
662978977.0
672342894.0
681460131.0
690271938.0
700333424.0
709571701.0
718982335.0
728078691.0
737362269.0
746215838.0
755253798.0
765364125.0
774345104.0
782984200.0
792358381.0
801049503.0
810592148.0
820065425.0
829337677.0
838475442.0
847037384.0
856373696.0
865339103.0
874113749.0
883028546.0
892352470.0
901178789.0
910983331.0
920110124.0
929207188.0
938382468.0
948351228.0
957079157.0
966045626.0
974985905.0
984033775.0
993058640.0
1002043866.0
1011460870.0
1020074839.0
1029060065.0
1038048123.0
1048282320.0
1057064399.0
1067209763.0
1076083505.0
1085032279.0
1094018921.0
1112326656.0
1121275429.0
1130036980.0
1139015128.0
1148084233.0
1157040085.0
1166046900.0
1174993196.0
1184076103.0
1193025584.0
1202033107.0
1210995329.0
1220394637.0
1229037273.0
1238022499.0
1246994631.0
1256105852.0
1265029851.0
1274025341.0
1283000304.0
1292204250.0
1301033046.0
1310992604.0
1320079050.0
1329081973.0
1338044195.0
1347097727.0
1356045792.0
1365074550.0
1374044204.0
1382987669.0
1392051111.0
1402129231.0
1411299555.0
1420071724.0
1429031115.0
1438119331.0
1447041914.0
1456032096.0
1465053068.0
1474112970.0
1483015380.0
1492033167.0
1501053785.0
1511238788.0
1520117132.0
1529032283.0
1538030958.0
1547022909.0
1557349478.0
1566035999.0
1574994682.0
1584040782.0
1593057153.0
1602050520.0
1611258713.0
1620072291.0
1629131132.0
1638041682.0
1647015937.0
1656292436.0
1665067083.0
1674040276.0
1683017716.0
1692039750.0
1701072755.0
1710286258.0
1718986935.0
1728048962.0
1737166199.0
1746290161.0
1754993316.0
1764289281.0
1773047647.0
1782039598.0
1790990494.0
1799990585.0
1809055089.0
1818048102.0
1827025542.0
1836366454.0
1845369377.0
1854038556.0
1863298421.0
1872041569.0
1881420351.0
1890359568.0
1898991586.0
1909044932.0
1918467245.0
1927017508.0
1936352050.0
1945039279.0
1954124664.0
1963021411.0
1972043799.0
1981034334.0
1990118303.0
1999023545.0
2008319510.0
2018061055.0
2026999565.0
2036088489.0
2045037262.0
2054036291.0
2063000636.0
2072083898.0
2081030901.0
2090030992.0
2099049487.0
2108094525.0
2117040467.0
2126028525.0
2135005257.0
2144087810.0
2153033752.0
2162029596.0
2171053753.0
2180085697.0
2189061368.0
2198039870.0
2207005631.0
2216335572.0
2225038373.0
2234035633.0
2242999624.0
2253314868.0
2262042797.0
2270994402.0
2280046164.0
2289082001.0
2298069351.0
2307249585.0
2316293208.0
2327281954.0
2336205246.0
2345449539.0
2354150217.0
2363259668.0
2372405572.0
2383188339.0
2392369989.0
2401216127.0
2410256564.0
2419347612.0
2428164728.0
2437300723.0
2446240648.0
2455294534.0
2466223823.0
2475270277.0
2484334780.0
2493311159.0
2505560909.0
2517238023.0
2527146971.0
2536482574.0
2547400184.0
2561457384.0
2572150611.0
2581118495.0
2590391810.0
2599169641.0
2608161592.0
2617367662.0
2626252023.0
2635300246.0
2646196975.0
2655269264.0
2664171674.0
2673332090.0
2682176457.0
2691271752.0
2700167791.0
2709212122.0
2720318369.0
2730228732.0
2742470342.0
2753359992.0
2763265401.0
2772319641.0
2781174980.0
2790315576.0
2799138001.0
2808172068.0
2817331067.0
2826189592.0
2835158538.0
2845406892.0
2855272308.0
2866304586.0
2875366259.0
2884156831.0
2893305921.0
2902256818.0
2911147902.0
2920364944.0
2929185953.0
2938252580.0
2947293726.0
2958212397.0
2967277962.0
2976174356.0
2985478461.0
2994171706.0
3003273371.0
3013307252.0
3022248946.0
3033302106.0
3043304488.0
3052210083.0
3061309270.0
3070287065.0
3079315115.0
3088163376.0
3097374401.0
3118371546.0
3128241917.0
3138194751.0
3147263147.0
3156315264.0
3165338359.0
3176278973.0
3186317455.0
3195118645.0
3204381342.0
3213188548.0
3222318880.0
3231116177.0
3240173249.0
3251185708.0
3260327719.0
3270369032.0
3279118550.0
3288350456.0
3297180667.0
3306175095.0
3315293394.0
3324168907.0
3333353388.0
3344259672.0
3353384696.0
3362157572.0
3371270209.0
3380223229.0
3389307552.0
3399145716.0
3411150203.0
3420363351.0
3429206657.0
3439173648.0
3448313889.0
3457159673.0
3466409983.0
3477238405.0
3487302014.0
3496182482.0
3505493665.0
3514250969.0
3523303086.0
3532161611.0
3541337952.0
3550293095.0
3559577735.0
3571517809.0
3585047320.0
3594176944.0
3607410936.0
3617335456.0
3626171684.0
3635294938.0
3644217875.0
3653312107.0
3662155767.0
3671275128.0
3682308114.0
3693346763.0
3702172727.0
3712314906.0
3721294824.0
3731568305.0
3741370724.0
3750170853.0
3759267917.0
3768187669.0
3777336051.0
3786171570.0
3795340479.0
3805470979.0
3815343474.0
3825343732.0
3837343971.0
3848312898.0
3858335100.0
3867143722.0
3876365010.0
3885345282.0
3894170538.0
3903269018.0
3913165225.0
3922398193.0
3933243249.0
3943338357.0
3952180248.0
3962332336.0
3973528478.0
3984210379.0
3993419634.0
4002211976.0
4012169765.0
4021314961.0
4030251701.0
4039332485.0
4048171544.0
4057167742.0
4066395401.0
4077241520.0
4087152237.0
4096320438.0
4105409362.0
4115421300.0
4124240186.0
4133347867.0
4144189738.0
4153421291.0
4162330779.0
4172372092.0
4181164434.0
4190307507.0
4199134179.0
4208374225.0
4219209018.0
4228328025.0
4237174516.0
4246262378.0
4255370768.0
4264495083.0
4273178773.0
4282407140.0
4291159843.0
4300322736.0
4309316456.0
4318260629.0
4327316992.0
4338205226.0
4347274685.0
4356185589.0
4365363346.0
4374190726.0
4383272218.0
4392174981.0
4406197498.0
4415310489.0
4424253245.0
4434342336.0
4443129016.0
4452330839.0
4461225463.0
4471534336.0
4481332862.0
4490171214.0
4499311809.0
4508386931.0
4517173256.0
4526170870.0
4535310758.0
4548212422.0
4557349124.0
4566176504.0
4575341874.0
4584379834.0
4601365692.0
4631530684.0
4641347968.0
4650181718.0
4659327976.0
4668185439.0
4677329574.0
4686065289.0
4697057575.0
4706611545.0
4716614989.0
4726454569.0
4735074554.0
4744057303.0
4753369194.0
4762457764.0
4771044481.0
4780372298.0
4789366727.0
4798146328.0
4807328332.0
4817446798.0
4826055104.0
4835048116.0
4846462978.0
4855418829.0
4864104643.0
4873491918.0
4882451663.0
4891041211.0
4900056874.0
4909603058.0
4919021478.0
4928422556.0
4937054574.0
4946078377.0
4955441586.0
4965117303.0
4975075092.0
4984379197.0
4993422819.0
5002167029.0
5011313641.0
5021603403.0
5031009790.0
5040088804.0
5049478203.0
5059303273.0
5069187093.0
5078600558.0
5088074897.0
5097070033.0
5106321404.0
5123313633.0
5132362564.0
5141058995.0
5150048822.0
5161065882.0
5170176749.0
5179041998.0
5188062970.0
5197061291.0
5208329278.0
5218395718.0
5227045432.0
5236061803.0
5245056586.0
5254142678.0
5263069508.0
5272096143.0
5281079600.0
5290146227.0
5299065979.0
5308320890.0
5317062622.0
5326177736.0
5335360093.0
5345377340.0
5354063861.0
5363097928.0
5372515286.0
5382064655.0
5391017321.0
5400381946.0
5410147204.0
5419046429.0
5428379555.0
5437375045.0
5446144383.0
5456978114.0
5466397949.0
5475023597.0
5484070051.0
5493431844.0
5502386280.0
5511262500.0
5521377782.0
5530457150.0
5539043866.0
5548066608.0
5557371421.0
5566146421.0
5575362755.0
5584064494.0
5593090775.0
5602466371.0
5614156226.0
5623116324.0
5632374774.0
5642321237.0
5651158527.0
5660381585.0
5669174635.0
5678169771.0
5687294441.0
5696226580.0
5705090059.0
5716376449.0
5726334945.0
5735145691.0
5744380428.0
5753291686.0
5762317967.0
5771144285.0
5780380084.0
5789175966.0
5798172164.0
5808487407.0
5819589761.0
5829356081.0
5838195848.0
5847318748.0
5856191783.0
5865467220.0
5874216031.0
5883285843.0
5894459688.0
5905312885.0
5914373141.0
5924266163.0
5933359688.0
5942165833.0
5951288379.0
5962372683.0
5972501767.0
5981182625.0
5990312957.0
5999155201.0
6008238463.0
6018188111.0
6029225344.0
6039384865.0
6049367781.0
6058279393.0
6068398213.0
6077340970.0
6086320534.0
6095145790.0
6105624189.0
6117333863.0
6127322089.0
6136187337.0
6145328995.0
6154368724.0
6165567697.0
6177257906.0
6187611727.0
6197338762.0
6206174989.0
6216180202.0
6225203298.0
6235289558.0
6245540743.0
6255297861.0
6264232123.0
6273356085.0
6282191605.0
6291310612.0
6300191787.0
6309204265.0
6320309450.0
6330216982.0
6339291749.0
6348196283.0
6357385011.0
6366195049.0
6375343785.0
6386229188.0
6395323775.0
6405152737.0
6414340050.0
6423137347.0
6432340940.0
6441335368.0
6452281291.0
6461352519.0
6470224492.0
6479296074.0
6488242016.0
6498194496.0
6507157425.0
6517067081.0
6526495411.0
6535371631.0
6544068416.0
6553451090.0
6562492943.0
6571310767.0
6581066470.0
6590371990.0
6599027013.0
6608373942.0
6618413131.0
6627350933.0
6636115669.0
6645423667.0
6654074089.0
6663332539.0
6672394211.0
6681087457.0
6690385899.0
6699066050.0
6709384479.0
6718471633.0
6727077816.0
6736072244.0
6745463766.0
6754463503.0
6763054467.0
6774407039.0
6783338117.0
6792078079.0
6801408728.0
6810329542.0
6820429958.0
6829384394.0
6838159748.0
6847078438.0
6856448726.0
6865073312.0
6874157281.0
6883365474.0
6892383969.0
6901074383.0
6910403616.0
6921556934.0
6931084360.0
6940073834.0
6949383247.0
6958521366.0
6967088617.0
6976386706.0
6985489078.0
6994166044.0
7003054651.0
7013070128.0
7022308758.0
7031035272.0
7040117472.0
7049069784.0
7058074476.0
7067098987.0
7076145795.0
7085074041.0
7094064222.0
7103050156.0
7113090761.0
7130172530.0
7139036717.0
7148124933.0
7157078661.0
7166387367.0
7175161660.0
7184133791.0
7193229440.0
7202101059.0
7211034968.0
7220162822.0
7229086467.0
7240323663.0
7249078844.0
7258162459.0
7267069470.0
7276204757.0
7286080083.0
7295068849.0
7305073708.0
7314081585.0
7323317738.0
7332110788.0
7341105924.0
7350082303.0
7359030368.0
7368092394.0
7377091070.0
7388133258.0
7397084154.0
7406348621.0
7415039743.0
7424126543.0
7433074962.0
7442066913.0
7451033736.0
7460124783.0
7469091960.0
7478070462.0
7487034454.0
7496170449.0
7505285562.0
7514071888.0
7523033048.0
7532142145.0
7541076408.0
7550078268.0
7559041906.0
7568132953.0
7577074648.0
7586103760.0
7595042977.0
7605048545.0
7614080134.0
7623031031.0
7632089518.0
7641092086.0
7650086514.0
7671029510.0
7680087643.0
7691481624.0
7700130630.0
7709629389.0
7719345807.0
7728206101.0
7737465966.0
7746223978.0
7755157179.0
7764350862.0
7773209387.0
7782353522.0
7793237155.0
7802351915.0
7811352714.0
7820280606.0
7829353957.0
7840197598.0
7849472682.0
7859542662.0
7869408078.0
7878205729.0
7887353049.0
7896229623.0
7905442418.0
7915367646.0
7926283132.0
7935355068.0
7944319413.0
7954426554.0
7963183859.0
7972381435.0
7981204922.0
7990427980.0
8001274098.0
8011370622.0
8020519358.0
8030493426.0
8039161544.0
8048547403.0
8058366457.0
8069250798.0
8079362540.0
8088210093.0
8097374047.0
8106404929.0
8115194793.0
8124431300.0
8133214441.0
8142367070.0
8151150564.0
8160367959.0
8169320272.0
8179398391.0
8188368753.0
8197219492.0
8206483958.0
8215420344.0
8225384503.0
8234191710.0
8243402027.0
8253225327.0
8264352101.0
8274559754.0
8285436663.0
8294283508.0
8303374202.0
8313283858.0
8324310119.0
8334376914.0
8343150853.0
8352388421.0
8361324100.0
8372324879.0
8383554643.0
8394647795.0
8406228997.0
8415377025.0
8424208298.0
8435216156.0
8444424703.0
8453196872.0
8462482574.0
8471172280.0
8480410911.0
8489342342.0
8498380656.0
8508581585.0
8518251639.0
8527419840.0
8536199087.0
8547382488.0
8558275323.0
8567409902.0
8576250731.0
8585526169.0
8594189685.0
8603387262.0
8613214101.0
8622389380.0
8633313360.0
8642383527.0
8651396005.0
8660257007.0
8679393614.0
8688422018.0
8697285143.0
8707548361.0
8717394666.0
8726259207.0
8735393432.0
8744248772.0
8754413601.0
8763177984.0
8772397503.0
8783211061.0
8792402620.0
8801202041.0
8810234338.0
8819126131.0
8828448639.0
8837209483.0
8846396442.0
8855168965.0
8864400163.0
8873310359.0
8882419456.0
8893257788.0
8902438377.0
8911406261.0
8920132775.0
8929383085.0
8938209403.0
8947090578.0
8956396098.0
8965096422.0
8974171190.0
8983070768.0
8992089617.0
9001092539.0
9010169430.0
9019070778.0
9028125018.0
9037087240.0
9046169794.0
9055090254.0
9064088221.0
9073104946.0
9082172281.0
9091067613.0
9100087877.0
9109101771.0
9118213699.0
9127075763.0
9144100905.0
9153104889.0
9162093301.0
9171061894.0
9180111179.0
9189104545.0
9198100389.0
9208509775.0
9218089935.0
9227050741.0
9236166563.0
9245161699.0
9254079327.0
9263048981.0
9273111529.0
9282150551.0
9291109233.0
9300102954.0
9309402458.0
9318098535.0
9327063588.0
9336133047.0
9345080404.0
9355083140.0
9364107297.0
9373088631.0
9382214008.0
9391136237.0
9401498198.0
9410414057.0
9419410609.0
9429426793.0
9438103759.0
9447363624.0
9456126591.0
9465173045.0
9474410968.0
9484114644.0
9494393789.0
9503370875.0
9513107466.0
9522406616.0
9531360344.0
9540567122.0
9550453066.0
9559191966.0
9568450416.0
9577352118.0
9586439981.0
9595196577.0
9605289562.0
9614204359.0
9623432372.0
9634334055.0
9643432181.0
9652208596.0
9661432362.0
9670334773.0
9679593930.0
9699559409.0
9709085420.0
9718447921.0
9727225399.0
9736436424.0
9745209300.0
9754441560.0
9765280600.0
9775200166.0
9784437027.0
9793354655.0
9802444995.0
9811471276.0
9820248399.0
9829439251.0
9840263427.0
9849524708.0
9858239188.0
9867456938.0
9876255296.0
9885449687.0
9894216548.0
9903441375.0
9914442155.0
9923166191.0
9932449769.0
9941214860.0
9950465523.0
9959169740.0
9968467475.0
9979569475.0
9989523724.0
9998231480.0
10008250496.0
10017468245.0
10026465505.0
10035191311.0
10044461794.0
10053234317.0
10062448527.0
10073342070.0
10082449044.0
10091455859.0
10100264835.0
10109210423.0
10118469581.0
10127143361.0
10136463392.0
10145206894.0
10154454018.0
10165262975.0
10174466568.0
10183206531.0
10192451886.0
10201521698.0
10210303423.0
10219202294.0
10228618236.0
10240486111.0
10250468319.0
10259173952.0
10268498230.0
10277237131.0
10286461959.0
10295299602.0
10306347807.0
10315465398.0
10324236151.0
10333466641.0
10342300746.0
10351466823.0
10360213510.0
10369463820.0
10380267822.0
10389509284.0
10398241460.0
10407293931.0
10416466025.0
10425372682.0
10435210847.0
10444476375.0
10453212091.0
10462468063.0
10473406907.0
10483559350.0
10492625623.0
10503540401.0
10513212579.0
10522474922.0
10531479614.0
10540212144.0
10549435556.0
10560289461.0
10569604891.0
10580447116.0
10590489137.0
10599191584.0
10608477639.0
10617326962.0
10627582040.0
10637490280.0
10646204407.0
10655474890.0
10664262277.0
10674306421.0
10683494795.0
10694528489.0
10713652709.0
10723485919.0
10732221989.0
10741481146.0
10750306049.0
10759509642.0
10769588469.0
10779499541.0
10788231717.0
10797503262.0
10806489196.0
10815181380.0
10824513798.0
10833313573.0
10845306026.0
10855211081.0
10864485103.0
10873280276.0
10882494486.0
10891465556.0
10902582067.0
10913488705.0
10922206016.0
10931202568.0
10940495348.0
10949231417.0
10958488805.0
10969351558.0
10979215558.0
10988527803.0
10997241576.0
11006217955.0
11015491269.0
11024274055.0
11033289011.0
11042492958.0
11053273601.0
11062499491.0
11071211140.0
11081607785.0
11090204057.0
11098450660.0
11108275730.0
11119447097.0
11130604662.0
11148241372.0
11157522118.0
11166224920.0
11175510975.0
11184225810.0
11193559644.0
11204956456.0
11214511487.0
11223264191.0
11232504945.0
11242324352.0
11251209420.0
11261210740.0
11273175588.0
11282485709.0
11291189926.0
11300511373.0
11309506509.0
11318280802.0
11327528988.0
11336448032.0
11349272188.0
11359212989.0
11368512493.0
11377243962.0
11386515860.0
11395236711.0
11406234306.0
11416259692.0
11425524158.0
11434313315.0
11444275351.0
11453510088.0
11462227046.0
11471513809.0
11482490877.0
11492515555.0
11501277107.0
11510217032.0
11518317467.0
11527538402.0
11536229524.0
11545586009.0
11554506823.0
11565337015.0
11575538297.0
11584251008.0
11593520076.0
11603221983.0
11613638447.0
11623522620.0
11634964380.0
11644518704.0
11653222567.0
11662522071.0
11671215670.0
11680519067.0
11689331937.0
11701066739.0
11710558065.0
11721365607.0
11735656392.0
11746317766.0
11755572677.0
11764229823.0
11773523310.0
11784301477.0
11794307044.0
11803530810.0
11813228116.0
11822225022.0
11830309885.0
11839535067.0
11852545737.0
11861231196.0
11870527161.0
11879185369.0
11888531236.0
11897299158.0
11906223511.0
11914315807.0
11923563993.0
11934609012.0
11944534594.0
11953249783.0
11962537962.0
11971220944.0
11982485391.0
11993355575.0
12002452286.0
12013228682.0
12022542697.0
12031547035.0
12040232140.0
12049535184.0
12058321863.0
12067563679.0
12078636657.0
12088208323.0
12097580380.0
12106534462.0
12115240449.0
12126396244.0
12135207697.0
12144542947.0
12155296693.0
12164548772.0
12173229985.0
12182543999.0
12191195837.0
12199232921.0
12208542689.0
12217301763.0
12226556674.0
12237350059.0
12247249097.0
12256235739.0
12267567430.0
12276242980.0
12285566904.0
12296635990.0
12306246587.0
12315571927.0
12324292070.0
12333554059.0
12342273494.0
12351556364.0
12360239700.0
12370981767.0
12380559095.0
12389238538.0
12398554676.0
12408112893.0
12417273662.0
12427638100.0
12438241078.0
12447578451.0
12457346541.0
12466556858.0
12475247626.0
12484552439.0
12495342284.0
12505432084.0
12514312905.0
12523565338.0
12532233809.0
12541562689.0
12550345121.0
12559567118.0
12570640450.0
12580551168.0
12589233442.0
12597305210.0
12607264060.0
12616560379.0
12625259995.0
12634612587.0
12643231510.0
12652574900.0
12663563646.0
12673564259.0
12682320147.0
12692352966.0
12703300304.0
12715366018.0
12725582165.0
12735354502.0
12749286062.0
12758620250.0
12768570252.0
12777382767.0
12788524406.0
12798581645.0
12807590938.0
12816254808.0
12825597136.0
12837371577.0
12848174163.0
12857191950.0
12866210799.0
12874201166.0
12883255053.0
12892556326.0
12901211703.0
12909609074.0
12918227290.0
12926206332.0
12934199885.0
12943204223.0
12952559646.0
12961222809.0
12969274050.0
12978220346.0
12991140767.0
13000617230.0
13009561402.0
13018206515.0
13027538579.0
13036219438.0
13045236870.0
13054518679.0
13063513815.0
13072215201.0
13081518244.0
13090217860.0
13099547447.0
13110181215.0
13119556104.0
13132540230.0
13142608440.0
13159225518.0
13168240827.0
13176281451.0
13185625194.0
13194250488.0
13202248996.0
13210348370.0
13219596202.0
13228977107.0
13238586288.0
13248589732.0
13259321889.0
13269253488.0
13280603229.0
13290250633.0
13298233568.0
13306603688.0
13316128991.0
13325612177.0
13334227561.0
13342415415.0
13351225806.0
13361621389.0
13371593688.0
13380249065.0
13388301722.0
13397595209.0
13406231474.0
13414323062.0
13425289158.0
13436647747.0
13446249850.0
13454382138.0
13463614398.0
13472301981.0
13481599361.0
13490260047.0
13498326860.0
13507603714.0
13518623605.0
13528239156.0
13538264897.0
13546392230.0
13560287691.0
13569607722.0
13578263453.0
13586266915.0
13594338330.0
13603628632.0
13615634534.0
13627401897.0
13637611320.0
13646248646.0
13654322538.0
13662298042.0
13671605332.0
13680246906.0
13688300625.0
13700125675.0
13710666718.0
13720293948.0
13729607255.0
13738333415.0
13747619470.0
13757112213.0
13771373269.0
13781610651.0
13790229221.0
13798375312.0
13810127102.0
13819653466.0
13829613378.0
13838229116.0
13846343708.0
13855644628.0
13864239131.0
13874634006.0
13884615507.0
13893504468.0
13906282969.0
13914267674.0
13922443848.0
13932627789.0
13941622571.0
13950245387.0
13958236109.0
13966343269.0
13975652683.0
13985645509.0
13994284606.0
14002337263.0
14011230117.0
14019621118.0
14028250305.0
14036299423.0
14045643874.0
14054235546.0
14062332796.0
14070289542.0
14078236732.0
14086327612.0
14094468040.0
14105625605.0
14115648160.0
14127625395.0
14136248211.0
14145688220.0
14156303939.0
14165255897.0
14173647960.0
14182327757.0
14190256543.0
14198624185.0
14207529073.0
14217374670.0
14227330689.0
14237630360.0
14246621957.0
14258533010.0
14268256859.0
14276299253.0
14285656445.0
14294623268.0
14305154401.0
14314331096.0
14322307661.0
14330626463.0
14342497877.0
14351626793.0
14360299866.0
14370287383.0
14378261471.0
14388288627.0
14397662453.0
14406253417.0
14414629200.0
14425659001.0
14434334904.0
14442255551.0
14450655753.0
14460258210.0
14468327147.0
14477644701.0
14486277781.0
14494339286.0
14502247545.0
14510635715.0
14520313555.0
14529679596.0
14539639508.0
14550644534.0
14560644439.0
14569647007.0
14578362903.0
14586652330.0
14595663039.0
14605401399.0
14614649939.0
14624295573.0
14633560394.0
14642673030.0
14652421654.0
14663652479.0
14672303609.0
14681306885.0
14689643383.0
14698346184.0
14706674188.0
14716641886.0
14725671706.0
14735683290.0
14744299382.0
14755535516.0
14767652547.0
14787341972.0
14798514401.0
14807662429.0
14818661085.0
14828309196.0
14837659311.0
14846650554.0
14855688160.0
14865309374.0
14874665858.0
14888586447.0
14899215969.0
14911380779.0
14922614790.0
14932663535.0
14942495329.0
14951663530.0
14960306519.0
14969315458.0
14978658494.0
14988673617.0
14998531247.0
15012571814.0
15023383602.0
15032298399.0
15042654697.0
15051670007.0
15060683546.0
15070390054.0
15079671863.0
15092158029.0
15101670591.0
15110668912.0
15120641565.0
15129672800.0
15138671830.0
15148359226.0
15165683074.0
15174664053.0
15183691750.0
15193340923.0
15201690516.0
15210695916.0
15220288817.0
15228679110.0
15238344563.0
15249693243.0
15258697581.0
15269651289.0
15278617758.0
15289296828.0
15297691368.0
15306697476.0
15317993422.0
15327671262.0
15336678432.0
15345698342.0
15354671181.0
15368624331.0
15379315434.0
15388676165.0
15398673592.0
15408675266.0
15418371157.0
15426694206.0
15438572698.0
15448685855.0
15458688945.0
15469230341.0
15482036448.0
15491689161.0
15502337794.0
15510680662.0
15520684106.0
15530702414.0
15541551717.0
15551175055.0
15561357580.0
15570316617.0
15578704079.0
15589226363.0
15600679802.0
15610375338.0
15618691663.0
15628690152.0
15640033876.0
15650289662.0
15658371341.0
15667178547.0
15676697833.0
15686695968.0
15696691980.0
15707190552.0
15718974548.0
15729256878.0
15738480644.0
15748691837.0
15758320483.0
15766586198.0
15776240326.0
15785323941.0
15794238738.0
15808681354.0
15817702680.0
15828656034.0
15837591359.0
15846579770.0
15857251762.0
15866698141.0
15876703354.0
15886437114.0
15895697333.0
15905697592.0
15918024849.0
15928225778.0
15940126213.0
15950238309.0
15961651755.0
15970994083.0
15981251639.0
15991325512.0
16001250032.0
16011370976.0
16020372128.0
16031033856.0
16041408204.0
16050614982.0
16061251582.0
16071178934.0
16081227325.0
16091196792.0
16100428344.0
16110704304.0
16121329932.0
16131409114.0
16142593930.0
16152319195.0
16162343166.0
16171215493.0
16183251478.0
16192329077.0
16202631226.0
16212133170.0
16220709623.0
16229705467.0
16238706620.0
16247694677.0
16256707509.0
16265705477.0
16275113987.0
16284148408.0
16292702918.0
16302151421.0
16311093116.0
16320179563.0
16329234511.0
16338365551.0
16346709835.0
16355707448.0
16365149581.0
16374140470.0
16383082518.0
16391709935.0
16405084078.0
16413327850.0
16422705923.0
16431705306.0
16441239103.0
16450335813.0
16459123908.0
16467703547.0
16477137893.0
16486220800.0
16495133474.0
16503695416.0
16517454266.0
16527405684.0
16536699879.0
16546661207.0
16555446824.0
16565455577.0
16575423275.0
16585218262.0
16594706049.0
16605477845.0
16615133389.0
16627447198.0
16637450995.0
16647079996.0
16657455759.0
16667414609.0
16677146599.0
16687436007.0
16697513773.0
16707087916.0
16717451293.0
16727085956.0
16737515868.0
16747135667.0
16757478516.0
16767118842.0
16777217843.0
16787098831.0
16797478842.0
16806653059.0
16816144740.0
16826131903.0
16836492803.0
16845333631.0
16855148437.0
16867422608.0
16878464442.0
16888464700.0
16898123429.0
16907679523.0
16917485127.0
16927121560.0
16937219499.0
16947095887.0
16957464926.0
16967105251.0
16978199111.0
16988520725.0
16998142293.0
17008471340.0
17017349329.0
17027092291.0
17037477964.0
17047121121.0
17057134120.0
17067428483.0
17077137822.0
17087099150.0
17097588166.0
17106429349.0
17119166088.0
17129671031.0
17139107147.0
17149150229.0
17158672346.0
17176511496.0
17186457252.0
17196149603.0
17208569233.0
17219159116.0
17228363063.0
17237398191.0
17247100806.0
17256664332.0
17266610441.0
17276193078.0
17286152282.0
17296461155.0
17306138996.0
17315413726.0
17325582095.0
17334362404.0
17344526171.0
17354469449.0
17364162862.0
17373678255.0
17383163919.0
17393160284.0
17405081600.0
17414669900.0
17423694411.0
17432386595.0
17442503292.0
17452152111.0
17461678122.0
17470681752.0
17479368627.0
17489140963.0
17499130250.0
17508685636.0
17517697052.0
17526666706.0
17537510347.0
17547497511.0
17556392489.0
17566262860.0
17575680572.0
17584375587.0
17593387711.0
17602709158.0
17612706585.0
17622152964.0
17631673666.0
17641563857.0
17650386989.0
17659365491.0
17668673490.0
17677366735.0
17686370365.0
17697700641.0
17706368051.0
17715677110.0
17724369294.0
17733368677.0
17742708882.0
17751677828.0
17760370012.0
17769371165.0
17778704291.0
17787370993.0
17796377808.0
17806644211.0
17815688188.0
17824375417.0
17833432842.0
17842434349.0
17853705875.0
17862403013.0
17872116953.0
17880374528.0
17889375681.0
17898687926.0
17908478312.0
17917376121.0
17926687304.0
17935377011.0
17944685717.0
17953684746.0
17962408074.0
17971689529.0
17981379756.0
17990689524.0
18002083151.0
18010381072.0
18019381871.0
18028691284.0
18038153944.0
18047383373.0
18056692433.0
18066588993.0
18075505914.0
18084555199.0
18093606962.0
18102413107.0
18112168101.0
18121705791.0
18130411424.0
18139390280.0
18148695093.0
18158313121.0
18168174645.0
18177183583.0
18186175180.0
18194412582.0
18202418522.0
18211227498.0
18220270059.0
18230208028.0
18238457463.0
18247174421.0
18255390941.0
18264182221.0
18272420330.0
18281256912.0
18290162153.0
18298392830.0
18307195436.0
18315424697.0
18324167491.0
18333671559.0
18343109444.0
18351400995.0
18360396131.0
18369701298.0
18378399852.0
18387703249.0
18396397557.0
18406273236.0
18416171567.0
18425325258.0
18434412766.0
18443247224.0
18451417027.0
18461287044.0
18470415961.0
18478412345.0
18486411561.0
18496275562.0
18505417927.0
18514413771.0
18522482708.0
18531421926.0
18540413876.0
18550356446.0
18561309801.0
18570415713.0
18580257417.0
18588416249.0
18598340061.0
18606414307.0
18616277246.0
18627060014.0
18636421453.0
18646347743.0
18654445701.0
18663427035.0
18673280418.0
18681421200.0
18690423768.0
18698424400.0
18707243993.0
18715426538.0
18724426983.0
18734250637.0
18744635248.0
18755226193.0
18763428556.0
18772457669.0
18781428031.0
18791213816.0
18799429628.0
18809334329.0
18818433517.0
18826578546.0
18835436716.0
18844427959.0
18858369429.0
18867428624.0
18877274929.0
18885433053.0
18894434914.0
18902464920.0
18911221871.0
18919431667.0
18928435651.0
18938257535.0
18946463438.0
18954432925.0
18962499739.0
18971434001.0
18981298710.0
18991278441.0
19000437440.0
19010259325.0
19018440807.0
19026467982.0
19036272171.0
19044437020.0
19053437818.0
19062468346.0
19071438000.0
19083247833.0
19092495311.0
19101444084.0
19111353740.0
19120439833.0
19128440110.0
19137443740.0
19146443477.0
19154467821.0
19162483317.0
19179260010.0
19187465205.0
19196446539.0
19207443779.0
19216446701.0
19226268232.0
19235258767.0
19243448390.0
19252448835.0
19262344334.0
19270480869.0
19278459912.0
19287450801.0
19297447520.0
19306377889.0
19314470539.0
19324286761.0
19332587159.0
19342384270.0
19350560090.0
19359454006.0
19369482578.0
19378478068.0
19386460295.0
19396289612.0
19405222459.0
19413452428.0
19423297671.0
19434414535.0
19443561856.0
19453268717.0
19462462400.0
19471462491.0
19480484171.0
19489458426.0
19499459392.0
19509234560.0
19518456557.0
19526457896.0
19534457112.0
19542458097.0
19550461913.0
19558462899.0
19566458929.0
19576293909.0
19585461402.0
19595263821.0
19603458045.0
19613465028.0
19623214005.0
19632462899.0
19644301753.0
19652462708.0
19661492174.0
19670463244.0
19678469892.0
19686464153.0
19694464077.0
19702464354.0
19711293857.0
19720465598.0
19729466396.0
19739263861.0
19747467640.0
19756467377.0
19765468530.0
19775281920.0
19783469420.0
19792468449.0
19802331742.0
19811282284.0
19821352972.0
19831241393.0
19840474361.0
19850349333.0
19858648315.0
19880100243.0
19891478297.0
19900476619.0
19910304166.0
19919291516.0
19928484845.0
19938283725.0
19947482363.0
19956596769.0
19965476882.0
19974485467.0
19983477418.0
19993415741.0
