1320107.0
10012645.0
18020001.0
26260234.0
47086083.0
61064714.0
73516905.0
82093358.0
178273999.0
188499349.0
197460863.0
206010772.0
215392739.0
224076429.0
233528471.0
242419555.0
252021658.0
262059077.0
271005019.0
281019080.0
291387412.0
300523760.0
311018794.0
320524631.0
329014729.0
338024729.0
347424746.0
356489249.0
365021109.0
374429265.0
383389010.0
392150915.0
402443508.0
411225941.0
421431117.0
430516501.0
439137548.0
450449066.0
458984819.0
468467652.0
477505612.0
486036056.0
494984475.0
505438100.0
514366346.0
524110723.0
533531974.0
542266274.0
552445260.0
561056397.0
570065690.0
579387491.0
588454472.0
598983127.0
609116458.0
618449938.0
627134690.0
636455429.0
645048162.0
654447825.0
663388812.0
672030385.0
681052419.0
691049138.0
700024809.0
709271934.0
719395001.0
728493127.0
737049407.0
745887758.0
756045509.0
765049847.0
774031534.0
783394389.0
792044811.0
801462877.0
810284594.0
820474906.0
829025523.0
838159394.0
847453236.0
856059418.0
865024825.0
874531016.0
883456431.0
892036423.0
901594640.0
910358669.0
920522791.0
929919976.0
938066067.0
948037658.0
957495009.0
967116576.0
976024649.0
985066502.0
994183032.0
1003077656.0
1012523681.0
1021116060.0
1030189766.0
1040482359.0
1050318046.0
1059255140.0
1068291331.0
1077198696.0
1086069961.0
1095012010.0
1113532803.0
1123291336.0
1132298151.0
1141308506.0
1150388582.0
1159288869.0
1168306655.0
1177358418.0
1186410889.0
1195348690.0
1208483231.0
1217291853.0
1227108783.0
1235277171.0
1244344152.0
1253291156.0
1262283106.0
1271261255.0
1280344870.0
1289397694.0
1298288071.0
1308305318.0
1317398488.0
1326301252.0
1335252857.0
1344316299.0
1354153756.0
1362310464.0
1371502732.0
1380307815.0
1389341174.0
1398163953.0
1406142995.0
1414241661.0
1423140178.0
1431250524.0
1440311488.0
1449451376.0
1458304946.0
1467300436.0
1476304774.0
1485338133.0
1494315927.0
1503545356.0
1513428114.0
1522383966.0
1531290623.0
1546512208.0
1558464314.0
1567088192.0
1576163667.0
1585074572.0
1594243481.0
1603343730.0
1613310366.0
1622288868.0
1631257815.0
1640357710.0
1652421300.0
1661166925.0
1669296382.0
1678388845.0
1687311429.0
1696296301.0
1705069886.0
1713219516.0
1721360652.0
1730332784.0
1739275894.0
1748365172.0
1757356769.0
1767134768.0
1775264579.0
1784350317.0
1793295551.0
1802177434.0
1810098080.0
1819025265.0
1827431838.0
1836049699.0
1845055453.0
1854447329.0
1862987683.0
1872467684.0
1881048385.0
1890044936.0
1899398236.0
1909454413.0
1918154383.0
1927426989.0
1936036357.0
1945511403.0
1957159850.0
1965333900.0
1974316295.0
1983280641.0
1992315415.0
2001334264.0
2010181109.0
2019054498.0
2028076886.0
2037153069.0
2046078837.0
2055038936.0
2064044689.0
2073150601.0
2082115654.0
2091071860.0
2100448518.0
2109222456.0
2118079565.0
2127023737.0
2136204679.0
2145156638.0
2154135848.0
2163011360.0
2172098868.0
2181152401.0
2190097281.0
2199054902.0
2208058178.0
2217595514.0
2227317240.0
2236327594.0
2245950224.0
2254467219.0
2263058537.0
2272066414.0
2281074291.0
2290226920.0
2299120836.0
2308071025.0
2317032893.0
2326123940.0
2334045295.0
2342069284.0
2350125481.0
2358046835.0
2366031186.0
2374234965.0
2382292931.0
2390873277.0
2399029632.0
2407276589.0
2416043095.0
2424045850.0
2432088952.0
2440040035.0
2448054469.0
2456075273.0
2465299747.0
2474039002.0
2482176953.0
2491031584.0
2499036463.0
2506979406.0
2516340845.0
2525041877.0
2535593183.0
2544301293.0
2553390571.0
2562172295.0
2571243523.0
2578905457.0
2587021819.0
2595000507.0
2603015296.0
2611300830.0
2620079369.0
2628053457.0
2636085586.0
2645291303.0
2654031973.0
2662122853.0
2670083846.0
2678020772.0
2686141027.0
2694049995.0
2702037177.0
2710139736.0
2719304398.0
2728046130.0
2736051717.0
2744076768.0
2752310631.0
2761393184.0
2770168892.0
2779052898.0
2787003628.0
2795032218.0
2803067887.0
2811260341.0
2820084890.0
2830130450.0
2839063650.0
2848031535.0
2856090563.0
2865346889.0
2874049690.0
2882040412.0
2890131646.0
2898050876.0
2906291109.0
2915005944.0
2923029580.0
2931024194.0
2940057907.0
2948082605.0
2957299293.0
2966050227.0
2974151370.0
2982070955.0
2990035133.0
2998133445.0
3006387481.0
3015255207.0
3022996064.0
3032350425.0
3041302029.0
3050122331.0
3058129687.0
3066052456.0
3074041055.0
3082129103.0
3090049750.0
3098069846.0
3117270158.0
3126061439.0
3134033049.0
3142127822.0
3150057670.0
3158077767.0
3166153075.0
3175282699.0
3184290222.0
3193046465.0
3201063730.0
3209044542.0
3217045174.0
3225061024.0
3233941845.0
3242135361.0
3250378779.0
3259291806.0
3268350293.0
3277047432.0
3285060450.0
3293052588.0
3301054281.0
3309327074.0
3318130033.0
3326070853.0
3334157132.0
3343289234.0
3352074144.0
3360055310.0
3368130617.0
3376080285.0
3384055788.0
3392097120.0
3400221622.0
3410288771.0
3419033688.0
3427029364.0
3435005222.0
3443028150.0
3451036213.0
3459035783.0
3467085609.0
3476344766.0
3485293540.0
3494039165.0
3502178531.0
3511278427.0
3520082802.0
3528058305.0
3536096098.0
3544052490.0
3552058784.0
3560178331.0
3570171511.0
3579254418.0
3586861141.0
3595147029.0
3605273635.0
3615251951.0
3623261076.0
3631285420.0
3640078824.0
3648060344.0
3656099552.0
3664051343.0
3672053744.0
3681322457.0
3690091795.0
3698043232.0
3707007931.0
3715044662.0
3723014503.0
3731087333.0
3739281203.0
3748053372.0
3756056126.0
3764139220.0
3772056681.0
3780058375.0
3788105369.0
3796131836.0
3804984344.0
3813345262.0
3822056558.0
3830045510.0
3838161872.0
3847284418.0
3856393161.0
3865059155.0
3873073943.0
3881079175.0
3890044229.0
3898143249.0
3906319776.0
3914907555.0
3923059662.0
3932354212.0
3941076832.0
3950047194.0
3958399265.0
3967043670.0
3975092788.0
3983268254.0
3992148721.0
4000056980.0
4009051762.0
4018138917.0
4026060271.0
4034042853.0
4042139041.0
4050278054.0
4059008107.0
4067049792.0
4076348943.0
4085049974.0
4093080689.0
4101068579.0
4109302087.0
4118053729.0
4126141424.0
4134081182.0
4143284421.0
4152058005.0
4160100399.0
4168304178.0
4177053696.0
4185070962.0
4193082918.0
4201057714.0
4209089490.0
4218315025.0
4227008625.0
4235023059.0
4243339738.0
4252053864.0
4262046690.0
4271012805.0
4279038919.0
4287009467.0
4295017885.0
4303050369.0
4311267597.0
4320099224.0
4328105164.0
4337296369.0
4346086588.0
4354157295.0
4362063077.0
4370081404.0
4378150695.0
4386056831.0
4394241145.0
4405291119.0
4414154244.0
4422058256.0
4430313707.0
4439013323.0
4447038729.0
4455035113.0
4463016279.0
4471054780.0
4479252543.0
4487263791.0
4495323173.0
4505013047.0
4513060041.0
4521066335.0
4530057932.0
4538008661.0
4547283745.0
4556106170.0
4564057961.0
4572064609.0
4580105587.0
4588320692.0
4597057469.0
4605127468.0
4614086858.0
4622330630.0
4631032016.0
4639290652.0
4648060344.0
4656063099.0
4664101599.0
4672056221.0
4680064285.0
4689058005.0
4697527930.0
4706308947.0
4716311328.0
4726140645.0
4735486866.0
4744463245.0
4753057040.0
4762143840.0
4771453608.0
4780061914.0
4789053865.0
4798555809.0
4808126413.0
4817129689.0
4826468478.0
4835460783.0
4846144099.0
4855102428.0
4864515893.0
4873061556.0
4882136677.0
4891453523.0
4900463878.0
4909301875.0
4919437683.0
4928109694.0
4937559966.0
4946482904.0
4955122000.0
4965543065.0
4975490236.0
4984065981.0
4993102879.0
5002584650.0
5012103936.0
5021303990.0
5031417855.0
5040501117.0
5049141275.0
5060129667.0
5069602944.0
5078300083.0
5089105147.0
5098315464.0
5107397310.0
5124389538.0
5134414217.0
5143335738.0
5153233007.0
5162223188.0
5171219740.0
5180126043.0
5189081541.0
5198085879.0
5210285019.0
5220373756.0
5229352612.0
5238337131.0
5247288028.0
5256338021.0
5265352268.0
5274339264.0
5283307857.0
5292316442.0
5301337768.0
5310335027.0
5319269290.0
5327149236.0
5335046878.0
5345063416.0
5354477589.0
5363513780.0
5372190745.0
5382478383.0
5391427510.0
5400067668.0
5409333904.0
5419458033.0
5428067047.0
5437063245.0
5446538999.0
5457429003.0
5466082256.0
5475432370.0
5484481302.0
5493115089.0
5502072710.0
5512072615.0
5521063858.0
5530142872.0
5539456533.0
5548477151.0
5557059267.0
5566556610.0
5575045646.0
5584473622.0
5593568916.0
5602151032.0
5614574555.0
5623533946.0
5632063682.0
5641064481.0
5649074668.0
5657057603.0
5665063190.0
5673109830.0
5682068867.0
5690062066.0
5698002178.0
5706207727.0
5715271168.0
5724317269.0
5733102886.0
5741090423.0
5749080437.0
5759021945.0
5767045581.0
5775046566.0
5783051091.0
5791051014.0
5800072694.0
5809190285.0
5818482357.0
5827305844.0
5836065980.0
5844149073.0
5852113959.0
5860066812.0
5868079830.0
5876154430.0
5884082863.0
5894025079.0
5902395907.0
5911305749.0
5920104815.0
5928078549.0
5936137577.0
5944094323.0
5952063809.0
5961444360.0
5970183261.0
5979021258.0
5987022244.0
5995055789.0
6003044034.0
6011027323.0
6019155010.0
6028318965.0
6037068837.0
6047282153.0
6056162620.0
6064423380.0
6073143169.0
6082201656.0
6091052394.0
6099043470.0
6106970487.0
6116369441.0
6125349359.0
6134083659.0
6142148703.0
6150071827.0
6158308520.0
6167170230.0
6176409922.0
6187016793.0
6195298788.0
6204169346.0
6212123968.0
6220355707.0
6229065940.0
6237088514.0
6245068973.0
6253312744.0
6262165960.0
6270108195.0
6278062818.0
6286161838.0
6294100534.0
6302065066.0
6310124801.0
6319308929.0
6327980231.0
6336077128.0
6344120583.0
6352071666.0
6360106274.0
6368131325.0
6376114615.0
6385341212.0
6394150896.0
6402071896.0
6411028456.0
6419051030.0
6427058032.0
6435033889.0
6443114505.0
6451325009.0
6460071342.0
6468205400.0
6476162500.0
6484074652.0
6492078469.0
6500134311.0
6508029121.0
6517482225.0
6526181133.0
6535059123.0
6544475774.0
6553070630.0
6562180789.0
6572070626.0
6581473119.0
6590059836.0
6599439325.0
6609124598.0
6618052136.0
6627034885.0
6636533644.0
6645107620.0
6654484986.0
6663022508.0
6672078872.0
6681587541.0
6690074099.0
6699486502.0
6709070909.0
6718157710.0
6727491190.0
6736481371.0
6745084722.0
6754151349.0
6763466779.0
6774084976.0
6783028086.0
6792493931.0
6801093389.0
6811113820.0
6820116035.0
6829070116.0
6838570645.0
6847489689.0
6856137633.0
6865482439.0
6874568885.0
6883053674.0
6892073938.0
6901481033.0
6911072164.0
6921076316.0
6931497734.0
6940482961.0
6949072509.0
6958205672.0
6967499514.0
6976074551.0
6985079951.0
6994611624.0
7003464486.0
7014105333.0
7023350334.0
7032075786.0
7041176743.0
7050225320.0
7059086322.0
7068147287.0
7077292837.0
7086111369.0
7095052710.0
7105017577.0
7114370876.0
7131337623.0
7140077939.0
7149193407.0
7158117760.0
7167381872.0
7176447791.0
7186433539.0
7195396469.0
7204411778.0
7213340024.0
7222434257.0
7232071397.0
7241530518.0
7250116880.0
7259160149.0
7268183245.0
7278235175.0
7287133338.0
7296120688.0
7306360194.0
7315132716.0
7324412047.0
7333158734.0
7342226777.0
7351104059.0
7360047877.0
7369132200.0
7380107144.0
7389209163.0
7398122191.0
7407358344.0
7416104677.0
7425203864.0
7434223067.0
7443079114.0
7452074604.0
7461199627.0
7470165034.0
7479060366.0
7488071074.0
7497385443.0
7506458441.0
7515062146.0
7524068253.0
7533232207.0
7542102411.0
7551058262.0
7560072156.0
7569198595.0
7578182052.0
7587095787.0
7596107204.0
7606279465.0
7615101536.0
7624052079.0
7633138526.0
7642295755.0
7663037727.0
7672034986.0
7680496063.0
7689095521.0
7700541527.0
7709330330.0
7718071000.0
7726189132.0
7734083234.0
7742068293.0
7750230665.0
7759083526.0
7767037087.0
7775051521.0
7783053922.0
7792334315.0
7801075693.0
7809378923.0
7818096588.0
7826095450.0
7834180667.0
7842089635.0
7850176268.0
7859066645.0
7867345100.0
7876139920.0
7884084632.0
7892130919.0
7900081294.0
7908089712.0
7916180592.0
7925406127.0
7934071414.0
7942166541.0
7950346608.0
7959039853.0
7967048625.0
7975076154.0
7983043517.0
7991088388.0
8000385414.0
8009446733.0
8018508405.0
8027043450.0
8035076288.0
8043036927.0
8051061271.0
8059090215.0
8068367423.0
8077348402.0
8086309916.0
8094198356.0
8102192263.0
8110430726.0
8121293833.0
8130371785.0
8139165897.0
8147179269.0
8155297755.0
8164365444.0
8173369428.0
8182352177.0
8191183804.0
8199164262.0
8207512793.0
8217389534.0
8226482705.0
8235490229.0
8245302557.0
8255108162.0
8263361489.0
8272356979.0
8281085263.0
8290171001.0
8298095895.0
8306392046.0
8315114667.0
8323364809.0
8332355344.0
8341081504.0
8349100539.0
8357117097.0
8365419265.0
8374178693.0
8383066946.0
8391357789.0
8400370975.0
8409525373.0
8418094040.0
8426112013.0
8434412058.0
8443066019.0
8451037275.0
8459089932.0
8467115338.0
8475051910.0
8483057143.0
8491073346.0
8499082826.0
8508104859.0
8515991530.0
8524089488.0
8532094013.0
8540145962.0
8548144824.0
8557365050.0
8566166240.0
8574095381.0
8582136713.0
8590168489.0
8598118864.0
8606373961.0
8615059420.0
8623069961.0
8632369466.0
8641083238.0
8649105812.0
8658119352.0
8666084238.0
8674171933.0
8682105674.0
8691066480.0
8699077021.0
8707066681.0
8715374866.0
8724204369.0
8732136341.0
8740087424.0
8748406580.0
8757102657.0
8765086300.0
8773101796.0
8782418288.0
8791065879.0
8799043152.0
8807381773.0
8816171638.0
8827080753.0
8835051655.0
8843048748.0
8851093619.0
8859046825.0
8867053119.0
8875171251.0
8883095436.0
8892382199.0
8901098096.0
8909383630.0
8918108020.0
8926169171.0
8934089817.0
8942384553.0
8951387121.0
8960393229.0
8969491709.0
8978412876.0
8987397749.0
8996403856.0
9005113382.0
9014385988.0
9023382540.0
9032466155.0
9041386969.0
9050388122.0
9059393876.0
9068425111.0
9077390164.0
9086389194.0
9095390700.0
9105544558.0
9115398295.0
9124391662.0
9141171540.0
9150399553.0
9159392920.0
9168410353.0
9177585986.0
9186441325.0
9195410626.0
9210431540.0
9219083732.0
9228188228.0
9237240345.0
9246241497.0
9255069231.0
9265983655.0
9275420125.0
9284430125.0
9293433402.0
9302419690.0
9311417657.0
9320446062.0
9329422440.0
9338423947.0
9347244602.0
9356218503.0
9365136132.0
9374148610.0
9383415554.0
9392370697.0
9401179319.0
9411073757.0
9420168343.0
9429110746.0
9438518549.0
9447052532.0
9456540673.0
9465592790.0
9474095982.0
9484529434.0
9494080927.0
9505011631.0
9514041805.0
9522095170.0
9531047128.0
9540093582.0
9548416277.0
9557096428.0
9565091751.0
9575082453.0
9583082377.0
9591043370.0
9599051787.0
9607451636.0
9616096395.0
9624142682.0
9633428737.0
9642100040.0
9650082975.0
9658177394.0
9666099810.0
9674089824.0
9682180704.0
9690167533.0
9698093134.0
9706439188.0
9715103058.0
9723048833.0
9731050880.0
9739079824.0
9747117263.0
9755107277.0
9764425539.0
9773093302.0
9781092518.0
9789126771.0
9797127049.0
9805296144.0
9813424540.0
9822101859.0
9830230608.0
9839423937.0
9848097717.0
9856100472.0
9864100750.0
9872140312.0
9880105552.0
9888149715.0
9896143622.0
9905045678.0
9913095504.0
9921108522.0
9929088980.0
9937115094.0
9945106877.0
9953091936.0
9961101415.0
9969206806.0
9979082486.0
9987466055.0
9996122493.0
10005420581.0
10014099316.0
10022524293.0
10031176838.0
10039079789.0
10047066972.0
10055060525.0
10063129462.0
10072431797.0
10081111594.0
10089210260.0
10098124703.0
10106439612.0
10115062075.0
10123081818.0
10131081741.0
10139100776.0
10147098576.0
10155113010.0
10164436935.0
10173087356.0
10181092943.0
10189095344.0
10197244974.0
10206110577.0
10214915306.0
10223055380.0
10231153692.0
10239162464.0
10248465507.0
10257136102.0
10265091432.0
10273162139.0
10281180466.0
10289100759.0
10297178898.0
10305412406.0
10314102820.0
10322091418.0
10330184068.0
10338122764.0
10346163742.0
10354231263.0
10362136337.0
10370221201.0
10379446029.0
10388170065.0
10396098851.0
10406381535.0
10415063455.0
10423082490.0
10431057286.0
10439090477.0
10447135702.0
10455066612.0
10463130948.0
10472454873.0
10481453548.0
10490225363.0
10499453022.0
10508483196.0
10517118045.0
10525116199.0
10534187781.0
10542102411.0
10550155776.0
10559475807.0
10568152419.0
10576193396.0
10584482116.0
10593126167.0
10601188734.0
10610465941.0
10619115655.0
10627101422.0
10635477558.0
10644118424.0
10652148077.0
10660100929.0
10668110409.0
10676188902.0
10684198381.0
10693621756.0
10702465770.0
10711472939.0
10720149904.0
10728111605.0
10736148690.0
10744103312.0
10752109960.0
10760259236.0
10769116699.0
10777538137.0
10786181480.0
10794107789.0
10802092494.0
10810471816.0
10819137810.0
10827113313.0
10836133931.0
10844483170.0
10853098908.0
10861099540.0
10869133793.0
10877125223.0
10885103557.0
10893376350.0
10902104634.0
10910094647.0
10918189421.0
10926473185.0
10935156875.0
10943158922.0
10951088416.0
10959161246.0
10968472784.0
10977168153.0
10985193558.0
10993130131.0
11001186681.0
11009515747.0
11018109188.0
11026554692.0
11035094338.0
11043149118.0
11052477644.0
11061117094.0
11069121618.0
11077495631.0
11086187815.0
11094108462.0
11102479289.0
11111483981.0
11120283756.0
11130116611.0
11146121060.0
11154105057.0
11162097194.0
11170220988.0
11178116861.0
11186099442.0
11194378960.0
11204217478.0
11212485317.0
11221172545.0
11229123275.0
11237535157.0
11246600368.0
11255184608.0
11263093575.0
11272359457.0
11281108975.0
11289176497.0
11297119794.0
11305422669.0
11314187052.0
11322211396.0
11330123548.0
11338114270.0
11347542246.0
11357130192.0
11365121621.0
11373121545.0
11381104480.0
11389111482.0
11397142196.0
11405315185.0
11415322168.0
11424114156.0
11432155488.0
11440105863.0
11448126314.0
11456161275.0
11464122268.0
11472235445.0
11481560785.0
11490546719.0
11499218022.0
11507546733.0
11516179105.0
11524135143.0
11532158425.0
11540157287.0
11548114741.0
11556223670.0
11564507789.0
11573496554.0
11582155470.0
11590233609.0
11598120633.0
11607521358.0
11616120461.0
11624269030.0
11634208415.0
11642499965.0
11651162066.0
11659193488.0
11667202613.0
11675189442.0
11683195382.0
11692183440.0
11700262287.0
11708170546.0
11716507044.0
11725528370.0
11734195426.0
11742126336.0
11750194565.0
11758198382.0
11766172115.0
11774212385.0
11783514367.0
11792155941.0
11800200458.0
11808509704.0
11817228432.0
11825597136.0
11834200133.0
11842149093.0
11850512842.0
11859290674.0
11867187607.0
11875168420.0
11883163034.0
11891221000.0
11899268702.0
11907523446.0
11916266240.0
11924333761.0
11934145028.0
11942517626.0
11951167693.0
11959190975.0
11967190545.0
11975185160.0
11983208796.0
11992515378.0
12001523255.0
12010525116.0
12019220131.0
12027257216.0
12035534256.0
12044159903.0
12052222824.0
12060152318.0
12068332031.0
12078173027.0
12087079684.0
12095540053.0
12105073850.0
12113205076.0
12121173147.0
12129163869.0
12137255103.0
12145274138.0
12154532588.0
12163225833.0
12171203814.0
12179175070.0
12187174994.0
12195188720.0
12203175195.0
12211224313.0
12219205833.0
12227232654.0
12236531804.0
12245228235.0
12253531819.0
12262196397.0
12270163052.0
12278213232.0
12286399669.0
12296157495.0
12305305523.0
12313548233.0
12322295982.0
12330250604.0
12338301138.0
12346319465.0
12354219938.0
12362210306.0
12370235004.0
12378569024.0
12387185824.0
12395194241.0
12403215754.0
12411171084.0
12419168530.0
12427233574.0
12435575381.0
12444224033.0
12452558407.0
12461223693.0
12469226802.0
12477188503.0
12485276905.0
12494577471.0
12503184361.0
12511545279.0
12520178005.0
12528226415.0
12536161218.0
12544212814.0
12552230787.0
12560342194.0
12570158416.0
12578563220.0
12587197715.0
12595633664.0
12605165691.0
12613213393.0
12621314891.0
12629221026.0
12637245016.0
12645256973.0
12653290872.0
12663166552.0
12671546582.0
12680164443.0
12688259924.0
12696629336.0
12705320458.0
12714569706.0
12723572983.0
12732554316.0
12741567502.0
12750208368.0
12758213246.0
12766554699.0
12775229895.0
12783555067.0
12792562945.0
12801252297.0
12809576408.0
12818224706.0
12826226399.0
12836558631.0
12845575002.0
12854555982.0
12863555011.0
12872194461.0
12880559626.0
12889197661.0
12897253503.0
12905549301.0
12914203615.0
12922202831.0
12930217619.0
12938560134.0
12947212679.0
12955226051.0
12963175011.0
12971564950.0
12980533896.0
12990565653.0
13000297997.0
13010254370.0
13018621305.0
13027222886.0
13036632458.0
13045650599.0
13054203693.0
13063198476.0
13072625743.0
13081196888.0
13090632650.0
13099231046.0
13109567525.0
13120294019.0
13130110595.0
13140569175.0
13157226952.0
13165232539.0
13173593103.0
13182224767.0
13190206641.0
13198209396.0
13208225580.0
13216218071.0
13224227905.0
13232579975.0
13241261895.0
13249220057.0
13258577249.0
13267202897.0
13275583634.0
13284577708.0
13293601158.0
13302225390.0
13310574629.0
13319578967.0
13328289908.0
13336243469.0
13344184288.0
13352274460.0
13361221464.0
13369579197.0
13378204490.0
13386259271.0
13394232297.0
13402205323.0
13410222234.0
13418585984.0
13427300818.0
13435679078.0
13444260840.0
13452231035.0
13460305635.0
13468240438.0
13476223727.0
13484274968.0
13492221097.0
13500244733.0
13508217405.0
13518222264.0
13526206969.0
13534231313.0
13542228759.0
13550601003.0
13559467313.0
13568279475.0
13576218525.0
13584249239.0
13592277830.0
13600216172.0
13608204416.0
13616204693.0
13626596383.0
13635607446.0
13644229200.0
13652271947.0
13660229401.0
13668230740.0
13676208721.0
13684222093.0
13692235112.0
13700417656.0
13710259360.0
13718212567.0
13726208243.0
13734230464.0
13742214815.0
13750355951.0
13758464173.0
13766595399.0
13775619911.0
13784280596.0
13792285474.0
13800234080.0
13808508289.0
13817596505.0
13826210119.0
13834210396.0
13842336314.0
13850225108.0
13858248036.0
13866234511.0
13874233019.0
13882601369.0
13891218523.0
13899636068.0
13908244373.0
13916294907.0
13924234665.0
13932228571.0
13940294677.0
13948230542.0
13956240375.0
13964284538.0
13972226420.0
13981982476.0
13990338085.0
13998233957.0
14006613633.0
14015616201.0
14024273701.0
14032223723.0
14040228247.0
14048283382.0
14056224909.0
14064236866.0
14072274658.0
14080225388.0
14088235575.0
14096286108.0
14105042351.0
14113624821.0
14122251176.0
14130250746.0
14138228373.0
14146242807.0
14154229635.0
14162626299.0
14171612587.0
14180281059.0
14188231788.0
14196230650.0
14204625544.0
14213649347.0
14222608030.0
14231221998.0
14239610168.0
14248397909.0
14257620967.0
14266318460.0
14274231320.0
14282224873.0
14290334865.0
14298626061.0
14307607749.0
14316235873.0
14324284991.0
14332405246.0
14341618395.0
14350310225.0
14358240073.0
14366610547.0
14375638597.0
14384285126.0
14392236209.0
14400242149.0
14408284897.0
14416420016.0
14424238735.0
14432274404.0
14440289546.0
14448236382.0
14456278421.0
14464243307.0
14472268713.0
14480332341.0
14488239185.0
14496260697.0
14505212656.0
14515186724.0
14523617718.0
14532291144.0
14540311948.0
14550245317.0
14558671002.0
14567628623.0
14576280814.0
14584632176.0
14593630498.0
14602317019.0
14610646792.0
14619619986.0
14628622908.0
14637642818.0
14648640766.0
14657626347.0
14666625730.0
14675663690.0
14684281551.0
14692625128.0
14701627696.0
14710660347.0
14719628586.0
14728626553.0
14737623459.0
14746251584.0
14754629136.0
14763661079.0
14772256644.0
14780266123.0
14788347802.0
14797631733.0
14806375235.0
14814654399.0
14823630069.0
14832631930.0
14841695372.0
14850267578.0
14858634867.0
14867628941.0
14878387288.0
14887637244.0
14897125385.0
14905392870.0
14913277770.0
14921662401.0
14930666031.0
14939645241.0
14948294601.0
14956316113.0
14964636685.0
14973651287.0
14982640760.0
14991639435.0
15001474061.0
15011653047.0
15021117830.0
15029637303.0
15038638809.0
15048153495.0
15056278704.0
15064640330.0
15073642191.0
15082325881.0
15090666626.0
15099652206.0
15108642741.0
15117655219.0
15128287218.0
15136642474.0
15145362617.0
15162135771.0
15170644272.0
15179257179.0
15187647118.0
15196665613.0
15205656502.0
15215085893.0
15223677211.0
15232665623.0
15242648539.0
15251645445.0
15260272154.0
15269264813.0
15278127584.0
15286668646.0
15295654226.0
15305129627.0
15313681306.0
15322327480.0
15330655484.0
15339653806.0
15348656728.0
15358319350.0
15367668049.0
15376653275.0
15385295911.0
15393701422.0
15402697620.0
15411658427.0
15420283366.0
15428571378.0
15437662425.0
15446656499.0
15455672517.0
15464317630.0
15472615905.0
15481305257.0
15489683871.0
15498676530.0
15507665295.0
15516272185.0
15524285912.0
15532496061.0
15540661972.0
15550316454.0
15558663215.0
15567661891.0
15576670122.0
15585695341.0
15594691185.0
15603701893.0
15613306119.0
15621684025.0
15630539364.0
15639334892.0
15647677760.0
15656291021.0
15664301208.0
15672668143.0
15681696547.0
15690687790.0
15699668415.0
15709245390.0
15718329713.0
15726672935.0
15735669133.0
15744668162.0
15754220363.0
15762681793.0
15772675681.0
15781291419.0
15789700116.0
15798675786.0
15807540681.0
15816676322.0
15825705080.0
15836675777.0
15845673391.0
15854670650.0
15864165870.0
15872288249.0
15880675003.0
15889675448.0
15898548129.0
15907549282.0
15916706511.0
15925678643.0
15934334373.0
15942688567.0
15951333326.0
15960678839.0
15970243781.0
15978700610.0
15987676989.0
15996681681.0
16005310159.0
16013494473.0
16021401317.0
16030392560.0
16038697205.0
16047682786.0
16058698076.0
16067697459.0
16076689410.0
16085684900.0
16094685345.0
16103444419.0
16114334423.0
16124187098.0
16132397248.0
16141699230.0
16150352483.0
16158702429.0
16167696150.0
16176698718.0
16185327551.0
16193376669.0
16202126895.0
16210365004.0
16218693362.0
16227687436.0
16236692128.0
16246234773.0
16255114532.0
16264133735.0
16272694969.0
16282257787.0
16291163736.0
16299695242.0
16308706305.0
16317396011.0
16326708256.0
16335699145.0
16345195427.0
16354228432.0
16363121994.0
16371702694.0
16380704201.0
16390227734.0
16398705445.0
16408159256.0
16416709166.0
16427092715.0
16435323038.0
16444128829.0
16453196872.0
16462236956.0
16470701925.0
16479697769.0
16488700338.0
16498224933.0
16507589911.0
16516707856.0
16527079019.0
16537595287.0
16546345513.0
16556188987.0
16565134221.0
16575094840.0
16585652517.0
16594386109.0
16605138439.0
16615559150.0
16627116286.0
16636706356.0
16647505049.0
16657130510.0
16667089006.0
16677571299.0
16687108988.0
16697186401.0
16707509785.0
16717127459.0
16727509947.0
16737153812.0
16747564613.0
16757137341.0
16767560883.0
16777243678.0
16787545473.0
16797148638.0
16806339136.0
16816570501.0
16826558727.0
16836142072.0
16846198956.0
16858210521.0
16868169725.0
16877714139.0
16888140159.0
16898568302.0
16907364891.0
16917151384.0
16927549798.0
16937651277.0
16947515985.0
16957136845.0
16967527827.0
16978692470.0
16988194414.0
16998567700.0
17008141490.0
17018123698.0
17027515221.0
17037151653.0
17047528832.0
17057555988.0
17067095802.0
17077567830.0
17087548269.0
17097247699.0
17109288639.0
17119595388.0
17129368079.0
17139532554.0
17149573867.0
17158357715.0
17176184124.0
17186131649.0
17196576780.0
17209356697.0
17219583461.0
17229385881.0
17238123012.0
17248039746.0
17256357840.0
17266241306.0
17277049555.0
17286581936.0
17296137322.0
17306562280.0
17316127575.0
17325167305.0
17335103150.0
17345276120.0
17354142784.0
17364590039.0
17373356191.0
17383586849.0
17393581799.0
17405062135.0
17414358100.0
17423385442.0
17433177952.0
17442149376.0
17452599462.0
17461367030.0
17470378092.0
17480164231.0
17489564601.0
17499111847.0
17508373836.0
17517367202.0
17527475759.0
17537185806.0
17547074581.0
17557154824.0
17566703839.0
17575371249.0
17585118811.0
17594110762.0
17602403728.0
17612392307.0
17622607039.0
17631364343.0
17641236130.0
17651081373.0
17660163219.0
17668365228.0
17678109251.0
17687075366.0
17697367252.0
17707105966.0
17715367788.0
17725119597.0
17734206397.0
17742396728.0
17751369567.0
17761138364.0
17770231535.0
17778392491.0
17788113863.0
17797119263.0
17806314008.0
17815375680.0
17825118641.0
17834116255.0
17843095111.0
17853374609.0
17863103768.0
17871410890.0
17881194552.0
17890186503.0
17898375772.0
17908159079.0
17918108728.0
17926376920.0
17936168014.0
17944377456.0
17953377900.0
17963082639.0
17971380914.0
17982126166.0
17990379493.0
17999380292.0
18011098460.0
18020207203.0
18028381608.0
18038577582.0
18048130844.0
18056382756.0
18066167125.0
18075119791.0
18084166599.0
18093221547.0
18103102890.0
18113236221.0
18121390098.0
18131079972.0
18140177036.0
18148386832.0
18157719250.0
18166393030.0
18175168738.0
18184166352.0
18192416848.0
18200389166.0
18209174430.0
18218233979.0
18227205048.0
18236283355.0
18245168423.0
18253390960.0
18262275320.0
18270396283.0
18279163497.0
18288184469.0
18296421163.0
18305230493.0
18314202624.0
18323246601.0
18333282605.0
18342424970.0
18352110951.0
18361177932.0
18369396576.0
18379122195.0
18387399589.0
18397126624.0
18406718109.0
18415422680.0
18424399413.0
18432428357.0
18440399260.0
18449202573.0
18459126740.0
18468240084.0
18476420505.0
18484421136.0
18492430261.0
18500401872.0
18508412767.0
18516407027.0
18525247148.0
18534212909.0
18542432615.0
18550484210.0
18560405191.0
18568405115.0
18576405392.0
18584405316.0
18592453726.0
18600405871.0
18608415350.0
18616693098.0
18625554808.0
18634408023.0
18642465635.0
18650408224.0
18659168714.0
18667409655.0
18675414179.0
18684221386.0
18692438260.0
18700410578.0
18709216015.0
18718312017.0
18726411391.0
18734662595.0
18744216565.0
18753281069.0
18761450164.0
18770241091.0
18779199420.0
18787414170.0
18795437099.0
18805148207.0
18814302606.0
18822444804.0
18831189721.0
18840224142.0
18848422966.0
18856428553.0
18865221603.0
18873417950.0
18881418935.0
18890214816.0
18898466374.0
18907209876.0
18915442676.0
18924225463.0
18932449769.0
18940421379.0
18948426966.0
18956425827.0
18965230911.0
18973498041.0
18981710314.0
18990424087.0
18998423303.0
19006424288.0
19014423858.0
19022453510.0
19030446709.0
19038425044.0
19047195797.0
19056237650.0
19065335422.0
19073479743.0
19082455060.0
19090457461.0
19099215473.0
19107428101.0
19116234599.0
19124430946.0
19133248771.0
19142216301.0
19150432822.0
19158430975.0
19166438331.0
19183221395.0
19192231042.0
19201307579.0
19210332444.0
19218475703.0
19228256888.0
19237331655.0
19246377755.0
19254446338.0
19263406083.0
19272450413.0
19281365210.0
19289647205.0
19299248600.0
19308290453.0
19316448223.0
19326302668.0
19335281524.0
19344379296.0
19355256205.0
19363455737.0
19372300105.0
19380504592.0
19388451782.0
19398299149.0
19407240490.0
19416351710.0
19425353571.0
19435629176.0
19444597415.0
19452457541.0
19460487548.0
19469303956.0
19478283166.0
19487248573.0
19495460846.0
19505240969.0
19514283530.0
19522456872.0
19530464228.0
19538480786.0
19546458413.0
19554459398.0
19562458614.0
19570481896.0
19579297950.0
19587459613.0
19596432807.0
19605495895.0
19614479706.0
19622465119.0
19630507512.0
19638463196.0
19646617073.0
19655268203.0
19664265108.0
19672470303.0
19680470581.0
19688467319.0
19696464411.0
19705299223.0
19714405135.0
19723329134.0
19731552025.0
19740434970.0
19750411516.0
19759313218.0
19769467784.0
19777473724.0
19786460366.0
19794493558.0
19803423573.0
19813320488.0
19822577876.0
19830476226.0
19838494907.0
19846477135.0
19854477412.0
19862474150.0
19883688600.0
19892622863.0
19901492712.0
19911406615.0
19920557474.0
19929629056.0
19937474672.0
19945480259.0
19954414167.0
19963333211.0
19972315607.0
19981322068.0
19989473822.0
19997477992.0
