4786718.0
13470762.0
22514384.0
31835123.0
40488376.0
53556027.0
62461976.0
76862476.0
86498554.0
101687579.0
111509818.0
120455052.0
129870286.0
138509029.0
147530709.0
156768631.0
165801990.0
174507977.0
184844810.0
196720824.0
207564819.0
216459443.0
226540040.0
236787332.0
245850774.0
254475006.0
263778049.0
272813886.0
281549955.0
290623307.0
300798400.0
309489168.0
318619500.0
327864147.0
338681598.0
347877405.0
358827221.0
368848006.0
377577351.0
386862345.0
395504626.0
404596028.0
413849877.0
422548431.0
431848643.0
441854918.0
450526221.0
459525250.0
468794671.0
477889965.0
486507473.0
495822549.0
504851661.0
515812449.0
524802984.0
533546485.0
542785470.0
551490749.0
560863159.0
569853341.0
578699832.0
587538537.0
596806189.0
605855120.0
616664077.0
626884472.0
635575594.0
644874744.0
653661423.0
662882004.0
671901207.0
680571448.0
689945274.0
700964457.0
710910213.0
719577268.0
728894468.0
737789092.0
747718213.0
758654580.0
768574854.0
777915058.0
786535397.0
795886573.0
804885248.0
813584156.0
822886846.0
832978768.0
842893379.0
872985818.0
884637804.0
893914657.0
902897053.0
911575434.0
920584726.0
929996068.0
938571106.0
947889013.0
956586860.0
967459876.0
976617106.0
985626044.0
994892280.0
1003618794.0
1012894586.0
1021588539.0
1030947855.0
1042864216.0
1052900220.0
1061672743.0
1072895074.0
1081584427.0
1090893487.0
1101334017.0
1111020705.0
1120897447.0
1129591400.0
1139589535.0
1148904612.0
1159672514.0
1168900173.0
1177605098.0
1186899648.0
1195630054.0
1204922834.0
1213912307.0
1222549634.0
1230546373.0
1238575317.0
1247903135.0
1256586824.0
1265998874.0
1277752080.0
1286902939.0
1295615650.0
1304618926.0
1314013988.0
1324462304.0
1333601130.0
1342533623.0
1350549827.0
1358580541.0
1368954889.0
1377660168.0
1386934190.0
1395666366.0
1404905704.0
1413602489.0
1422908010.0
1431634170.0
1440908900.0
1451986833.0
1461914892.0
1470917815.0
1479643975.0
1490925764.0
1500811353.0
1511668443.0
1520911320.0
1529692337.0
1538924243.0
1547618197.0
1556916285.0
1565735879.0
1574921422.0
1586349379.0
1595941217.0
1604918304.0
1613674900.0
1622930519.0
1631595097.0
1640916544.0
1651986691.0
1661919352.0
1670587115.0
1679918118.0
1688601808.0
1698031199.0
1710291921.0
1719923752.0
1728595409.0
1737918980.0
1746550998.0
1754586313.0
1763919793.0
1772587910.0
1780610838.0
1789924499.0
1801037824.0
1812924456.0
1821581602.0
1829680976.0
1838936595.0
1847591618.0
1855659139.0
1864932453.0
1886805541.0
1896930378.0
1905613006.0
1914936223.0
1923648934.0
1932930034.0
1941586826.0
1949673105.0
1958967301.0
1970906666.0
1980933115.0
1989584952.0
1997675478.0
2006977460.0
2016962500.0
2026983993.0
2038660753.0
2047931943.0
2056651733.0
2068311151.0
2077940859.0
2086955814.0
2095601281.0
2105011915.0
2116751672.0
2126980560.0
2139943097.0
2149603242.0
2159975467.0
2169939626.0
2178574475.0
2186978925.0
2196971751.0
2205944236.0
2215658176.0
2224963697.0
2236029244.0
2245591354.0
2253587384.0
2261678972.0
2270952640.0
2279589967.0
2287625282.0
2297018928.0
2306764720.0
2316982283.0
2325594836.0
2333688901.0
2342943458.0
2354319035.0
2363601905.0
2371642883.0
2380971408.0
2389599887.0
2397590963.0
2405957544.0
2414989841.0
2424952230.0
2433585310.0
2445697033.0
2454954421.0
2463673502.0
2472954603.0
2481590514.0
2489679978.0
2498967803.0
2511788774.0
2521607474.0
2529584393.0
2538956096.0
2547670930.0
2556987068.0
2565629350.0
2573687670.0
2582966293.0
2594368767.0
2603810900.0
2613592084.0
2621679071.0
2630967958.0
2639601745.0
2647608747.0
2655650433.0
2664965863.0
2673607791.0
2681680267.0
2690973755.0
2702002140.0
2711591501.0
2719601689.0
2727653992.0
2737603640.0
2746990915.0
2755616563.0
2768013896.0
2777734561.0
2786978146.0
2795610164.0
2803615396.0
2812976128.0
2821594697.0
2829581526.0
2837707798.0
2846975803.0
2855591541.0
2863600313.0
2879602991.0
2887607869.0
2908668719.0
2917605813.0
2927678624.0
2936974235.0
2948023502.0
2957744166.0
2966998369.0
2976972791.0
2986965971.0
2998001081.0
3008605828.0
3016984088.0
3025597703.0
3033606474.0
3041820871.0
3051648064.0
3060980837.0
3069589850.0
3077730986.0
3086601544.0
3097903506.0
3108981440.0
3117615227.0
3125702568.0
3134974467.0
3143611086.0
3151603931.0
3159664020.0
3168985467.0
3178018119.0
3189969163.0
3200521177.0
3209697872.0
3218998084.0
3227623024.0
3235606668.0
3249926474.0
3259605730.0
3267692363.0
3276992575.0
3285979217.0
3295600785.0
3303660875.0
3313616186.0
3322978333.0
3334817894.0
3343883814.0
3353692603.0
3362514674.0
3371653147.0
3379609892.0
3387682015.0
3399732864.0
3409824433.0
3422887837.0
3431867400.0
3442535145.0
3451610266.0
3459671063.0
3468999942.0
3478017375.0
3486996939.0
3495653023.0
3504998537.0
3513995796.0
3523611348.0
3531676038.0
3543668491.0
3552648763.0
3560995878.0
3569756368.0
3579011986.0
3588021987.0
3598484460.0
3607641690.0
3615692577.0
3624994913.0
3634527294.0
3643999509.0
3653028621.0
3661615692.0
3669998199.0
3680967126.0
3689698241.0
3697732140.0
3706647291.0
3714602267.0
3723677742.0
3732996358.0
3741998219.0
3751626157.0
3761031836.0
3771000950.0
3780002810.0
3789001132.0
3797725522.0
3807688619.0
3818038193.0
3828032434.0
3838033047.0
3849871900.0
3858998693.0
3867686276.0
3877005246.0
3886005336.0
3896008072.0
3905758820.0
3925031331.0
3936900621.0
3947019795.0
3959039146.0
3969041528.0
3980884982.0
3990303402.0
4000625724.0
4009996719.0
4019034325.0
4028029815.0
4037016812.0
4047037597.0
4056012206.0
4065013005.0
4076910254.0
4087015980.0
4095657554.0
4104022719.0
4113021394.0
4121690927.0
4130538834.0
4140034408.0
4150015909.0
4159661189.0
4168661280.0
4178599603.0
4188019085.0
4197024131.0
4205699680.0
4215722589.0
4226960847.0
4237026226.0
4247019406.0
4256021974.0
4265039407.0
4275835269.0
4285649721.0
4295538496.0
4305044687.0
4315034328.0
4323664223.0
4331649990.0
4342555212.0
4352028843.0
4361697482.0
4370566978.0
4382027494.0
4392024922.0
4404349348.0
4413719989.0
4423041082.0
4433057267.0
4442048156.0
4452030365.0
4462033454.0
4472030528.0
4481054685.0
4493700467.0
4502529971.0
4512464047.0
4524582848.0
4535032226.0
4545035316.0
4555045838.0
4565056713.0
4576046876.0
4586047134.0
4596031112.0
4606038449.0
4616041185.0
4629466291.0
4639041496.0
4649720566.0
4658513262.0
4668038918.0
4678481572.0
4687050947.0
4705023523.0
4714041310.0
4723053434.0
4733055816.0
4742045643.0
4752593410.0
4763947044.0
4772952798.0
4782050216.0
4790962182.0
4800856619.0
4811057194.0
4821038695.0
4831058419.0
4841056553.0
4850538678.0
4860955850.0
4869944970.0
4888624671.0
4898648288.0
4909041747.0
4919044129.0
4930484119.0
4944776674.0
4954052819.0
4964059802.0
4973733396.0
4982055383.0
4991051227.0
5001059979.0
5011989976.0
5020974848.0
5032375200.0
5042574713.0
5052061439.0
5062061343.0
5072054877.0
5081660873.0
5090662379.0
5100540536.0
5112590678.0
5122507766.0
5131062276.0
5141695691.0
5150571557.0
5161612329.0
5171053754.0
5181940927.0
5191609565.0
5200962865.0
5210571338.0
5220581506.0
5230549558.0
5240058226.0
5249801896.0
5259061407.0
5270957241.0
5281950235.0
5293640797.0
5304579641.0
5314888161.0
5323993365.0
5332991686.0
5342012658.0
5350934180.0
5359973909.0
5369014347.0
5382317352.0
5392613838.0
5402588261.0
5414017987.0
5424958601.0
5435051585.0
5444052738.0
5453580518.0
5462470541.0
5471052303.0
5479697770.0
5489573450.0
5498479753.0
5508498415.0
5516672465.0
5525773776.0
5534478347.0
5543053738.0
5553441535.0
5561693447.0
5570495699.0
5580488171.0
5589055776.0
5597720355.0
5606064285.0
5615058005.0
5623814956.0
5633581629.0
5642063941.0
5651059431.0
5660058814.0
5669581639.0
5678476617.0
5686768875.0
5696061301.0
5705616333.0
5713828606.0
5723061928.0
5731681913.0
5741580243.0
5750066094.0
5759061230.0
5768495930.0
5777577776.0
5786538936.0
5796501325.0
5805482305.0
5815707654.0
5825583334.0
5834466278.0
5843491144.0
5852485218.0
5861584052.0
5870482215.0
5879067516.0
5887757222.0
5897576629.0
5906482225.0
5914689897.0
5924492316.0
5933586195.0
5941695125.0
5951500375.0
5959693183.0
5968692212.0
5978485076.0
5987491891.0
5996500476.0
6005641426.0
6014538881.0
6023500041.0
6032507210.0
6040695417.0
6050497483.0
6058695599.0
6068504389.0
6077653125.0
6085696934.0
6094449637.0
6103507771.0
6111731369.0
6121498397.0
6130455310.0
6138700497.0
6148530876.0
6158499282.0
6167493710.0
6176521407.0
6185583787.0
6194487613.0
6203517079.0
6211703162.0
6223508040.0
6232513439.0
6241499727.0
6250453101.0
6259500971.0
6268524421.0
6278503090.0
6287496457.0
6296499379.0
6305756059.0
6313711035.0
6321710959.0
6330458354.0
6340902777.0
6353450525.0
6361708807.0
6371857356.0
6381473969.0
6389713494.0
6398710754.0
6408851163.0
6417742248.0
6427506090.0
6437658533.0
6447991826.0
6457928026.0
6466848131.0
6475922191.0
6484785316.0
6493715332.0
6503835922.0
6512715681.0
6524716274.0
6533729814.0
6542543391.0
6551717609.0
6560497918.0
6568717977.0
6578543047.0
6587746640.0
6595724267.0
6604523687.0
6613720556.0
6622473259.0
6631515820.0
6639723492.0
6648741633.0
6657508139.0
6666476732.0
6674723335.0
6683723072.0
6691724057.0
6700504366.0
6709509058.0
6717796716.0
6727524812.0
6737743083.0
6745725665.0
6754467751.0
6762748330.0
6771603669.0
6780530145.0
6789499446.0
6797746403.0
6806498045.0
6814728368.0
6823728813.0
6832526109.0
6841729702.0
6851518319.0
6859730946.0
6868573190.0
6877744931.0
6894331925.0
6903577280.0
6912543041.0
6921733893.0
6930478810.0
6938756558.0
6947734706.0
6956556069.0
6964736136.0
6973741182.0
6981779328.0
6990740489.0
7000548570.0
7009742961.0
7018536719.0
7026738375.0
7035614949.0
7044567261.0
7053548241.0
7061740341.0
7070512510.0
7079568520.0
7087742570.0
7096574197.0
7106482083.0
7115597551.0
7124521903.0
7132742671.0
7141768952.0
7150495465.0
7158825239.0
7167744637.0
7176556444.0
7184745005.0
7193745450.0
7201748559.0
7212746153.0
7221518322.0
7229748999.0
7237751400.0
7246529232.0
7254748229.0
7263613124.0
7272529691.0
7280749397.0
7289753027.0
7297753304.0
7306514856.0
7314750841.0
7323752348.0
7332540443.0
7340752009.0
7348960389.0
7357752377.0
7365770704.0
7373753994.0
7381799926.0
7390548383.0
7398754286.0
7407755084.0
7416564061.0
7424755453.0
7433756606.0
7442565228.0
7451558240.0
7459776176.0
7468575243.0
7477567902.0
7485771327.0
7493810181.0
7501838418.0
7510765249.0
7519647485.0
7528574316.0
7537840906.0
7546781539.0
7555652450.0
7564594853.0
7573762346.0
7582522128.0
7590960200.0
7600579998.0
7609790315.0
7618532755.0
7626764848.0
7635619833.0
7644560466.0
7653565866.0
7661768230.0
7669786557.0
7678531474.0
7686767460.0
7695634478.0
7703767474.0
7712571850.0
7721768718.0
7729854289.0
7738768732.0
7747573816.0
7755776887.0
7764798921.0
7773558703.0
7781775931.0
7789790011.0
7798534220.0
7807787362.0
7816590321.0
7825576963.0
7835581469.0
7845562262.0
7853783029.0
7861782245.0
7869803403.0
7877815714.0
7887673698.0
7896783149.0
7905791026.0
7913788472.0
7921784857.0
7930592417.0
7938785579.0
7948650995.0
7957802562.0
7967617722.0
7975790357.0
7995852101.0
8006008791.0
8015788205.0
8023788837.0
8033846430.0
8043738743.0
8056646070.0
8065804362.0
8074814362.0
8083791449.0
8093747114.0
8103689684.0
8112792764.0
8121793209.0
8129875241.0
8138818352.0
8147811364.0
8157624047.0
8165837382.0
8174796773.0
8183795448.0
8191798203.0
8200797232.0
8210599297.0
8222620771.0
8231799944.0
8241677040.0
8249819945.0
8257815622.0
8267649540.0
8275799877.0
8284662649.0
8293804306.0
8302598064.0
8312634422.0
8320820859.0
8329828383.0
8339635403.0
8347819717.0
8356803881.0
8365804326.0
8373804250.0
8383804154.0
8393742477.0
8403939513.0
8412806178.0
8421806622.0
8429827781.0
8437824519.0
8445807809.0
8453808794.0
8461814380.0
8469828460.0
8477826614.0
8485816982.0
8493809474.0
8502603231.0
8510816920.0
8519830106.0
8529702601.0
8537837366.0
8547740652.0
8556812234.0
8566602974.0
8574813124.0
8584781175.0
8594613678.0
8604669855.0
8612814884.0
8620815161.0
8629836487.0
8639644569.0
8647834192.0
8657697838.0
8667714731.0
8677714281.0
8685817902.0
8694073354.0
8702820040.0
8711826856.0
8719849784.0
8728820500.0
8737821653.0
8745820160.0
8753859723.0
8761821069.0
8769853907.0
8777827287.0
8785822610.0
8793822179.0
8802620184.0
8810852277.0
8819855553.0
8828846442.0
8838568522.0
8846825389.0
8855996067.0
8867826781.0
8875833075.0
8885757949.0
8903666467.0
8912851302.0
8922576921.0
8931832894.0
8943965144.0
8953667404.0
8961831545.0
8969836070.0
8977831392.0
8987688668.0
8995832990.0
9005665492.0
9018634754.0
9027833392.0
9037699870.0
9045837113.0
9053835267.0
9061834483.0
9069841131.0
9077835392.0
9085835669.0
9095662508.0
9105742398.0
9113836817.0
9121837802.0
9129837018.0
9137853930.0
9145837927.0
9153839620.0
9161838836.0
9169858579.0
9178867518.0
9188578980.0
9198878652.0
9207841582.0
9217740620.0
9225841763.0
9233862922.0
9241843026.0
9249847905.0
9259571400.0
9267844547.0
9277683066.0
9288642084.0
9297867619.0
9306635187.0
9314849230.0
9323845782.0
9332847642.0
9340846858.0
9350677944.0
9361847188.0
9369854898.0
9377858007.0
9385849082.0
9393848298.0
9401849283.0
9409855224.0
9419552530.0
9427850451.0
9437774971.0
9448642324.0
9457852288.0
9465852211.0
9473919379.0
9482879477.0
9491855502.0
9500637580.0
9508940456.0
9517855253.0
9525855177.0
9533875628.0
9541855378.0
9551528264.0
9559855914.0
9568891750.0
9577857511.0
9585857081.0
9593857358.0
9602681553.0
9612689598.0
9620858339.0
9628891885.0
9637860123.0
9645860047.0
9653861032.0
9661860602.0
9672991269.0
9682652475.0
9691082053.0
9701814564.0
9711749702.0
9719869603.0
9728896592.0
9737864122.0
9745864754.0
9753865385.0
9761865663.0
9769870895.0
9778896114.0
9787873908.0
9795866400.0
9805709519.0
9816646948.0
9825868236.0
9835621107.0
9843869126.0
9853561831.0
9861890543.0
9869877018.0
9877869863.0
9885869787.0
9893871126.0
9902545968.0
9910871494.0
9918904332.0
9927872924.0
9936909115.0
9945944243.0
9954880983.0
9963873996.0
9972873379.0
9980874011.0
9988909326.0
10000769060.0
10010662082.0
10030980062.0
10041045441.0
10051563832.0
10059884404.0
10068906438.0
10077878923.0
10085878847.0
10093879478.0
10102883816.0
10112669247.0
10121879918.0
10129881966.0
10138911432.0
10147882147.0
10157648113.0
10167882664.0
10176882401.0
10185883200.0
10193884185.0
10203668555.0
10213680492.0
10222890102.0
10231890193.0
10240888514.0
10249917626.0
10258886219.0
10268556981.0
10276895602.0
10285887553.0
10295559731.0
10304745982.0
10314637942.0
10323889667.0
10335890968.0
10344912294.0
10354513335.0
10362890887.0
10371892394.0
10380891069.0
10389921597.0
10399634121.0
10410674894.0
10419928035.0
10429669226.0
10437897780.0
10445894518.0
10453896211.0
10463567328.0
10471895685.0
10480896484.0
10489934090.0
10499038587.0
10510953532.0
10519998924.0
10529760643.0
10537899656.0
10547571834.0
10555920719.0
10564899575.0
10573900020.0
10583571136.0
10591901263.0
10601664044.0
10612027420.0
10621573250.0
10629930629.0
10639575909.0
10647905683.0
10656904004.0
10665907280.0
10673904373.0
10681905004.0
10691661768.0
10700753523.0
10708908816.0
10717963764.0
10726909352.0
10736569851.0
10746909869.0
10755908544.0
10764907927.0
10773937747.0
10781909357.0
10789940425.0
10798939455.0
10810723097.0
10821694148.0
10830916498.0
10839947380.0
10848911725.0
10857912170.0
10865949963.0
10875642314.0
10883914045.0
10893578437.0
10912736279.0
10922573736.0
10930925452.0
10939938992.0
10948918202.0
10957931034.0
10966948113.0
10975917413.0
10985719478.0
10994918824.0
11004787426.0
11013924482.0
11021924760.0
11029921498.0
11052067455.0
11060913946.0
11069914391.0
11079594355.0
11088537112.0
11096945455.0
11106862189.0
11116032514.0
11124916520.0
11133916965.0
11143558352.0
11153746186.0
11163927650.0
11172922786.0
11181918984.0
11189928817.0
11197919893.0
11206529260.0
11214920615.0
11224040684.0
11232922920.0
11241921242.0
11249922227.0
11257922151.0
11266545675.0
11274945877.0
11283923672.0
11292927656.0
11302563026.0
11310972785.0
11319925805.0
11330925877.0
11339928799.0
11349045329.0
11357930751.0
11365927135.0
11374533317.0
11382928565.0
11391931134.0
11400942196.0
11409932731.0
11418929283.0
11427929728.0
11437639775.0
11445930264.0
11453931603.0
11461930819.0
11470557882.0
11478936496.0
11487932694.0
11496959682.0
11506555060.0
11514933674.0
11523934119.0
11532937749.0
11541935009.0
11549939180.0
11557935564.0
11566553425.0
11574935932.0
11583936731.0
11592936822.0
11602856742.0
11611608383.0
11621639786.0
11630525562.0
11638938860.0
11647941428.0
11659583504.0
11667944423.0
11676993354.0
11686508039.0
11695562987.0
11704616873.0
11714534315.0
11723563781.0
11731943103.0
11740945318.0
11750532556.0
11758956825.0
11768542293.0
11776977888.0
11785946126.0
11795549291.0
11804909314.0
11814032214.0
11822947719.0
11831947456.0
11841628482.0
11850511781.0
11858976750.0
11867949590.0
11877584606.0
11885950126.0
11894949863.0
11904933487.0
11913952335.0
11923563994.0
11931951809.0
11941590011.0
11950953221.0
11959952958.0
11969764932.0
11977958448.0
11987556658.0
11997964982.0
12008762967.0
12018575650.0
12027674837.0
12036956292.0
12046547777.0
12054963198.0
12064585474.0
12073628743.0
12083638203.0
12093552813.0
12102914961.0
12113028826.0
12122015468.0
12131001403.0
12140042902.0
12149066705.0
12157966284.0
12167567325.0
12176569185.0
12184963018.0
12193963463.0
12203971507.0
12213006990.0
12222095560.0
12230997970.0
12239967978.0
12249935322.0
12259651032.0
12269660492.0
12277967261.0
12286967352.0
12296565207.0
12305789681.0
12315655805.0
12323968945.0
12332988501.0
12344704546.0
12354595444.0
12363970686.0
12373580575.0
12381971222.0
12391606239.0
12400050681.0
12412985613.0
12422554094.0
12431001013.0
12440588959.0
12448974298.0
12457975096.0
12467569059.0
12476584722.0
12484976431.0
12493976522.0
12503650470.0
12513660638.0
12522546414.0
12531619411.0
12541884045.0
12550604896.0
12558991296.0
12567980062.0
12577675952.0
12585980598.0
12595588009.0
12604664546.0
12614002981.0
12623583848.0
12631982636.0
12641931576.0
12650571380.0
12659594122.0
12667983707.0
12676989815.0
12686566789.0
12696985377.0
12706601636.0
12716888213.0
12725686571.0
12733989801.0
12743586949.0
12751989629.0
12761833102.0
12770580497.0
12779011137.0
12787993532.0
12797703579.0
12806632533.0
12815990079.0
12825577671.0
12834552634.0
12843013357.0
12852016279.0
12861746145.0
12869998411.0
12878993193.0
12888592464.0
12897666524.0
12906000898.0
12922924821.0
12932014099.0
12940998971.0
12949996231.0
12959748040.0
12968596301.0
12976997566.0
12986581264.0
12995543840.0
13004654707.0
13014647179.0
13023007390.0
13032599229.0
13043609564.0
13052003396.0
13061001718.0
13070586124.0
13079732737.0
13089036842.0
13098562852.0
13108003569.0
13117767057.0
13128004440.0
13137004531.0
13146563455.0
13155005420.0
13164603984.0
13173005956.0
13182008171.0
13192621058.0
13202072392.0
13211009132.0
13221599369.0
13230569023.0
13239038594.0
13248009310.0
13257792263.0
13266012677.0
13275066917.0
13284627257.0
13293600805.0
13302640888.0
13312642208.0
13321630620.0
13330552141.0
13339040469.0
13348652482.0
13358020292.0
13368843051.0
13378590614.0
13389047070.0
13398590776.0
13407016461.0
13416671297.0
13426587677.0
13435017609.0
13444652626.0
13453018853.0
13462024607.0
13471641927.0
13480647327.0
13489061687.0
13498020369.0
13508021690.0
13517876134.0
13526615743.0
13535038596.0
13544652378.0
13553024622.0
13562635572.0
13571801650.0
13580024187.0
13589032064.0
13598637352.0
13608652121.0
13617027549.0
13627902335.0
13636775370.0
13645026220.0
13654027373.0
13663778474.0
13672028262.0
13681076840.0
13690703717.0
13700483131.0
13710031085.0
13719029406.0
13730031601.0
13739053281.0
13748031783.0
13757031520.0
13766043998.0
13775088683.0
13784037456.0
13793052057.0
13802724943.0
13811702383.0
13820033927.0
13829034371.0
13838034462.0
13847034553.0
13856035706.0
13865035797.0
13874039427.0
13883583487.0
13892070400.0
13901831057.0
13910038021.0
13919045191.0
13928038911.0
13937054220.0
13946040509.0
13955080946.0
13964040337.0
13973056354.0
13982071663.0
13991041317.0
14000632449.0
14009044331.0
14018043006.0
14027063624.0
14036043896.0
14045043987.0
14054044785.0
14063047354.0
14072077528.0
14081060985.0
14090051874.0
14099052672.0
14109046914.0
14118595221.0
14127047450.0
14136054973.0
14145048340.0
14154049846.0
14163049230.0
14172079757.0
14181113470.0
14190050210.0
14199050655.0
14209050560.0
14218054544.0
14228051971.0
14239052750.0
14248053195.0
14257798280.0
14266053377.0
14275058423.0
14284675036.0
14293054358.0
14302709194.0
14311055601.0
14320056046.0
14329056137.0
14338056936.0
14347086402.0
14356762827.0
14365057563.0
14374057654.0
14383059160.0
14392087565.0
14401060050.0
14410060141.0
14419070142.0
14428063862.0
14438061289.0
14447065273.0
14456736036.0
14466063145.0
14475084825.0
14484071113.0
14493084653.0
14502723209.0
14511064662.0
14520064399.0
14529077939.0
14538065642.0
14547773212.0
14556736496.0
14565066623.0
14574067776.0
14583067159.0
14592094501.0
14601724209.0
14610073802.0
14619084865.0
14628069029.0
14637069474.0
14646070273.0
14655076027.0
14664070809.0
14673820495.0
14682102135.0
14691072851.0
14700720609.0
14709072679.0
14718077725.0
14727073569.0
14736074014.0
14745074459.0
14754116312.0
14763097999.0
14772104815.0
14781076592.0
14790084115.0
14799076066.0
14809076679.0
14818077123.0
14827077568.0
14836078367.0
14845078104.0
14854743558.0
14863079702.0
14872857701.0
14881854606.0
14890080682.0
14899088206.0
14911858213.0
14927431945.0
14936083074.0
14945973265.0
14954828250.0
14963084055.0
14972798349.0
14981084591.0
14990796053.0
15000783571.0
15009114406.0
15018087599.0
15027856043.0
15036087781.0
15045087518.0
15054765359.0
15063853929.0
15072088145.0
15081792529.0
15090093282.0
15100877111.0
15110125651.0
15119125388.0
15128810307.0
15137092302.0
15146791731.0
15155805625.0
15164093283.0
15173924015.0
15182097711.0
15191996396.0
15201051698.0
15210535238.0
15219922514.0
15228095856.0
15237096655.0
15246772372.0
15255097545.0
15266098324.0
15275839870.0
15284112663.0
15293902341.0
15302756973.0
15312098947.0
15321862435.0
15330738301.0
15340842611.0
15349127083.0
15358102400.0
15368084609.0
15377102749.0
15386864114.0
15395102577.0
15404103376.0
15413916413.0
15422831918.0
15432509405.0
15442536561.0
15451831818.0
15460601155.0
15471086987.0
15480111498.0
15489956741.0
15498818451.0
15508108045.0
15517108490.0
15526108935.0
15535109380.0
15544110179.0
15553109916.0
15562696092.0
15572060009.0
15580573465.0
15589111695.0
15598119572.0
15608113106.0
15617133016.0
15626112934.0
15635113733.0
15644114532.0
15653119224.0
15662122854.0
15671115158.0
15680562600.0
15689117110.0
15698116139.0
15708116398.0
15717124275.0
15726537740.0
15735118086.0
15744117469.0
15753118976.0
15762119067.0
15771119158.0
15782119937.0
15791124629.0
15800766724.0
15809123749.0
15818122071.0
15827124285.0
15836122607.0
15845124467.0
15854123496.0
15863122880.0
15872124032.0
15881126955.0
15890565548.0
15899125013.0
15909125979.0
15918126778.0
15927126161.0
15936126606.0
15945127759.0
15954539100.0
15963128648.0
15972128031.0
15981566625.0
15990129275.0
15999129012.0
16009128917.0
16018130069.0
16027130514.0
16036875599.0
16045860825.0
16054132557.0
16063905601.0
16072133446.0
16081978336.0
16090813148.0
16099134073.0
16111949382.0
16121979723.0
16136974802.0
16147788360.0
16156856756.0
16165708556.0
16174792172.0
16183719356.0
16192854997.0
16201873137.0
16210634335.0
16219832973.0
16230727578.0
16239913829.0
16248686705.0
16257939139.0
16266645833.0
16280735594.0
16290012801.0
16298828148.0
16308708075.0
16317674544.0
16326794258.0
16336702498.0
16346685769.0
16355827072.0
16364688074.0
16373926351.0
16384781317.0
16394826523.0
16404107269.0
16414642649.0
16424721477.0
16434828972.0
16445857003.0
16454839044.0
16463696861.0
16472841704.0
16481927796.0
16492743124.0
16503811148.0
16514013492.0
16522808312.0
16532693901.0
16542000484.0
16550693021.0
16559754694.0
16570827672.0
16580846688.0
16589787321.0
16598840146.0
16608697776.0
16618663350.0
16627861988.0
16638711292.0
16647901790.0
16656720676.0
16665765360.0
16675861884.0
16684720054.0
16693867728.0
16702823934.0
16711745101.0
16720881450.0
16731824541.0
16741734905.0
16750814627.0
16762667991.0
16771892465.0
16782956242.0
16792938096.0
16801998353.0
16810665055.0
16819862277.0
16828716555.0
16837859982.0
16846659756.0
16855862287.0
16866872976.0
16876729191.0
16885863062.0
16894719109.0
16903722385.0
16912941197.0
16922829971.0
16941128859.0
16951005246.0
16959759365.0
16968855014.0
16977758839.0
16986810248.0
16995762561.0
17004707441.0
17015748213.0
17024853771.0
17033796173.0
17042909871.0
17051711415.0
17060882094.0
17069792290.0
17080960826.0
17089831384.0
17100670070.0
17109843934.0
17118668482.0
17128109199.0
17139061138.0
17158944155.0
17167718093.0
17176883109.0
17185829759.0
17194816755.0
17206694539.0
17215896716.0
17224729051.0
17233931936.0
17242670129.0
17251983789.0
17260745341.0
17271070494.0
17280855572.0
17289698170.0
17298815053.0
17308730018.0
17318701255.0
17327859900.0
17338695047.0
17347862187.0
17356720711.0
17365907316.0
17374665328.0
17383880600.0
17395592752.0
17404907474.0
17413750780.0
17422791925.0
17432933042.0
17441932072.0
17451975862.0
17460703083.0
17469847218.0
17480082123.0
17490005935.0
17498705551.0
17509722257.0
17518809412.0
17527965934.0
17537881960.0
17548826821.0
17558902817.0
17567720287.0
17576873270.0
17585865929.0
17594859295.0
17603775154.0
17612859123.0
17621822053.0
17631034848.0
17641893353.0
17650666584.0
17659882210.0
17668780373.0
17678886098.0
17687865308.0
17696724894.0
17705803201.0
17716799026.0
17728890221.0
17737728573.0
17746661065.0
17755873152.0
17764736632.0
17776101591.0
17786700676.0
17795866046.0
17804877462.0
17813803584.0
17824795516.0
17834854171.0
17843722959.0
17852870279.0
17861978668.0
17870709429.0
17879888955.0
17893792202.0
17902795479.0
17911864229.0
17920727001.0
17930855377.0
17939804504.0
17949106485.0
17958915275.0
17969925257.0
17978750159.0
17987865273.0
17996713888.0
18005676817.0
18014584890.0
18023596306.0
18032628604.0
18041675411.0
18050593394.0
18059622860.0
18068602424.0
18077674714.0
18086573584.0
18095593141.0
18104837080.0
18113764618.0
18122598722.0
18131597398.0
18140590764.0
18149674026.0
18158824885.0
18167844087.0
18176589712.0
18185673682.0
18194902402.0
18203840204.0
18213897089.0
18224927244.0
18233679593.0
18242928134.0
18251952645.0
18260590325.0
18269672171.0
18278889921.0
18287659966.0
18296901428.0
18306007694.0
18315695090.0
18324903992.0
18333906914.0
18342582817.0
18351963014.0
18361933544.0
18370556360.0
18379620864.0
18388974163.0
18397605119.0
18406868878.0
18415635030.0
18424633352.0
18434573444.0
18443601495.0
18452936390.0
18461681662.0
18470581594.0
18479594072.0
18488593102.0
18497732636.0
18506824745.0
18515633367.0
18524607622.0
18533705394.0
18542635409.0
18551599401.0
18560921202.0
18569682753.0
18578898733.0
18587608613.0
18596614720.0
18606555521.0
18616016764.0
18624601004.0
18633953595.0
18643141616.0
18652657363.0
18661608967.0
18670863170.0
18679596408.0
18688635430.0
18698908558.0
18708907400.0
18717580473.0
18726926340.0
18738570185.0
18747643183.0
18756971355.0
18765618945.0
18774939330.0
18784025069.0
18792597983.0
18801887931.0
18811919688.0
18820626382.0
18829597098.0
18838865104.0
18847915805.0
18856690805.0
18866035257.0
18874560746.0
18885587715.0
18894869878.0
18903987469.0
18914052848.0
18922549670.0
18931916064.0
18949142585.0
18958551095.0
18967603920.0
18977774412.0
18986577017.0
18995598697.0
19005150190.0
19014556931.0
19023991277.0
19032607015.0
19041709387.0
19050870864.0
19059988455.0
19068602424.0
19077898743.0
19086562967.0
19095979617.0
19104776914.0
19113744799.0
19122559084.0
19131958038.0
19140601382.0
19149586608.0
19158871956.0
19167967958.0
19176604931.0
19185650323.0
19194883291.0
19203930807.0
19213629174.0
19222881254.0
19231916382.0
19240624139.0
19249987702.0
19260941410.0
19270076343.0
19279883010.0
19288751798.0
19297981580.0
19306822055.0
19315919119.0
19324773396.0
19334715259.0
19343900448.0
19353163145.0
19362687739.0
19371959638.0
19380873727.0
19389718449.0
19398824007.0
19407784813.0
19416880108.0
19425786411.0
19434831449.0
19443968506.0
19452738905.0
19461861451.0
19470682107.0
19479927815.0
19488719804.0
19497865000.0
19506826514.0
19515819173.0
19525723874.0
19534858807.0
19543765110.0
19552918093.0
19561735917.0
19570837228.0
19581103631.0
19590832790.0
19600711655.0
19610722531.0
19619874806.0
19628720589.0
19637993904.0
19646853844.0
19657775700.0
19667739151.0
19676900274.0
19685816841.0
19694913551.0
19703895592.0
19712844719.0
19722835776.0
19731790565.0
19740923729.0
19749874625.0
19758692095.0
19767943467.0
19776768723.0
19786677317.0
19795886219.0
19804954262.0
19815165808.0
19824752338.0
19833875592.0
19843078477.0
19853937336.0
19863929809.0
19872727459.0
19882731965.0
19893606042.0
19903121436.0
19912627627.0
19921986943.0
19930872011.0
19939607373.0
19948625513.0
19957917585.0
19966559867.0
19975930154.0
19985044560.0
19995657801.0
