1870094.0
10833731.0
19834530.0
28477520.0
36456562.0
44631320.0
52707336.0
62890569.0
77731340.0
86917591.0
100936569.0
111985481.0
120870903.0
129471069.0
138929481.0
147953285.0
156457539.0
165483466.0
174925598.0
185632273.0
197616940.0
206853801.0
216874587.0
227340599.0
236467746.0
245533665.0
254886965.0
263464480.0
272500670.0
282017833.0
291368301.0
300475982.0
309900419.0
319318485.0
327545269.0
337955008.0
349980022.0
358510820.0
367491445.0
375581617.0
383456255.0
391472104.0
399905575.0
408486275.0
416472396.0
424485061.0
432550813.0
441539932.0
450943488.0
459941809.0
468484994.0
477573564.0
486925448.0
495506502.0
505563387.0
515495340.0
524486583.0
533962337.0
542470484.0
551900938.0
560546758.0
569537294.0
579471370.0
587948018.0
596493327.0
606533224.0
615860333.0
624855116.0
633552608.0
641540145.0
649473532.0
657519819.0
665582031.0
673977279.0
682510201.0
690531713.0
700557454.0
708860683.0
717575518.0
725541466.0
733499627.0
741550868.0
749682803.0
757891183.0
766510460.0
774511445.0
782550300.0
790512000.0
798513339.0
806875319.0
815498489.0
823620160.0
832494611.0
840864731.0
849732103.0
857633284.0
873508553.0
883865559.0
892499346.0
900690385.0
909554572.0
917883637.0
926553878.0
934518764.0
942533906.0
950556834.0
958517473.0
966683030.0
974554481.0
982869037.0
991570068.0
1000880190.0
1009512208.0
1017551416.0
1025574698.0
1033657792.0
1041942618.0
1050875819.0
1059523055.0
1067576066.0
1075547323.0
1083491328.0
1091599196.0
1100591500.0
1108639203.0
1117587268.0
1125583298.0
1133552077.0
1141574298.0
1149601827.0
1158878680.0
1167533349.0
1175593438.0
1183687149.0
1191538428.0
1200449686.0
1208889528.0
1218531977.0
1226554905.0
1234517313.0
1242521838.0
1250567416.0
1258535134.0
1266522670.0
1276889586.0
1285609021.0
1293557981.0
1301898726.0
1310563304.0
1318517926.0
1326879906.0
1335554040.0
1343880628.0
1352567150.0
1360504430.0
1368573367.0
1376889338.0
1385582937.0
1393578968.0
1401561196.0
1409553333.0
1417501231.0
1425587864.0
1433557351.0
1441614609.0
1451587969.0
1459894738.0
1468802103.0
1477572856.0
1485602863.0
1493558193.0
1501616513.0
1510892304.0
1519578826.0
1527520707.0
1535600969.0
1543578596.0
1551522955.0
1559576320.0
1567577305.0
1575725166.0
1585601199.0
1593897351.0
1602902043.0
1611539724.0
1619570792.0
1627577440.0
1635555067.0
1643691248.0
1651584643.0
1659902737.0
1668580410.0
1676568654.0
1684611048.0
1692575226.0
1700820413.0
1709563207.0
1717917755.0
1726520752.0
1734527754.0
1742555991.0
1750538926.0
1758527170.0
1766559654.0
1774522771.0
1782528357.0
1790634809.0
1800652763.0
1808920955.0
1817555805.0
1825609524.0
1833562730.0
1841577164.0
1849583458.0
1857620543.0
1865638163.0
1875949867.0
1884568790.0
1892917675.0
1902448287.0
1910919627.0
1919566863.0
1927592623.0
1935585468.0
1943578313.0
1951589916.0
1959555156.0
1969996040.0
1978912960.0
1987584971.0
1995574985.0
2003581633.0
2011577663.0
2019567677.0
2027675899.0
2037920006.0
2046562641.0
2054576368.0
2063489395.0
2072570887.0
2080595231.0
2088910848.0
2097568348.0
2105559423.0
2115927401.0
2124920767.0
2133933245.0
2142539427.0
2150922288.0
2159578727.0
2167925488.0
2176644923.0
2184925503.0
2193562121.0
2201964802.0
2210741925.0
2219593372.0
2227585509.0
2235627549.0
2243576508.0
2251600498.0
2259627319.0
2267569201.0
2275581511.0
2283654695.0
2293589125.0
2301580909.0
2309554643.0
2319631701.0
2327570751.0
2335589078.0
2343627224.0
2353584659.0
2361561578.0
2369560794.0
2377577351.0
2385567011.0
2393563749.0
2401939532.0
2410931837.0
2419585090.0
2427631730.0
2435584583.0
2444861791.0
2453561407.0
2461576195.0
2469566916.0
2477562239.0
2485583044.0
2493572704.0
2501642703.0
2510945038.0
2519574225.0
2527618034.0
2535636007.0
2543578242.0
2551586660.0
2559634008.0
2567589338.0
2575593509.0
2583576798.0
2593580242.0
2602847540.0
2611590687.0
2619626003.0
2627579563.0
2635609924.0
2643633559.0
2651575441.0
2659604385.0
2667594045.0
2675578043.0
2683603448.0
2691574705.0
2701601153.0
2709568516.0
2717604893.0
2725578627.0
2733567225.0
2741590153.0
2749580875.0
2757731921.0
2767610078.0
2775627697.0
2783578072.0
2791579766.0
2800442891.0
2808959532.0
2817596151.0
2825594305.0
2833573702.0
2841567609.0
2849592306.0
2857610987.0
2865622590.0
2881587046.0
2889570335.0
2897581938.0
2905594956.0
2913574353.0
2921593388.0
2929614192.0
2937627565.0
2947618975.0
2955647920.0
2963611390.0
2971607421.0
2979642382.0
2987623194.0
2997602571.0
3005964551.0
3014971720.0
3023583919.0
3031583843.0
3039631899.0
3047610587.0
3055580074.0
3063635209.0
3071726443.0
3079590462.0
3087687005.0
3096964920.0
3105573580.0
3113599339.0
3121580151.0
3129953457.0
3138968412.0
3147681831.0
3155582304.0
3163594615.0
3171675939.0
3179862376.0
3188971473.0
3197632867.0
3205648008.0
3213577857.0
3221671922.0
3229585136.0
3238769263.0
3248970192.0
3257697414.0
3265623369.0
3273865725.0
3281730453.0
3289976702.0
3298575806.0
3306978132.0
3315606611.0
3323602641.0
3333964248.0
3342972125.0
3351631395.0
3359966477.0
3368977540.0
3377763157.0
3385586830.0
3394428721.0
3402978984.0
3411730272.0
3421992782.0
3430967391.0
3439596578.0
3447662330.0
3455584038.0
3463594933.0
3471662101.0
3479966392.0
3488967191.0
3497726619.0
3506982945.0
3515852441.0
3524994453.0
3536025669.0
3545039209.0
3554524165.0
3562987365.0
3571650528.0
3580560724.0
3589904114.0
3600437724.0
3609993463.0
3619027176.0
3627714405.0
3635881731.0
3645453397.0
3654991795.0
3663685748.0
3671814851.0
3682498522.0
3690999237.0
3701704496.0
3710008080.0
3719000385.0
3728027373.0
3737031711.0
3746523746.0
3755000041.0
3763616487.0
3772548626.0
3782002437.0
3790998281.0
3800509781.0
3809823442.0
3819997827.0
3829914561.0
3838710442.0
3848986048.0
3857766711.0
3865685941.0
3874450678.0
3882999526.0
3891635437.0
3900389556.0
3908652793.0
3917010172.0
3925777032.0
3935990348.0
3944989377.0
3953761192.0
3962458685.0
3970904897.0
3979992759.0
3989552038.0
3997994711.0
4006993032.0
4015626466.0
4023643731.0
4032013143.0
4040991999.0
4049743287.0
4057996968.0
4066994936.0
4076020863.0
4084630938.0
4092993272.0
4101995840.0
4111000178.0
4119635028.0
4127617609.0
4135997639.0
4145934900.0
4154019764.0
4162621345.0
4171013761.0
4181021098.0
4190020127.0
4199042515.0
4208693812.0
4217735665.0
4226581802.0
4235012088.0
4244584462.0
4253051909.0
4262022271.0
4273459075.0
4284047896.0
4294026920.0
4303025595.0
4311658675.0
4320050030.0
4330017728.0
4340022587.0
4349849780.0
4358028432.0
4367024630.0
4376031091.0
4385793518.0
4394041536.0
4405738823.0
4414768997.0
4424921086.0
4435023626.0
4443974169.0
4453918508.0
4463873465.0
4473488663.0
4485567825.0
4495638513.0
4503761245.0
4511794083.0
4521361856.0
4529810899.0
4537648729.0
4546945048.0
4556956986.0
4566587401.0
4575644827.0
4584018486.0
4593018577.0
4601704744.0
4609801995.0
4619020452.0
4628707140.0
4637563187.0
4646509837.0
4655019754.0
4664023384.0
4673048603.0
4682026043.0
4690636473.0
4699038445.0
4709587981.0
4718049766.0
4727023313.0
4736024466.0
4745045792.0
4753994919.0
4763036064.0
4772034739.0
4781047571.0
4790467761.0
4799026518.0
4809028546.0
4817739841.0
4825648454.0
4834518304.0
4843046979.0
4851721467.0
4860058672.0
4869027619.0
4886001090.0
4896450822.0
4905030106.0
4913770776.0
4922036491.0
4931004730.0
4940057908.0
4949564099.0
4958469694.0
4967041901.0
4976058272.0
4985058363.0
4994499787.0
5002834516.0
5011495201.0
5020045464.0
5029052280.0
5040038903.0
5049037932.0
5057798068.0
5066042547.0
5075036622.0
5084050869.0
5093575464.0
5101884711.0
5110043896.0
5119054605.0
5128504169.0
5137043815.0
5146042845.0
5155054615.0
5163715300.0
5171812197.0
5181046580.0
5189681783.0
5198474126.0
5207043854.0
5216051731.0
5225568540.0
5234477675.0
5243047049.0
5252048910.0
5260801967.0
5270049092.0
5279042105.0
5288493085.0
5297577408.0
5305900811.0
5314455675.0
5323060796.0
5332053454.0
5341045759.0
5350446129.0
5359484443.0
5368504000.0
5377049662.0
5386061078.0
5394666553.0
5402798133.0
5413491713.0
5422056841.0
5436504412.0
5445500963.0
5454586702.0
5464617397.0
5474550765.0
5482984944.0
5491601390.0
5501702160.0
5510596430.0
5520611553.0
5529682781.0
5537936817.0
5546584407.0
5556635276.0
5566577846.0
5575616513.0
5585773203.0
5594661456.0
5602689339.0
5611605552.0
5623382116.0
5635613109.0
5645709632.0
5654587622.0
5664602037.0
5674543192.0
5683653350.0
5692616634.0
5702605567.0
5712602286.0
5724515816.0
5732731983.0
5742594921.0
5751570946.0
5760508040.0
5769520518.0
5778651912.0
5788051574.0
5798531389.0
5807629161.0
5816847972.0
5826709495.0
5835551386.0
5844514316.0
5853526440.0
5863613054.0
5873790978.0
5882591106.0
5892603398.0
5901597826.0
5910568188.0
5919665252.0
5930597372.0
5940605770.0
5959668055.0
5969959586.0
5980626269.0
5990602107.0
6000486989.0
6008700678.0
6017861801.0
6026592561.0
6036546457.0
6045603528.0
6053703610.0
6062595403.0
6072629283.0
6082518058.0
6091614768.0
6101682978.0
6110603792.0
6122529355.0
6131555636.0
6139819227.0
6149821255.0
6159734804.0
6168580233.0
6177836913.0
6186574752.0
6195673232.0
6205616864.0
6214927339.0
6224545722.0
6233652342.0
6242645001.0
6252552887.0
6261601818.0
6269807367.0
6279740381.0
6288570239.0
6297627664.0
6306764013.0
6314762521.0
6322730592.0
6331390215.0
6340573635.0
6350497801.0
6362447784.0
6371530692.0
6380805775.0
6390429821.0
6399584927.0
6408521667.0
6418413273.0
6427960873.0
6438639588.0
6447607827.0
6457501203.0
6466455638.0
6475529344.0
6483894509.0
6494455371.0
6503509965.0
6515608239.0
6525470116.0
6534808197.0
6543940653.0
6552823597.0
6561792544.0
6569923770.0
6580444285.0
6588862184.0
6596816099.0
6605857244.0
6614799646.0
6623769654.0
6632685159.0
6642519077.0
6651610478.0
6660563852.0
6668729409.0
6679910332.0
6688629413.0
6696730557.0
6705538825.0
6713735172.0
6724539529.0
6733560501.0
6741732427.0
6750557330.0
6758733858.0
6767548850.0
6776550357.0
6784755906.0
6793735470.0
6802559664.0
6810735838.0
6819700891.0
6828613211.0
6837543581.0
6846512527.0
6855622686.0
6864549162.0
6873547483.0
6881785947.0
6898519816.0
6906740229.0
6915689357.0
6924603800.0
6932741043.0
6941688400.0
6950564620.0
6958761321.0
6967649929.0
6981656873.0
6991915137.0
7002072180.0
7010879740.0
7020555104.0
7029595541.0
7040566238.0
7049767707.0
7057753828.0
7066552895.0
7075579883.0
7083770568.0
7092561494.0
7100754302.0
7109778459.0
7118645124.0
7126750160.0
7135604084.0
7144608776.0
7152751328.0
7161615515.0
7170592601.0
7178796734.0
7187602171.0
7196612880.0
7205475297.0
7213836923.0
7222633158.0
7231582286.0
7240631925.0
7248774477.0
7257585930.0
7266573634.0
7274779537.0
7283609394.0
7291756901.0
7300841932.0
7308777442.0
7317593851.0
7326572707.0
7334759498.0
7343610944.0
7351762344.0
7360648828.0
7370606970.0
7379782250.0
7388599366.0
7396761383.0
7405607167.0
7414585669.0
7422762550.0
7431653635.0
7440610902.0
7449590112.0
7457829283.0
7466612069.0
7475602251.0
7483877521.0
7491808785.0
7500506631.0
7508766329.0
7517703423.0
7526619282.0
7535603801.0
7547816390.0
7556899651.0
7565933364.0
7574782333.0
7583679434.0
7593718977.0
7601969120.0
7610817734.0
7619742441.0
7629625553.0
7638588129.0
7646773151.0
7655739620.0
7663776351.0
7672638414.0
7680773180.0
7689607284.0
7698604544.0
7708698944.0
7717617988.0
7725956255.0
7734629682.0
7743671535.0
7751779757.0
7760626602.0
7769707032.0
7777794373.0
7785778016.0
7794594778.0
7803672731.0
7812609117.0
7821607792.0
7832503459.0
7841837293.0
7849806426.0
7857808827.0
7865781853.0
7873786377.0
7883785220.0
7892616493.0
7901784340.0
7909809038.0
7917821702.0
7926874527.0
7934785617.0
7942785187.0
7951639464.0
7959806082.0
7968758749.0
7977806972.0
7996889784.0
8005627623.0
8013787871.0
8021788856.0
8029809660.0
8037806399.0
8047859745.0
8055798441.0
8063834464.0
8072640255.0
8081793237.0
8089818997.0
8098597890.0
8106817242.0
8115736640.0
8123804869.0
8132634726.0
8141734268.0
8149818777.0
8158739237.0
8168662342.0
8177837621.0
8185804277.0
8193800661.0
8201977543.0
8209819974.0
8218602760.0
8227645675.0
8235798136.0
8243798414.0
8251801522.0
8259820204.0
8269629347.0
8278604310.0
8287643686.0
8295807473.0
8304653256.0
8314592995.0
8323573974.0
8331810668.0
8341632552.0
8350612116.0
8359650784.0
8367820587.0
8376749895.0
8385805551.0
8394736982.0
8405722897.0
8415746160.0
8423818990.0
8431806881.0
8439828393.0
8447822654.0
8455815145.0
8463807991.0
8471807914.0
8479850308.0
8487826519.0
8495814055.0
8504638958.0
8513843612.0
8521811330.0
8530753024.0
8540693825.0
8550650197.0
8558812569.0
8567735506.0
8576813104.0
8585927864.0
8593870453.0
8602605815.0
8610820566.0
8618839247.0
8627645038.0
8635815195.0
8643815826.0
8651826013.0
8659841509.0
8669784079.0
8678795142.0
8687995195.0
8697650385.0
8709639299.0
8717819012.0
8726526768.0
8735651438.0
8743819826.0
8751884162.0
8759849756.0
8767821012.0
8775821997.0
8783824398.0
8791954209.0
8800666566.0
8808822921.0
8817712590.0
8826758336.0
8834827627.0
8842847724.0
8851660947.0
8860008770.0
8869679886.0
8877825977.0
8886759178.0
8905050633.0
8913926853.0
8921828742.0
8929835036.0
8938696746.0
8948719301.0
8957830168.0
8965830445.0
8973829661.0
8981831354.0
8989831632.0
8997832617.0
9017936831.0
9025833057.0
9033833335.0
9041859094.0
9049833536.0
9057835229.0
9065834091.0
9073826582.0
9081827213.0
9089828199.0
9098665134.0
9107831920.0
9115828658.0
9123831413.0
9131829213.0
9139829844.0
9147830476.0
9155830399.0
9163831031.0
9171832724.0
9179871578.0
9187832571.0
9196674461.0
9205655441.0
9213832676.0
9221854897.0
9229837124.0
9237834217.0
9245834494.0
9253835125.0
9261835403.0
9269840635.0
9278464867.0
9287846126.0
9295836848.0
9304659626.0
9312837216.0
9321636636.0
9330611599.0
9338867404.0
9347648067.0
9355839813.0
9363840091.0
9371840014.0
9379841000.0
9387840923.0
9395841201.0
9403841124.0
9413652745.0
9421845199.0
9429842645.0
9437894595.0
9447711170.0
9455843459.0
9463843382.0
9471892146.0
9480647681.0
9489524963.0
9497845535.0
9506643186.0
9515577802.0
9523847056.0
9531847333.0
9539850442.0
9547853197.0
9555870109.0
9564651479.0
9573645200.0
9581857119.0
9589849611.0
9597850596.0
9606607192.0
9614850610.0
9622850888.0
9631660218.0
9639851610.0
9647851888.0
9655852165.0
9663857043.0
9672422171.0
9680853165.0
9688888126.0
9696876724.0
9705651017.0
9713857981.0
9722512650.0
9731652892.0
9739855963.0
9747856595.0
9755856518.0
9763894665.0
9772552519.0
9781526774.0
9789858317.0
9797860010.0
9806489197.0
9815859484.0
9823859408.0
9831860039.0
9841860651.0
9849865884.0
9857865099.0
9865862899.0
9873862115.0
9881862039.0
9889873288.0
9898019732.0
9906485056.0
9914867209.0
9923654950.0
9932655041.0
9941651947.0
9950515426.0
9959551617.0
9968525518.0
9976870510.0
9984876096.0
9993548460.0
10001940877.0
10009868248.0
10018493187.0
10026963466.0
10035590529.0
10044532578.0
10053554611.0
10062501261.0
10071622391.0
10079870764.0
10087871042.0
10096363970.0
10103885753.0
10111872582.0
10119877814.0
10127872783.0
10136529221.0
10145717242.0
10153874658.0
10161880952.0
10170556856.0
10179597293.0
10187875041.0
10196547759.0
10204964242.0
10212876395.0
10220899323.0
10229624775.0
10238522938.0
10247538247.0
10256536568.0
10264878729.0
10272879360.0
10281530844.0
10289909812.0
10297886377.0
10305973364.0
10313881269.0
10321881546.0
10329926771.0
10338531184.0
10347605243.0
10356539506.0
10365574281.0
10374568001.0
10383602422.0
10391884771.0
10400080410.0
10409919990.0
10417885230.0
10426500968.0
10433887555.0
10441886416.0
10449916423.0
10457886971.0
10465887957.0
10474511835.0
10483569260.0
10492599080.0
10501026180.0
10510547236.0
10519555821.0
10527890549.0
10535896136.0
10543891104.0
10551892090.0
10560584981.0
10569541187.0
10577899627.0
10585893888.0
10594514581.0
10602084850.0
10611619001.0
10619925770.0
10627894549.0
10635895180.0
10643895458.0
10652560036.0
10661651791.0
10669930247.0
10677896902.0
10685897180.0
10693897811.0
10702525582.0
10711567435.0
10720634062.0
10728899423.0
10736984994.0
10746513836.0
10753900423.0
10762515099.0
10769934954.0
10777900901.0
10785904718.0
10794528242.0
10802954635.0
10811532504.0
10820910931.0
10828906608.0
10837581096.0
10846513943.0
10853905130.0
10861904700.0
10869942138.0
10877905962.0
10885905886.0
10893994289.0
10911750268.0
10920569508.0
10928928657.0
10937705426.0
10946559704.0
10955598726.0
10964566964.0
10973684909.0
10982562191.0
10992910349.0
11000911335.0
11009876742.0
11017915950.0
11025911980.0
11034529488.0
11041918906.0
11050576406.0
11061601252.0
11070576923.0
11078914482.0
11087914573.0
11097632406.0
11106551804.0
11115707972.0
11125616567.0
11134567109.0
11142918472.0
11151918917.0
11159918132.0
11168581649.0
11177754097.0
11185918946.0
11193926655.0
11202560089.0
11210919591.0
11219576738.0
11228582491.0
11237708222.0
11245921557.0
11253933160.0
11262534741.0
11270578905.0
11279616511.0
11288587580.0
11297805330.0
11306583515.0
11315627138.0
11324603163.0
11333718984.0
11342579986.0
11351580785.0
11359933563.0
11368634595.0
11376958706.0
11385586830.0
11394557192.0
11403677969.0
11412603030.0
11421588964.0
11430560742.0
11439644711.0
11447930245.0
11455930876.0
11463939648.0
11472589361.0
11481592638.0
11492599080.0
11500979817.0
11508933378.0
11517616006.0
11526556639.0
11535661489.0
11543943838.0
11551936683.0
11560617895.0
11568935282.0
11577618264.0
11586557127.0
11593968134.0
11602553081.0
11612035560.0
11620937970.0
11629938415.0
11639632890.0
11650813813.0
11658963443.0
11668669243.0
11677763830.0
11685941065.0
11694945049.0
11705107755.0
11713942921.0
11722964601.0
11732635717.0
11741733843.0
11749943993.0
11759649793.0
11767944175.0
11777852415.0
11786620337.0
11794952234.0
11804602469.0
11813707673.0
11823707578.0
11832642194.0
11840947547.0
11849948346.0
11859720682.0
11868637603.0
11876954636.0
11886600978.0
11895693795.0
11904626995.0
11914600710.0
11922951011.0
11932659642.0
11940957209.0
11951645127.0
11960649819.0
11968982070.0
11978635136.0
11986957477.0
11998614418.0
12008033192.0
12019004243.0
12028096706.0
12037696331.0
12045957091.0
12055660059.0
12063962935.0
12074054504.0
12084060071.0
12092958234.0
12102607761.0
12112645889.0
12121631115.0
12130608202.0
12139622095.0
12148669611.0
12158641202.0
12166961774.0
12175963281.0
12185753313.0
12194651476.0
12203650151.0
12212621221.0
12221772434.0
12231764906.0
12240653868.0
12249626707.0
12260075023.0
12268966462.0
12278638640.0
12287654657.0
12295968151.0
12306498575.0
12314968854.0
12324655896.0
12333681115.0
12341969481.0
12355024036.0
12364679580.0
12372970423.0
12382616411.0
12391000334.0
12400897957.0
12413825456.0
12421972963.0
12431714509.0
12439988009.0
12449849179.0
12458644706.0
12466974834.0
12475975278.0
12485763895.0
12494651440.0
12504074107.0
12512977225.0
12521978024.0
12532059329.0
12541568706.0
12549979172.0
12559695944.0
12568688956.0
12576984400.0
12586628265.0
12594980689.0
12605640293.0
12614704443.0
12622981483.0
12632677019.0
12641010686.0
12649983525.0
12658983262.0
12668689770.0
12677843107.0
12685984951.0
12697698164.0
12707024920.0
12716569334.0
12724986171.0
12734660826.0
12742987061.0
12752682243.0
12761016618.0
12769988749.0
12779738789.0
12788685084.0
12796993269.0
12807055817.0
12816681985.0
12824990524.0
12833991323.0
12843895670.0
12852837365.0
12861022740.0
12870682885.0
12879733940.0
12887993284.0
12896993729.0
12906642195.0
12922617268.0
12931688496.0
12941923047.0
12950681767.0
12959024635.0
12967997121.0
12977884126.0
12985999072.0
12995042341.0
13005100288.0
13014018270.0
13023810426.0
13031999340.0
13043000474.0
13052719369.0
13061937118.0
13070001101.0
13080560901.0
13089947114.0
13098005080.0
13108738299.0
13117022418.0
13128722890.0
13137771467.0
13146004622.0
13155770587.0
13164005157.0
13173719451.0
13182701847.0
13192006306.0
13201743604.0
13211726521.0
13221007975.0
13230008420.0
13239907104.0
13248718558.0
13257086200.0
13266692550.0
13275937905.0
13284015336.0
13293010826.0
13303066295.0
13312014007.0
13321012328.0
13330971886.0
13339866864.0
13348013309.0
13358840670.0
13369620252.0
13378015146.0
13389862139.0
13398015662.0
13407792953.0
13417095289.0
13426018934.0
13435755171.0
13444017346.0
13453860112.0
13462798268.0
13471018681.0
13480018772.0
13489953556.0
13498800401.0
13508858348.0
13517075930.0
13526020810.0
13535852250.0
13544022053.0
13554067259.0
13562022589.0
13571052763.0
13580847396.0
13589951892.0
13598024015.0
13608024273.0
13617901723.0
13627579209.0
13636025775.0
13645852968.0
13654802803.0
13663026756.0
13672873061.0
13681963046.0
13690028090.0
13699035614.0
13711476125.0
13722648200.0
13731549902.0
13740594233.0
13749465498.0
13758546282.0
13767527261.0
13776532661.0
13785460907.0
13794655298.0
13803948786.0
13813729616.0
13822700686.0
13831716703.0
13840809520.0
13849708745.0
13858683000.0
13867750689.0
13876746179.0
13885719018.0
13894669915.0
13903724509.0
13912785120.0
13921871212.0
13930692929.0
13939720272.0
13948807426.0
13957720100.0
13966684091.0
13975720282.0
13984762135.0
13993725772.0
14002711353.0
14011722769.0
14020744095.0
14029723305.0
14038673140.0
14047762771.0
14056779497.0
14067820269.0
14076721617.0
14085719938.0
14101528317.0
14110667497.0
14119796767.0
14128583447.0
14137495766.0
14146547883.0
14155475421.0
14164595136.0
14173530814.0
14182547893.0
14191480740.0
14201643446.0
14210610269.0
14220814383.0
14231540169.0
14240509824.0
14249679087.0
14258940368.0
14268735355.0
14277728721.0
14286705808.0
14295799686.0
14304768633.0
14313745011.0
14322729884.0
14331801466.0
14340754486.0
14350709089.0
14359679451.0
14368068329.0
14376737154.0
14385793872.0
14394700529.0
14403815288.0
14412772202.0
14421730884.0
14430455628.0
14439542075.0
14448498634.0
14458469871.0
14467486596.0
14476649843.0
14485507306.0
14494469527.0
14503887594.0
14512671088.0
14521500945.0
14530580667.0
14539501127.0
14548989976.0
14558750987.0
14567752848.0
14576744091.0
14585884333.0
14594751705.0
14603791788.0
14612780554.0
14621844350.0
14630743221.0
14639757114.0
14648755436.0
14657959029.0
14668887963.0
14677828950.0
14686862309.0
14695784185.0
14704848335.0
14713775165.0
14722752959.0
14731813216.0
14740848345.0
14749767035.0
14758720055.0
14767781373.0
14776812609.0
14785940818.0
14794720065.0
14803109296.0
14811815637.0
14820760163.0
14829768748.0
14838701241.0
14846468995.0
14854079257.0
14863907158.0
14872110229.0
14881080591.0
14890853282.0
14900819564.0
14909081032.0
14927870093.0
14936902744.0
14945082811.0
14954117940.0
14963905849.0
14972083792.0
14981984246.0
14990088221.0
14999134675.0
15010034588.0
15018861614.0
15027086983.0
15036897896.0
15045893386.0
15054093980.0
15063088762.0
15072903568.0
15081089652.0
15090890655.0
15099118855.0
15109798278.0
15119961338.0
15128091857.0
15138103087.0
15146092039.0
15155092484.0
15164610708.0
15173107884.0
15182910657.0
15191679641.0
15200747330.0
15209864921.0
15219601158.0
15228915172.0
15237900045.0
15246096392.0
15255961808.0
15266948431.0
15275120004.0
15284938350.0
15293102136.0
15303637516.0
15312933835.0
15321549219.0
15331573190.0
15340100803.0
15349965865.0
15358748297.0
15367778471.0
15378080266.0
15386546651.0
15395928618.0
15404925878.0
15413105591.0
15422112052.0
15432953923.0
15441841469.0
15451106289.0
15461025501.0
15470759968.0
15480934707.0
15489637508.0
15498129376.0
15508996021.0
15518563794.0
15527514690.0
15536626619.0
15545817825.0
15554948511.0
15563892329.0
15573833483.0
15582760314.0
15591864102.0
15600497182.0
15609617250.0
15618758908.0
15627652824.0
15636627787.0
15645576206.0
15654692028.0
15663680085.0
15672595944.0
15681743264.0
15690665494.0
15700653719.0
15709588335.0
15718541355.0
15727606921.0
15736678503.0
15745725665.0
15754533579.0
15763564461.0
15774906062.0
15783643193.0
15792788744.0
15801915891.0
15810784325.0
15819659837.0
15828617812.0
15837573309.0
15846803800.0
15855632595.0
15864580307.0
15873709931.0
15882642070.0
15891684277.0
15901544385.0
15910569604.0
15919554122.0
15928676668.0
15937697640.0
15946557580.0
15955616068.0
15964679156.0
15973601739.0
15982569270.0
15991624571.0
16001870448.0
16010607225.0
16019545734.0
16027968942.0
16036130251.0
16045130342.0
16054912588.0
16063133355.0
16072981430.0
16081660519.0
16090133274.0
16100480371.0
16108823239.0
16119851978.0
16128812431.0
16137684050.0
16146764126.0
16155135308.0
16163141602.0
16171625329.0
16179140387.0
16187136771.0
16195137757.0
16203891522.0
16212584414.0
16220571950.0
16229882072.0
16238652117.0
16246139216.0
16254139847.0
16262142248.0
16270539266.0
16279806918.0
16288141292.0
16296809056.0
16305859403.0
16314523981.0
16323754118.0
16332561678.0
16340559478.0
16348665930.0
16357815728.0
16366548612.0
16374603039.0
16383863258.0
16392812031.0
16403663458.0
16411853789.0
16420614986.0
16428573148.0
16436608109.0
16444840202.0
16453575563.0
16461593537.0
16469661058.0
16477576750.0
16485815213.0
16494535002.0
16502816289.0
16511848586.0
16520612261.0
16528588472.0
16536574947.0
16544574163.0
16552593906.0
16560586043.0
16569846970.0
16578809900.0
16587664885.0
16595556510.0
16603832489.0
16612602534.0
16620581931.0
16628604859.0
16637904363.0
16646565756.0
16654532765.0
16662635324.0
16671616658.0
16680582065.0
16688598269.0
16696612703.0
16704827807.0
16713575556.0
16721778274.0
16730813048.0
16739582386.0
16747608853.0
16755932256.0
16764585863.0
16772602067.0
16782080299.0
16790819200.0
16800488900.0
16808613402.0
16816598107.0
16824637670.0
16832581320.0
16840598586.0
16848581167.0
16856607635.0
16866052952.0
16874561454.0
16882534480.0
16890547144.0
16898568657.0
16906790840.0
16915879056.0
16924623619.0
16940630544.0
16948852374.0
16957585966.0
16965609601.0
16973668275.0
16981583613.0
16989575042.0
16997672647.0
17005703361.0
17014786268.0
17022804596.0
17031638346.0
17039582351.0
17047585813.0
17055630684.0
17063587784.0
17071625223.0
17079600018.0
17087584369.0
17095590309.0
17103885753.0
17112589262.0
17120649352.0
17128655292.0
17138567071.0
17146786777.0
17154797318.0
17163659735.0
17171583921.0
17179594816.0
17187642518.0
17195610943.0
17205820366.0
17214540863.0
17222573347.0
17230539294.0
17238565054.0
17246567809.0
17254544020.0
17262549960.0
17270572180.0
17278781976.0
17286787208.0
17295634407.0
17303835002.0
17312581688.0
17320602493.0
17328590030.0
17337819104.0
17346596582.0
17354566069.0
17362541218.0
17370551405.0
17378572918.0
17386538157.0
17394713623.0
17403652841.0
17411617019.0
17419861852.0
17428882471.0
17437591288.0
17445824443.0
17454547771.0
17462587687.0
17470540540.0
17479593718.0
17487880314.0
17496613552.0
17504854139.0
17513674794.0
17521682858.0
17529900440.0
17538655975.0
17547885403.0
17557659155.0
17565614132.0
17573675283.0
17581619641.0
17589577803.0
17597677531.0
17606824497.0
17615624979.0
17623600482.0
17631850271.0
17640585986.0
17648589449.0
17656614147.0
17664601683.0
17672895003.0
17681848377.0
17690595418.0
17698551810.0
17706548195.0
17715931223.0
17724841419.0
17733581028.0
17741695974.0
17749837464.0
17758543097.0
17766552930.0
17774585060.0
17782642318.0
17790548100.0
17798573859.0
17806793565.0
17814575122.0
17823893384.0
17832842511.0
17841663874.0
17849671230.0
17857684602.0
17866542065.0
17874550128.0
17882987846.0
17892864942.0
17901882021.0
17910549430.0
17918569173.0
17926789233.0
17934862417.0
17943671039.0
17951631678.0
17959647528.0
17968868816.0
17977839886.0
17986544811.0
17994553936.0
18002869907.0
18011833899.0
18020836113.0
18029917251.0
18038826032.0
18047869654.0
18056838247.0
18066048918.0
18074824272.0
18083865417.0
18092877541.0
18101679085.0
18109591945.0
18117824746.0
18127007458.0
18135888987.0
18144835636.0
18153441464.0
18161899356.0
18170581276.0
18178790718.0
18186637396.0
18194584940.0
18204605725.0
18213583873.0
18224608011.0
18234096507.0
18242610671.0
18251638367.0
18261003700.0
18270085545.0
18278575643.0
18288072278.0
18296587858.0
18306671641.0
18316108464.0
18324591837.0
18333594406.0
18342994776.0
18351648383.0
18361617143.0
18370969380.0
18380037069.0
18388647852.0
18398025218.0
18406557432.0
18416049466.0
18425049203.0
18433903127.0
18444013453.0
18452619635.0
18462097513.0
18470996738.0
18480632463.0
18489708292.0
18498733157.0
18507997269.0
18516797398.0
18525653799.0
18534754048.0
18543620358.0
18552009590.0
18560600554.0
18570099667.0
18578582332.0
18588022341.0
18597030572.0
18605924842.0
18615700717.0
18625014024.0
18633637902.0
18642836186.0
18653073922.0
18662018448.0
18670551016.0
18680012260.0
18689050928.0
18698589679.0
18708592769.0
18717993847.0
18726611708.0
18737992240.0
18748059389.0
18756656015.0
18766032673.0
18774619744.0
18783706190.0
18793009941.0
18802592225.0
18811602933.0
18821042942.0
18830011180.0
18838551888.0
18847600112.0
18857111612.0
18865717440.0
18874978721.0
18884858648.0
18894555246.0
18904806785.0
18913730076.0
18922958797.0
18931601432.0
18948837509.0
18958960930.0
18968018710.0
18976893160.0
18986996054.0
18996010302.0
19004847591.0
19014974906.0
19023674876.0
19033018265.0
19042128778.0
19050556940.0
19059668869.0
19069015090.0
19077586588.0
19086982712.0
19095662862.0
19104454497.0
19114416178.0
19122973874.0
19131643761.0
19141014402.0
19150002814.0
19158556616.0
19167650849.0
19177016182.0
19186071483.0
19194562643.0
19204716855.0
19214042195.0
19222570161.0
19231601397.0
19241041406.0
19249671654.0
19260606959.0
19269588647.0
19277928330.0
19286578398.0
19294552131.0
19302808290.0
19311654074.0
19320602493.0
19328596754.0
19336625699.0
19344614651.0
19354917508.0
19364152953.0
19373064211.0
19382874062.0
19391727632.0
19400017413.0
19409162609.0
19420914753.0
19429732931.0
19437744180.0
19445967425.0
19454723668.0
19462907982.0
19472056010.0
19481016108.0
19490737126.0
19498910469.0
19508889492.0
19517846759.0
19527080081.0
19535941083.0
19545123795.0
19554847291.0
19563834641.0
19572618489.0
19580726357.0
19588920580.0
19597744421.0
19606680453.0
19614707628.0
19622723832.0
19630683055.0
19639042558.0
19648778086.0
19656892679.0
19665808538.0
19674863840.0
19683779345.0
19691775375.0
19700661859.0
19708748846.0
19716900953.0
19727729376.0
19735733900.0
19743875390.0
19753892637.0
19765980647.0
19774708931.0
19782690450.0
19790722934.0
19798684989.0
19806595372.0
19814784286.0
19822677681.0
19830679728.0
19838864042.0
19848888013.0
19857945084.0
19866686109.0
19874800701.0
19883984121.0
19892889716.0
19902815652.0
19913051618.0
19921667710.0
19930559857.0
19940029241.0
19949047381.0
19957603661.0
19966978196.0
19975611983.0
19985936783.0
19996087810.0
