12464577.0
34974360.0
51519593.0
64287476.0
73057168.0
82037439.0
91016295.0
100039037.0
109144949.0
118046297.0
127028692.0
137286602.0
146109381.0
155042935.0
248077261.0
257045500.0
266112835.0
275153626.0
284036217.0
293073469.0
302365895.0
311017024.0
320040828.0
329038087.0
338123826.0
347026944.0
356050747.0
365111712.0
373990410.0
383027308.0
392036247.0
401036691.0
410125262.0
419021301.0
428036257.0
437285505.0
446117839.0
455040422.0
464032727.0
473031756.0
482114664.0
491025922.0
508308362.0
517076283.0
527270134.0
537284195.0
547306750.0
556041758.0
565406029.0
575027950.0
584042906.0
593382403.0
602114933.0
611342238.0
620102374.0
629300304.0
639553258.0
649377974.0
659289400.0
669407158.0
680035618.0
689351048.0
698162148.0
708349274.0
718378908.0
727263622.0
739008334.0
748391008.0
757378712.0
766040105.0
775316251.0
784060460.0
793378014.0
802531351.0
812303333.0
821065592.0
830000917.0
839212649.0
849178932.0
858284490.0
867111516.0
876346607.0
885156645.0
894305381.0
905200340.0
914398624.0
923152389.0
933223430.0
943111497.0
952309074.0
962607329.0
972208724.0
982305602.0
991109269.0
1000306845.0
1009198992.0
1018313044.0
1029204817.0
1038083161.0
1047131385.0
1056351965.0
1065161649.0
1074165987.0
1083265883.0
1092217841.0
1104573766.0
1114306110.0
1123195779.0
1133360254.0
1142239660.0
1151305933.0
1160172598.0
1169162071.0
1178409550.0
1189306278.0
1199360686.0
1208302026.0
1217155242.0
1226380424.0
1235326720.0
1246165052.0
1255297153.0
1266193528.0
1275271126.0
1284092136.0
1293131865.0
1302028613.0
1310999682.0
1320089668.0
1329050474.0
1338289105.0
1347335913.0
1356106666.0
1365063579.0
1374046328.0
1384334321.0
1393319547.0
1402052431.0
1411260271.0
1420043765.0
1429092343.0
1438305491.0
1446995198.0
1456048022.0
1465090229.0
1474066962.0
1483318333.0
1492524403.0
1502393359.0
1511151725.0
1520304000.0
1529349038.0
1538385936.0
1547146426.0
1556158550.0
1565443544.0
1576182425.0
1585364783.0
1594176237.0
1603263391.0
1612159785.0
1621355237.0
1630178016.0
1640327273.0
1651151803.0
1660371676.0
1671261680.0
1680224963.0
1689308932.0
1698181613.0
1707337782.0
1718304231.0
1727301137.0
1736333434.0
1754478014.0
1764360418.0
1773260351.0
1782294418.0
1793204241.0
1802150891.0
1815273752.0
1825341255.0
1834327897.0
1843290473.0
1852310383.0
1863167827.0
1872361156.0
1881157391.0
1890311790.0
1899116165.0
1908355149.0
1917214382.0
1926318878.0
1937223038.0
1947432461.0
1957461033.0
1966186131.0
1975294874.0
1984348406.0
1993178264.0
2003312302.0
2012157378.0
2021306114.0
2033095065.0
2042296180.0
2051305827.0
2060167537.0
2069306009.0
2078249473.0
2086980588.0
2096327517.0
2105162329.0
2114388926.0
2125294149.0
2135174429.0
2144305115.0
2153161162.0
2162243716.0
2171303265.0
2180167806.0
2189369983.0
2198283718.0
2207314246.0
2216169231.0
2225260279.0
2235127465.0
2244359371.0
2253261781.0
2262293724.0
2271156850.0
2280359381.0
2289164464.0
2298353900.0
2307138456.0
2316360098.0
2325314180.0
2334152531.0
2343278263.0
2352348429.0
2363364781.0
2372290550.0
2381146243.0
2390133593.0
2399061839.0
2408197480.0
2417061667.0
2426129002.0
2435291186.0
2444055569.0
2453056368.0
2462134320.0
2471047702.0
2480070443.0
2489060625.0
2498167244.0
2515321920.0
2529058473.0
2538284362.0
2547023971.0
2556099446.0
2565065207.0
2574041940.0
2583039907.0
2592110427.0
2601063448.0
2610092206.0
2619020098.0
2628109376.0
2637410295.0
2646038420.0
2655026124.0
2664104785.0
2675090700.0
2684058230.0
2693052659.0
2702140521.0
2711057442.0
2720055055.0
2729060455.0
2738411631.0
2747053205.0
2756063559.0
2765170887.0
2774134878.0
2783054984.0
2792071001.0
2801070030.0
2810177358.0
2821065946.0
2830059313.0
2839383945.0
2848101611.0
2857096393.0
2866079142.0
2875022960.0
2884067291.0
2893163647.0
2902060040.0
2911013414.0
2920310087.0
2929200464.0
2938190999.0
2948359722.0
2957278058.0
2968324139.0
2977193989.0
2986340247.0
2995320165.0
3004199924.0
3014282999.0
3023378294.0
3033097542.0
3042323432.0
3051127453.0
3060380240.0
3069228147.0
3078324150.0
3087190814.0
3096384851.0
3107175759.0
3116337589.0
3125162846.0
3134290700.0
3143342463.0
3153327857.0
3162163731.0
3171329808.0
3180233988.0
3191215656.0
3200339264.0
3209165582.0
3218401027.0
3227179921.0
3236180366.0
3247343947.0
3256185483.0
3265369257.0
3274172924.0
3283333339.0
3292187617.0
3301364312.0
3310194169.0
3319354584.0
3328179486.0
3337382018.0
3347370597.0
3356387676.0
3365320169.0
3374389273.0
3385067281.0
3394375633.0
3403336793.0
3412057998.0
3421455537.0
3430073399.0
3440069410.0
3449379886.0
3458158779.0
3467055880.0
3476422274.0
3485121537.0
3494227802.0
3503370522.0
3512373798.0
3521089694.0
3530479801.0
3540298854.0
3550197184.0
3559484655.0
3568177193.0
3577383617.0
3586190116.0
3595344514.0
3606235580.0
3615358126.0
3626428273.0
3635352626.0
3644188500.0
3653353870.0
3662273268.0
3671380242.0
3680177185.0
3689347863.0
3700249900.0
3709439336.0
3718180007.0
3727362718.0
3736368826.0
3745190897.0
3754354143.0
3763350695.0
3772181968.0
3791459080.0
3800189841.0
3809207981.0
3818404850.0
3827177726.0
3836186311.0
3845361945.0
3854265063.0
3863456976.0
3874550482.0
3884364226.0
3893184174.0
3902409710.0
3911172323.0
3920373084.0
3929199756.0
3938266384.0
3949284505.0
3959045516.0
3968351745.0
3977073303.0
3986201866.0
3995049065.0
4004343614.0
4013145866.0
4022393345.0
4031051552.0
4042071798.0
4051024110.0
4060079412.0
4069085873.0
4078071100.0
4087048894.0
4096090393.0
4105073142.0
4114065801.0
4123027315.0
4132984395.0
4142158967.0
4151070225.0
4160071732.0
4169060497.0
4178141635.0
4187061033.0
4196073157.0
4205158542.0
4214141291.0
4223059981.0
4232972822.0
4242377794.0
4251360189.0
4260121740.0
4269146959.0
4278049015.0
4287037781.0
4296129890.0
4305061675.0
4314051149.0
4323026819.0
4332184049.0
4341059915.0
4350081595.0
4359023644.0
4368112214.0
4377377388.0
4386554791.0
4395018699.0
4404111870.0
4413121517.0
4422049055.0
4431024372.0
4441370760.0
4450080286.0
4459019503.0
4468070912.0
4477169038.0
4486228233.0
4495026591.0
4504106667.0
4521486788.0
4530053332.0
4541253720.0
4550149406.0
4559054293.0
4568078097.0
4577062261.0
4586145876.0
4595082616.0
4604077752.0
4613066872.0
4622149072.0
4631085458.0
4641064127.0
4650056786.0
4659072095.0
4668135537.0
4677061306.0
4686061751.0
4696377348.0
4705101031.0
4714088381.0
4723029368.0
4733055816.0
4742148987.0
4751054228.0
4760064583.0
4769066089.0
4778154659.0
4787057069.0
4796068132.0
4805081317.0
4814209172.0
4823095302.0
4832967443.0
4843381783.0
4852072551.0
4861178109.0
4870072733.0
4879060437.0
4888088487.0
4897098134.0
4906087608.0
4915037442.0
4924088143.0
4933372075.0
4942072045.0
4951025773.0
4959391292.0
4968159922.0
4977122852.0
4986063839.0
4995035262.0
5004165595.0
5013072605.0
5022155159.0
5031029964.0
5040152863.0
5049070138.0
5058070937.0
5067032451.0
5076154643.0
5085141639.0
5094129343.0
5103037770.0
5112117846.0
5121077236.0
5130402222.0
5139440890.0
5148197841.0
5158087323.0
5167025479.0
5176074056.0
5185112724.0
5194079547.0
5203032567.0
5212082914.0
5221091499.0
5230080619.0
5239047087.0
5248123624.0
5257087262.0
5266072842.0
5276206173.0
5285077439.0
5294172025.0
5303084699.0
5312069217.0
5321069662.0
5330147615.0
5339068075.0
5348117360.0
5357467474.0
5366151872.0
5375081179.0
5384090826.0
5393072867.0
5402149050.0
5411065617.0
5420071371.0
5431051623.0
5440075780.0
5449087905.0
5458089765.0
5467031460.0
5476081453.0
5485213909.0
5494097207.0
5503036425.0
5512076862.0
5521097126.0
5530160922.0
5539031126.0
5548121111.0
5557090412.0
5566083070.0
5575070774.0
5584092100.0
5593101747.0
5602078479.0
5611036454.0
5620074414.0
5629159091.0
5638433821.0
5647057699.0
5656076548.0
5665102475.0
5674086639.0
5683036474.0
5692074080.0
5701089390.0
5710148585.0
5719094526.0
5728139211.0
5737424912.0
5746077457.0
5755070116.0
5764088257.0
5773142497.0
5782075344.0
5791063755.0
5800439706.0
5809091189.0
5818091280.0
5827435731.0
5836077659.0
5845100401.0
5854097660.0
5863065899.0
5873078190.0
5882152958.0
5891063508.0
5900075632.0
5909076431.0
5918177742.0
5927060332.0
5936430974.0
5945092013.0
5954167488.0
5963072729.0
5972073882.0
5981132015.0
5990157942.0
5999066015.0
6008099728.0
6018447178.0
6027128037.0
6036132375.0
6045175289.0
6054074160.0
6062158670.0
6071158407.0
6080064002.0
6089082497.0
6098207874.0
6107143906.0
6116081000.0
6125237168.0
6134468720.0
6143072779.0
6152078533.0
6162440847.0
6171349628.0
6181445797.0
6190082416.0
6199116129.0
6208092862.0
6217090475.0
6226194972.0
6235460500.0
6244096057.0
6253189936.0
6262081021.0
6271087128.0
6280081202.0
6289092973.0
6298450873.0
6309077917.0
6318402195.0
6327454312.0
6336133755.0
6345399637.0
6354466618.0
6364418744.0
6373412110.0
6382083767.0
6391131991.0
6400398580.0
6409105275.0
6418400178.0
6427128107.0
6436456633.0
6445202966.0
6456136501.0
6465086690.0
6474105538.0
6482160319.0
6491100952.0
6500084055.0
6509174041.0
6518170593.0
6535134154.0
6544457370.0
6553105668.0
6562098681.0
6571134517.0
6580457380.0
6589176108.0
6598122403.0
6609082129.0
6618102039.0
6626159651.0
6635474019.0
6644080909.0
6653151430.0
6662177003.0
6671104541.0
6680103570.0
6689083842.0
6698202141.0
6707179935.0
6716462805.0
6725129507.0
6734479267.0
6743123318.0
6754469520.0
6763164535.0
6772468286.0
6781153392.0
6790089424.0
6799137648.0
6807180041.0
6816475298.0
6825105547.0
6834517242.0
6843172973.0
6852474600.0
6861167492.0
6870160504.0
6878163613.0
6887138222.0
6896108938.0
6905117523.0
6914484271.0
6923198752.0
6933284304.0
6943178741.0
6952474706.0
6961180339.0
6970094428.0
6979135927.0
6987150362.0
6996480303.0
7005480747.0
7014165853.0
7022165776.0
7031503150.0
7041116931.0
7050169756.0
7058162601.0
7067187112.0
7076479184.0
7085166413.0
7094178537.0
7102488138.0
7111133958.0
7119146977.0
7127210959.0
7136117616.0
7145176103.0
7154488348.0
7163264410.0
7175171216.0
7184484877.0
7193140607.0
7202163702.0
7211173703.0
7220485594.0
7229142033.0
7238492855.0
7247197071.0
7257270944.0
7266492941.0
7275138054.0
7283219024.0
7292179830.0
7301512249.0
7312506658.0
7321112132.0
7330506486.0
7341489924.0
7351184398.0
7360522479.0
7370172007.0
7379182007.0
7388490359.0
7397190329.0
7406498681.0
7415202544.0
7424517267.0
7435074590.0
7444526278.0
7453173868.0
7462603613.0
7471168387.0
7480505053.0
7489454534.0
7498124067.0
7507166628.0
7516508956.0
7525202201.0
7535137339.0
7544524614.0
7554189714.0
7563935860.0
7573137330.0
7582193339.0
7591457806.0
7602075648.0
7611220491.0
7620502653.0
7629218195.0
7638504958.0
7647175199.0
7656508680.0
7665186707.0
7674526203.0
7684476913.0
7693519474.0
7702216613.0
7711135657.0
7719512855.0
7728135672.0
7737524717.0
7746174430.0
7754535349.0
7763185416.0
7772506509.0
7781184536.0
7789194370.0
7798130756.0
7807145711.0
7815149882.0
7823185551.0
7833278535.0
7842173867.0
7850177684.0
7859190162.0
7868515502.0
7877196360.0
7888129188.0
7896139021.0
7905183352.0
7913202387.0
7921201248.0
7930523403.0
7939200722.0
7948521108.0
7957216477.0
7966534031.0
7975138089.0
7984545892.0
7993207993.0
8002535102.0
8011520683.0
8020191278.0
8029532190.0
8038539359.0
8048224986.0
8057202072.0
8065205889.0
8074553880.0
8083146967.0
8091149722.0
8099192823.0
8108525949.0
8117194421.0
8125169924.0
8134222395.0
8143527915.0
8152192140.0
8163567363.0
8172171421.0
8181182130.0
8189151971.0
8198216474.0
8207201701.0
8216538720.0
8225190557.0
8233355052.0
8242191987.0
8250173153.0
8258172015.0
8267200420.0
8276207589.0
8285536822.0
8294565226.0
8303544790.0
8312186364.0
8320193366.0
8328171700.0
8337203290.0
8346537478.0
8357391028.0
8367571784.0
8376262906.0
8386474452.0
8396555404.0
8405214673.0
8413289627.0
8422216103.0
8430212488.0
8438318232.0
8447612074.0
8460207600.0
8470604245.0
8480560971.0
8489213517.0
8497281392.0
8506240783.0
8515562230.0
8524238841.0
8543638762.0
8554604504.0
8564556983.0
8573418693.0
8584566348.0
8593609263.0
8602215445.0
8610253592.0
8618357213.0
8627575670.0
8638608302.0
8648568568.0
8657570782.0
8666306852.0
8675588660.0
8684212184.0
8693589196.0
8702294475.0
8711607427.0
8720215379.0
8728209640.0
8736590024.0
8748437725.0
8758227403.0
8766210693.0
8774294140.0
8784264670.0
8793592133.0
8802195130.0
8810295566.0
8819584099.0
8830607529.0
8841575748.0
8853574572.0
8864610743.0
8885373242.0
8894319891.0
8903587189.0
8914625838.0
8924230772.0
8933573100.0
8942306692.0
8951592393.0
8960213440.0
8968254418.0
8977605594.0
8989578935.0
8999590519.0
9008581408.0
9018193774.0
9026314029.0
9035227057.0
9044396320.0
9053584694.0
9062300944.0
9071593724.0
9080206630.0
9088220711.0
9096288586.0
9105617111.0
9116607274.0
9126211854.0
9134581620.0
9146141233.0
9156650777.0
9166238015.0
9174225905.0
9182339082.0
9191598594.0
9202619901.0
9212207139.0
9221591937.0
9230302878.0
9238334654.0
9247582486.0
9256231846.0
9267597868.0
9278909386.0
9288267994.0
9297596873.0
9306601211.0
9316228795.0
9324277913.0
9336917679.0
9346241250.0
9354587303.0
9364218427.0
9372270376.0
9382244799.0
9390287546.0
9398604933.0
9408276049.0
9418218619.0
9427591738.0
9438948911.0
9448260448.0
9456399461.0
9466621271.0
9475255059.0
9483593680.0
9492446188.0
9502222063.0
9510596430.0
9520216583.0
9528287643.0
9537371612.0
9547613242.0
9557617039.0
9569562421.0
9578987920.0
9588618689.0
9601621927.0
9610305617.0
9619271378.0
9627599382.0
9636294043.0
9647507173.0
9656527083.0
9668223308.0
9676274904.0
9686343822.0
9695629523.0
9705631197.0
9717484915.0
9727603382.0
9736616567.0
9745346974.0
9754611441.0
9763603745.0
9773539237.0
9783587628.0
9792270964.0
9801227877.0
9809603306.0
9818619323.0
9828275929.0
9837330523.0
9846643476.0
9856623207.0
9865665060.0
9874618788.0
9883610739.0
9900305323.0
9910635078.0
9919615350.0
9928618980.0
9938253996.0
9953595913.0
9963624131.0
9972266413.0
9981283138.0
9989631315.0
9998630698.0
10010302857.0
10019618995.0
10029330104.0
10038643764.0
10047631468.0
10056309495.0
10065641560.0
10074621478.0
10086551288.0
10096633301.0
10105277706.0
10114624988.0
10123621540.0
10135623195.0
10147546989.0
10157635018.0
10166356931.0
10175630599.0
10184624673.0
10195623330.0
10204626252.0
10213640146.0
10222644130.0
10234516605.0
10246086836.0
10257627692.0
10266671669.0
10276667326.0
10286343751.0
10294629639.0
10303634685.0
10312633006.0
10321642653.0
10330631772.0
10339630094.0
10348262820.0
10362449907.0
10372632079.0
10381299488.0
10390637216.0
10399633060.0
10408636336.0
10417650583.0
10426672971.0
10436664381.0
10447159769.0
10457550397.0
10467661785.0
10478139476.0
10488340405.0
10498280498.0
10506669375.0
10517198738.0
10526345351.0
10534643980.0
10552183009.0
10561266624.0
10570646467.0
10579641603.0
10588656205.0
10599280771.0
10607647352.0
10616646027.0
10626196104.0
10635654163.0
10646445778.0
10656675728.0
10667599708.0
10678552355.0
10688648879.0
10697649677.0
10709521091.0
10718995430.0
10728414204.0
10738669282.0
10748649367.0
10757648042.0
10766326777.0
10775206183.0
10785212458.0
10794679010.0
10805206604.0
10814341537.0
10823231206.0
10833130244.0
10843486189.0
10853661282.0
10863662602.0
10873674893.0
10882442815.0
10891653840.0
10901655160.0
10922402440.0
10931680002.0
10942672641.0
10954076885.0
10965577749.0
10975160386.0
10985207007.0
10994341233.0
11002660743.0
11012659939.0
11022672585.0
11033135058.0
11042265036.0
11051667530.0
11062561780.0
11074663240.0
11084667745.0
11093662173.0
11103673757.0
11114295138.0
11122667736.0
11133655421.0
11142515715.0
11151663389.0
11162297511.0
11170671878.0
11181356257.0
11190667794.0
11200668406.0
11210301653.0
11218671773.0
11228668846.0
11241545736.0
11252218790.0
11261671539.0
11271681354.0
11282311229.0
11290674271.0
11300671698.0
11312576379.0
11321535770.0
11330674950.0
11341333139.0
11351201386.0
11364246740.0
11373360439.0
11383176307.0
11393552070.0
11404637790.0
11415176355.0
11424677591.0
11435192798.0
11444679170.0
11455167125.0
11465557045.0
11474683130.0
11484675956.0
11494683647.0
11504675057.0
11515155226.0
11525682819.0
11535677061.0
11546931953.0
11557246135.0
11567220203.0
11577216923.0
11587178604.0
11596320616.0
11606351311.0
11616663015.0
11628686967.0
11639215622.0
11649224021.0
11660618001.0
11671170015.0
11680683993.0
11690320071.0
11699353784.0
11708687264.0
11718293968.0
11727683013.0
11738263694.0
11748155654.0
11759201027.0
11769332234.0
11777611752.0
11788228532.0
11798383452.0
11807143942.0
11817591550.0
11826681890.0
11836203653.0
11846357511.0
11855202941.0
11865205323.0
11875168774.0
11885321924.0
11894335110.0
11903211684.0
11913228222.0
11938230992.0
11948615249.0
11958565252.0
11967589055.0
11976625953.0
11987183630.0
11997342089.0
12007168220.0
12017210949.0
12026326416.0
12035211484.0
12045337029.0
12054205817.0
12065591658.0
12077322567.0
12086205511.0
12094685699.0
12103688268.0
12112312146.0
12120304637.0
12130127583.0
12139159881.0
12147685724.0
12156687230.0
12167165276.0
12175688287.0
12184579372.0
12194195277.0
12202690684.0
12212104503.0
12220308636.0
12230256161.0
12239101591.0
12248149460.0
12256690522.0
12266198836.0
12275095938.0
12283689025.0
12292690886.0
12305432579.0
12315395323.0
12325118111.0
12335453174.0
12345428658.0
12354462725.0
12364445995.0
12374636307.0
12383323890.0
12393442356.0
12403068525.0
12413254589.0
12422618152.0
12433095490.0
12443436923.0
12452336502.0
12465454055.0
12474505464.0
12483482196.0
12492572890.0
12502452463.0
12512115793.0
12522439885.0
12533273970.0
12542323255.0
12560448369.0
12570433409.0
12580119744.0
12590222992.0
12600182904.0
12610174668.0
12620466554.0
12630119620.0
12640462115.0
12650532449.0
12660166050.0
12672509234.0
12682139650.0
12692465866.0
12702114685.0
12712126623.0
12722542025.0
12733171192.0
12743451045.0
12752332220.0
12761672070.0
12770650572.0
12780168443.0
12790125169.0
12800457755.0
12809343177.0
12819081892.0
12828650018.0
12838531361.0
12847512340.0
12856530835.0
12866557637.0
12875340423.0
12885663807.0
12895656279.0
12905122478.0
12914347306.0
12924503641.0
12934133349.0
12944639708.0
12958349009.0
12967378829.0
12976349545.0
12985350697.0
12994362114.0
13004279909.0
13015373061.0
13025234938.0
13034352530.0
13044218654.0
13053352171.0
13062355801.0
13074169527.0
13083140242.0
13092261373.0
13101354544.0
13110355342.0
13118560184.0
13127392164.0
13137171225.0
13145356601.0
13154360939.0
13164225647.0
13173363411.0
13182358548.0
13192181848.0
13202326504.0
13211359863.0
13222360997.0
13231403558.0
13240361532.0
13250452039.0
13258362068.0
13267391888.0
13276362958.0
13285371543.0
13294363140.0
13303367832.0
13312364738.0
13321364829.0
13330364919.0
13346341054.0
13355366273.0
13364366010.0
13376174781.0
13384368297.0
13393369095.0
13402368125.0
13411367862.0
13420368660.0
13429369459.0
13439177895.0
13449175322.0
13459539406.0
13469405176.0
13477611433.0
13487401819.0
13496374305.0
13505393507.0
13514373071.0
13525373497.0
13534399423.0
13543373679.0
13552374477.0
13563256341.0
13575163854.0
13584376649.0
13593383110.0
13602376831.0
13610377108.0
13618377386.0
13627406144.0
13637235107.0
13646553015.0
13656272263.0
13666026550.0
13677283211.0
13686402926.0
13694381614.0
13702380830.0
13712199529.0
13720382074.0
13730310487.0
13739208650.0
13748384638.0
13758225988.0
13768608122.0
13778384705.0
13786384982.0
13795385073.0
13805337553.0
13816386819.0
13827199315.0
13836389105.0
13845389904.0
13855218513.0
13863387963.0
13873241700.0
13882444231.0
13891389111.0
13899390096.0
13909142967.0
13919581728.0
13928615794.0
13939194706.0
13947430338.0
13957519075.0
13972352060.0
13982345594.0
13992275069.0
14001393722.0
14010650756.0
14020230208.0
14028395411.0
14037423461.0
14046406210.0
14054401887.0
14062401456.0
14072229004.0
14080397391.0
14089507904.0
14100658390.0
14112399209.0
14121398592.0
14131182254.0
14140409559.0
14149400802.0
14158401601.0
14168251799.0
14179209754.0
14188674891.0
14199212041.0
14207432454.0
14216403524.0
14224403447.0
14233403892.0
14242411062.0
14252236485.0
14262238513.0
14271405653.0
14281249126.0
14290406710.0
14298437070.0
14306411866.0
14314432316.0
14324231550.0
14332408078.0
14341408523.0
14351228638.0
14362257731.0
14371410714.0
14380410451.0
14389410896.0
14399412216.0
14408444159.0
14418224989.0
14426412489.0
14435236683.0
14445376031.0
14454435580.0
14462417453.0
14472329587.0
14481416033.0
14491204296.0
14499416215.0
14510348335.0
14519417086.0
14528444782.0
14538275868.0
14547417880.0
14565261631.0
14573447714.0
14583235623.0
14591419937.0
14600425337.0
14610286506.0
14621329048.0
14630423988.0
14639240043.0
14649245964.0
14657425677.0
14676269241.0
14685423993.0
14695209071.0
14707253549.0
14718256807.0
14727425716.0
14736390061.0
14745426251.0
14754426696.0
14762429097.0
14770429729.0
14779428050.0
14787427974.0
14795428959.0
14804431527.0
14812451270.0
14821429772.0
14830430571.0
14839213357.0
14850435689.0
14858431011.0
14866461018.0
14876256712.0
14885433054.0
14894435268.0
14902433422.0
14910433700.0
14918470076.0
14926512470.0
14936258263.0
14946256043.0
14955435570.0
14963487519.0
14972435938.0
14993545275.0
15002441314.0
15010441592.0
15019360636.0
15028269063.0
15037368958.0
15047258087.0
15056479021.0
15065563698.0
15074444873.0
15082595919.0
15092406478.0
15101445854.0
15109446132.0
15118446930.0
15126505604.0
15138350120.0
15146480639.0
15155278644.0
15165338360.0
15174447811.0
15182445611.0
15190467477.0
15199385460.0
15207446611.0
15215447242.0
15224446979.0
15233187296.0
15241448763.0
15250596791.0
15259477259.0
15269281447.0
15279457602.0
15287454340.0
15296691909.0
15308280898.0
15317458301.0
15325455039.0
15334455484.0
15342455407.0
15350535670.0
15359460731.0
15368456928.0
15376487289.0
15386381018.0
15394458804.0
15402458019.0
15410461482.0
15420460679.0
15429459354.0
15438288149.0
15446514933.0
15455461583.0
15464464859.0
15472466552.0
15481335340.0
15493346197.0
15503310710.0
15512463693.0
15520463970.0
15528477342.0
15537469647.0
15545464616.0
15553469140.0
15566360541.0
15575470700.0
15584475392.0
15594306478.0
15602467433.0
15610467357.0
15619467802.0
15627476927.0
15637192283.0
15646499219.0
15655469227.0
15663469859.0
15673266261.0
15682474455.0
15692325715.0
15702237848.0
15711574159.0
15720469491.0
15730314026.0
15739270939.0
15747508695.0
15756477287.0
15765477732.0
15776255898.0
15785477541.0
15793479942.0
15802479325.0
15810476063.0
15818480588.0
15826477326.0
15835276747.0
15845477675.0
15853481138.0
15862500341.0
15872321163.0
15880479288.0
15888483812.0
15897508323.0
15906489303.0
15914486041.0
15922481364.0
15930504292.0
15939303004.0
15947555270.0
15956482808.0
15964486625.0
15973493794.0
15985348574.0
16008396664.0
16017594240.0
16026486386.0
16035281914.0
16043486755.0
16052486138.0
16060487123.0
16069536409.0
16078492260.0
16087523142.0
16096635070.0
16106517828.0
16117436145.0
16129494073.0
16139160234.0
16147517260.0
16156491515.0
16165608752.0
16175570433.0
16184492309.0
16193516112.0
16203294465.0
16211496121.0
16220493380.0
16229494533.0
16238349872.0
16246517552.0
16256329173.0
16264496499.0
16273504022.0
16282500220.0
16290500144.0
16298625354.0
16310420675.0
16318506247.0
16327530050.0
16337328222.0
16345499795.0
16354503071.0
16362499456.0
16371150585.0
16379501240.0
16388505224.0
16398390106.0
16410248424.0
16419502981.0
16427532634.0
16437320896.0
16446161371.0
16454504947.0
16462509472.0
16471508855.0
16480329510.0
16488508515.0
16497534088.0
16506513652.0
16514511452.0
16522514207.0
16531525269.0
16540519344.0
16549512710.0
16558547131.0
16574513356.0
16582510448.0
16591522926.0
16600515231.0
16609517800.0
16619295091.0
16628513548.0
16638174755.0
16646517623.0
16654521794.0
16663520115.0
16672532947.0
16681521713.0
16691320239.0
16704638108.0
16714194555.0
16724579167.0
16733637654.0
16743143845.0
16751523167.0
16760551925.0
16769518040.0
16779153765.0
16788407614.0
16798241178.0
16806522111.0
16814527343.0
16822546024.0
16833273226.0
16843620323.0
16853521485.0
16861532380.0
16870526100.0
16880305869.0
16891529615.0
16900533246.0
16909534398.0
16918555370.0
16927523963.0
16936525469.0
16947272137.0
16956526340.0
16965560053.0
16974530061.0
16982549804.0
16991529014.0
17000532644.0
17010193143.0
17029368681.0
17039194812.0
17047533434.0
17056530693.0
17066328511.0
17074538661.0
17083531674.0
17093243137.0
17103552364.0
17113282230.0
17122581026.0
17131540417.0
17141538198.0
17151164367.0
17159542981.0
17168535639.0
17178243917.0
17188342210.0
17198413606.0
17206559697.0
17215572175.0
17226370868.0
17235174536.0
17243538993.0
17252552887.0
17261540236.0
17271381233.0
17280543771.0
17289540323.0
17299269481.0
17309396442.0
17318541638.0
17326546517.0
17337264517.0
17346246559.0
17354548019.0
17362544049.0
17371543786.0
17381220565.0
17389546446.0
17399549181.0
17408545733.0
17417549717.0
17427173763.0
17437421408.0
17447222766.0
17455587931.0
17464551922.0
17473551306.0
17482552104.0
17491552195.0
17500553348.0
17509553085.0
17518547513.0
17528220399.0
17536554774.0
17545589548.0
17554552832.0
17564220763.0
17572553014.0
17581553813.0
17590553904.0
17600232806.0
17608554086.0
17617555238.0
17627354472.0
17637266959.0
17645590716.0
17654559663.0
17662556755.0
17672225748.0
17683560978.0
17692561423.0
17701568592.0
17710567268.0
17720395523.0
17728571343.0
17738355358.0
17747264139.0
17758341364.0
17767565130.0
17777250403.0
17785597165.0
17794567173.0
17804277928.0
17812565939.0
17825410976.0
17835203132.0
17843576437.0
17852568742.0
17861573080.0
17871207035.0
17879604406.0
17888570168.0
17898266058.0
17906572473.0
17914568503.0
17924243159.0
17934306768.0
17943568757.0
17952574157.0
17963571397.0
17972573612.0
17984434054.0
17994630382.0
18004272477.0
18012572876.0
18021580399.0
18043355452.0
18051573742.0
18061379700.0
18071689281.0
18081574517.0
18091208826.0
18101329062.0
18110580079.0
18118590266.0
18127580448.0
18136581600.0
18147305972.0
18156578578.0
18165609814.0
18174579114.0
18182579037.0
18190587101.0
18200274143.0
18208584806.0
18218347586.0
18226579325.0
18235608791.0
18247294398.0
18257245462.0
18265622661.0
18274666991.0
18284587618.0
18293593018.0
18303297049.0
18311599217.0
18320646378.0
18330314663.0
18340659282.0
18350446129.0
18359586371.0
18368591417.0
18378279875.0
18390252862.0
18399321613.0
18408589973.0
18417589710.0
18426590509.0
18435224650.0
18443592293.0
18452590968.0
18462251467.0
18472662622.0
18482362405.0
18490615025.0
18499592819.0
18509400193.0
18517594417.0
18526595570.0
18535630344.0
18544596105.0
18554347207.0
18564712707.0
18581623888.0
18590596728.0
18598603729.0
18607606652.0
18617263257.0
18625599047.0
18635285028.0
18643624711.0
18652629403.0
18661608967.0
18671363961.0
18682636549.0
18692277582.0
18700602047.0
18709606031.0
18718603291.0
18728277946.0
18738676360.0
18748313146.0
18756608590.0
18765608327.0
18774632130.0
18784292275.0
18792639037.0
18802285379.0
18810615506.0
18823377020.0
18831667862.0
18842364982.0
18850608046.0
18860277392.0
18868608936.0
18878364992.0
18886616904.0
18896283065.0
18906666969.0
18916280043.0
18924628574.0
18934291904.0
18942646451.0
18952486740.0
18962385424.0
18973356829.0
18982643238.0
18991615015.0
19001279761.0
19009615905.0
19019300470.0
19027616087.0
19037347369.0
19045616977.0
19064587597.0
19073622372.0
19082655023.0
19092249340.0
19105288323.0
19114631359.0
19123623310.0
19133306105.0
19141625261.0
19150625706.0
19159624735.0
19168625534.0
19177625979.0
19186627132.0
19195655536.0
19205326652.0
19213625635.0
19222681291.0
19233237198.0
19241663237.0
19251258261.0
19262437060.0
19271630036.0
19280651716.0
19290283901.0
19298631016.0
19308358759.0
19316637569.0
19325631997.0
19334633150.0
19344366201.0
19355692230.0
19364694091.0
19373729927.0
19383006073.0
19392413167.0
19400632519.0
19409724274.0
19419377695.0
19427688003.0
19437635174.0
19446636680.0
19456334340.0
19464641463.0
19474308332.0
19482721276.0
19493338057.0
19501639517.0
19511338239.0
19521391938.0
19530642956.0
19541303268.0
19549639412.0
19559298495.0
19567651627.0
19577308587.0
19587663823.0
19597459872.0
19607339445.0
19616311223.0
19624648074.0
19633653120.0
19643319989.0
19652684260.0
19663517284.0
19673355448.0
19681648768.0
19691310329.0
19699648596.0
19709565331.0
19721411616.0
19730646708.0
19741518662.0
19751101299.0
19760327542.0
19768652715.0
19778416557.0
19789420522.0
19799365570.0
19807653227.0
19817328236.0
19825654471.0
19834652792.0
19844462997.0
19852694382.0
19863547579.0
19873416534.0
19881656413.0
19893659484.0
19903336970.0
19914262720.0
19923335010.0
19931657351.0
19942694230.0
19952333848.0
19960657251.0
19970419677.0
19981415856.0
19993394153.0
20001661991.0
