5385544.0
15204597.0
42994811.0
62994974.0
71044446.0
79235484.0
87016687.0
95287711.0
104279662.0
113280814.0
122367261.0
131300108.0
141382829.0
150266835.0
163157174.0
253105350.0
261340982.0
270298957.0
279265425.0
288329221.0
298486972.0
306993704.0
315258003.0
324331709.0
333416032.0
342269601.0
351240671.0
359047710.0
367287235.0
376286264.0
385337673.0
394285031.0
403279813.0
412285920.0
421318926.0
430312646.0
439267082.0
448323092.0
457359636.0
466283989.0
475251519.0
484283463.0
493412025.0
510273305.0
519344533.0
528108562.0
538067412.0
546989641.0
556457256.0
565081133.0
575445218.0
584454864.0
593064940.0
602531492.0
611025837.0
620519287.0
630032911.0
639246059.0
649058742.0
660080757.0
669091819.0
680452531.0
689035709.0
698578000.0
709098515.0
718058259.0
728054625.0
739426309.0
748073545.0
757061957.0
766454187.0
774998788.0
784474542.0
793060905.0
802047193.0
810290257.0
819005092.0
829146917.0
838293883.0
846992437.0
855019612.0
863029445.0
870989730.0
879012658.0
887070978.0
894994102.0
904305993.0
913061882.0
921034554.0
929046157.0
937078994.0
945050959.0
953037787.0
962123880.0
970042403.0
978269187.0
986996762.0
995028892.0
1003000502.0
1011000072.0
1019037157.0
1028286405.0
1036892233.0
1045070884.0
1053094874.0
1061034986.0
1069169397.0
1078042432.0
1086036339.0
1095337259.0
1104090317.0
1112284186.0
1121042906.0
1129092732.0
1137322347.0
1146028334.0
1154129123.0
1162239823.0
1171000312.0
1179081991.0
1188342210.0
1197337700.0
1206077663.0
1214368505.0
1223029898.0
1230994784.0
1239293059.0
1248128225.0
1256030468.0
1265306967.0
1274116298.0
1282043668.0
1290271160.0
1299253909.0
1308340709.0
1317290544.0
1326280372.0
1336953425.0
1345288153.0
1354043334.0
1362281089.0
1371256406.0
1380337544.0
1389150059.0
1397279162.0
1407061762.0
1416090874.0
1424282267.0
1432952154.0
1441114525.0
1449297423.0
1458274509.0
1467241686.0
1475082347.0
1483006533.0
1492048032.0
1500424523.0
1509054771.0
1517126186.0
1525098858.0
1532953322.0
1541043494.0
1549181091.0
1558048817.0
1566133680.0
1575267906.0
1584093162.0
1592058756.0
1600059741.0
1608091871.0
1616042600.0
1624072253.0
1633059249.0
1641076514.0
1650289309.0
1659027856.0
1667324007.0
1676065385.0
1684049029.0
1692092484.0
1700057016.0
1708074281.0
1717341579.0
1726069154.0
1734281074.0
1743014312.0
1751051397.0
1759004249.0
1767013729.0
1775040196.0
1783037642.0
1792293615.0
1801116747.0
1810311492.0
1819253895.0
1827256296.0
1836423789.0
1845057577.0
1853103509.0
1862370453.0
1871035386.0
1879017259.0
1887004796.0
1895035156.0
1903014553.0
1911028633.0
1919037404.0
1927003706.0
1936261094.0
1946882475.0
1955289756.0
1964046353.0
1972047692.0
1980106366.0
1989051954.0
1997402254.0
2006155312.0
2014066402.0
2022036243.0
2031265318.0
2041317248.0
2050060750.0
2058034483.0
2066136335.0
2074052380.0
2082288012.0
2091008155.0
2099050195.0
2107019682.0
2115052519.0
2124394139.0
2132970593.0
2141106774.0
2149060688.0
2157185544.0
2166046546.0
2174247848.0
2182175927.0
2190393509.0
2199564541.0
2208425897.0
2217504204.0
2226351403.0
2236471285.0
2245417934.0
2254613033.0
2263344856.0
2272492176.0
2281487666.0
2290498374.0
2299344158.0
2308503865.0
2317547488.0
2327347429.0
2336167731.0
2344379650.0
2353529094.0
2364520318.0
2374322383.0
2383294868.0
2392320441.0
2401359817.0
2410425029.0
2419308327.0
2428318682.0
2437416454.0
2446326296.0
2455322848.0
2464322939.0
2473369039.0
2482328783.0
2491309409.0
2500321179.0
2521185251.0
2530092262.0
2539338679.0
2548105539.0
2557242242.0
2566091564.0
2575044938.0
2584075820.0
2593194119.0
2602088389.0
2611078570.0
2620050702.0
2629195545.0
2638466736.0
2647056991.0
2656060975.0
2667162975.0
2676211907.0
2685152186.0
2694070522.0
2703147767.0
2712147858.0
2721080705.0
2730078318.0
2739410029.0
2748182551.0
2757092394.0
2777390200.0
2786284116.0
2795161752.0
2803313152.0
2813112032.0
2822200602.0
2831148667.0
2840483917.0
2849145664.0
2858230695.0
2867416946.0
2877399508.0
2886437114.0
2895321828.0
2904451099.0
2913322718.0
2922319978.0
2931363600.0
2943255895.0
2952363931.0
2961225994.0
2969427650.0
2978617440.0
2987389255.0
2996376251.0
3006203444.0
3015564884.0
3024465524.0
3034423667.0
3043355806.0
3053312179.0
3062404288.0
3071169378.0
3079319008.0
3088567902.0
3099462507.0
3108564526.0
3117492418.0
3126490032.0
3135605499.0
3145497459.0
3155336332.0
3164180346.0
3172379524.0
3182225475.0
3190342545.0
3199129932.0
3207136934.0
3215173665.0
3223154831.0
3231057074.0
3239413037.0
3248421622.0
3257521517.0
3266518777.0
3275491970.0
3284376684.0
3293582755.0
3302510647.0
3311516046.0
3320408901.0
3329510566.0
3338206996.0
3347052780.0
3356071628.0
3366062331.0
3375066315.0
3385487380.0
3394060294.0
3403023224.0
3412473850.0
3421134181.0
3430486773.0
3439322647.0
3449063130.0
3458573569.0
3467476687.0
3476104104.0
3485539866.0
3494877593.0
3503054120.0
3512059520.0
3521506253.0
3530157737.0
3539333370.0
3548094568.0
3556077149.0
3564109987.0
3572110972.0
3580077274.0
3588114713.0
3596107204.0
3605412017.0
3614147025.0
3622343372.0
3631037679.0
3639358251.0
3648155548.0
3656074778.0
3665590171.0
3674147867.0
3681950305.0
3690078700.0
3699338212.0
3708108965.0
3716067834.0
3724065634.0
3733039182.0
3741141033.0
3749062741.0
3757176272.0
3766077620.0
3774053123.0
3782147543.0
3790084115.0
3798087224.0
3806383729.0
3815058571.0
3823024873.0
3831043554.0
3839347138.0
3848099133.0
3856086316.0
3864233115.0
3874061724.0
3882342303.0
3891024577.0
3899053522.0
3907031148.0
3915079205.0
3923067449.0
3931083299.0
3939278584.0
3948401130.0
3960141241.0
3970372253.0
3979385792.0
3988365002.0
3997451803.0
4007195472.0
4017203516.0
4025323417.0
4034057009.0
4043488170.0
4052056837.0
4061196725.0
4070238225.0
4079104889.0
4088080206.0
4097158158.0
4106229740.0
4115088973.0
4124074199.0
4134002966.0
4143172937.0
4152162057.0
4161096319.0
4170087208.0
4179132955.0
4188144371.0
4197035810.0
4206224538.0
4215181451.0
4224145443.0
4233998118.0
4243397426.0
4253439801.0
4262411224.0
4271391142.0
4280390879.0
4289383184.0
4298450873.0
4307410971.0
4316392659.0
4325378947.0
4334417261.0
4343415582.0
4352400809.0
4361383204.0
4370451247.0
4379391172.0
4388387724.0
4397500006.0
4406442055.0
4415405338.0
4424383487.0
4433412599.0
4442553194.0
4451142035.0
4460049046.0
4469106471.0
4479523997.0
4488410481.0
4497401016.0
4506422696.0
4523401121.0
4533259459.0
4542426599.0
4551160191.0
4560143294.0
4569100561.0
4578089326.0
4587139673.0
4596290533.0
4605197544.0
4614103847.0
4623165165.0
4633165070.0
4642091546.0
4651044920.0
4660117918.0
4669270901.0
4678106420.0
4688923518.0
4698408828.0
4707405733.0
4716408656.0
4726346979.0
4735410775.0
4744424668.0
4753406356.0
4762401492.0
4771398397.0
4780397427.0
4789395748.0
4798419905.0
4815228451.0
4824212970.0
4835585008.0
4845535718.0
4854418308.0
4863424770.0
4872411766.0
4881405486.0
4890405223.0
4899408146.0
4908522906.0
4917406912.0
4926406649.0
4935419481.0
4944433021.0
4953422494.0
4962174490.0
4970551334.0
4981336933.0
4990411700.0
4999398696.0
5008495052.0
5017413743.0
5026417019.0
5035424542.0
5044446576.0
5053456576.0
5062412782.0
5072266165.0
5080416857.0
5089462249.0
5098429426.0
5107417130.0
5116419344.0
5125411295.0
5136243964.0
5144205665.0
5152243104.0
5160424940.0
5169468209.0
5178429015.0
5187419904.0
5196424596.0
5205438490.0
5214435396.0
5223437964.0
5233356822.0
5243426801.0
5252631810.0
5261489980.0
5270424243.0
5279250915.0
5287425319.0
5296444522.0
5305446736.0
5314449658.0
5323423206.0
5337234434.0
5345430074.0
5354128274.0
5362189425.0
5370424703.0
5379426564.0
5388442581.0
5397427099.0
5406427898.0
5415438961.0
5424507711.0
5433422154.0
5442426492.0
5451435785.0
5460436584.0
5469458264.0
5478447737.0
5487436149.0
5496448981.0
5505451903.0
5514454118.0
5523435097.0
5533047463.0
5541433863.0
5550432893.0
5559455988.0
5568459264.0
5580242199.0
5588448102.0
5597445715.0
5606442621.0
5615457223.0
5624454836.0
5633133571.0
5641209587.0
5649440971.0
5658464775.0
5667481854.0
5676447615.0
5685450891.0
5694478587.0
5703440455.0
5712448333.0
5721449839.0
5730457362.0
5740199262.0
5748465684.0
5757448433.0
5766442508.0
5775457463.0
5784482682.0
5793196101.0
5801468540.0
5810318925.0
5830931362.0
5841186794.0
5849445431.0
5858462156.0
5867198579.0
5875456154.0
5884461553.0
5893454212.0
5902456073.0
5911466781.0
5920449176.0
5929454576.0
5938468824.0
5947446972.0
5956449186.0
5965502719.0
5974470249.0
5983522366.0
5992451674.0
6001458135.0
6011066254.0
6019451592.0
6028481766.0
6037205803.0
6046233853.0
6055450541.0
6064489916.0
6073493900.0
6082462139.0
6091455505.0
6100458074.0
6109469136.0
6118528331.0
6127460470.0
6136460207.0
6145478702.0
6154971798.0
6164474096.0
6173610445.0
6182584346.0
6191110189.0
6200147088.0
6209118511.0
6218315734.0
6227244687.0
6236489688.0
6245149312.0
6254407762.0
6263131798.0
6272217537.0
6281108621.0
6290156491.0
6298133764.0
6309494830.0
6318082609.0
6327137911.0
6336552084.0
6345086067.0
6355139413.0
6364098096.0
6373093940.0
6382502450.0
6391545365.0
6400082887.0
6409519357.0
6418084131.0
6427543251.0
6437483344.0
6448328400.0
6457237889.0
6466126496.0
6475471301.0
6484488734.0
6493483516.0
6502479714.0
6511480513.0
6520477419.0
6538476893.0
6547169785.0
6555477261.0
6564483369.0
6573303316.0
6581478782.0
6590336953.0
6601182717.0
6610172899.0
6619451522.0
6628482049.0
6637596101.0
6646484001.0
6655488339.0
6664483475.0
6673499492.0
6682504538.0
6691480209.0
6700482069.0
6709216723.0
6717576226.0
6726151971.0
6735519781.0
6746190711.0
6755499770.0
6764497030.0
6773508446.0
6782298311.0
6791107995.0
6800478636.0
6809204796.0
6817533862.0
6827508992.0
6836540582.0
6848576212.0
6857204691.0
6865506152.0
6874202228.0
6882492717.0
6891490685.0
6900495023.0
6909253035.0
6917212258.0
6925387016.0
6936372224.0
6947215511.0
6955153499.0
6963606435.0
6972506014.0
6981198198.0
6989302526.0
6997543467.0
7007523198.0
7016199456.0
7024497023.0
7034507545.0
7043526393.0
7052232734.0
7061186816.0
7069284774.0
7077503772.0
7086209758.0
7095203479.0
7103554841.0
7112486980.0
7121206769.0
7129225805.0
7137143620.0
7146500812.0
7155542311.0
7167254816.0
7176562461.0
7185551226.0
7194251550.0
7203185459.0
7212558224.0
7221495671.0
7230260408.0
7239506471.0
7249291194.0
7258654403.0
7267480367.0
7276495323.0
7285506739.0
7294127078.0
7302200616.0
7312185302.0
7321526922.0
7330188315.0
7340181141.0
7348494281.0
7357524809.0
7367514449.0
7376498968.0
7385180534.0
7393131971.0
7401175427.0
7409184552.0
7417148730.0
7425215190.0
7434526727.0
7444206691.0
7453602461.0
7462280842.0
7471582823.0
7480187236.0
7489138840.0
7498536379.0
7507582479.0
7516190785.0
7525638934.0
7534534619.0
7545229615.0
7554606627.0
7563339158.0
7573553889.0
7582609545.0
7591136804.0
7601433644.0
7610506642.0
7619181130.0
7627160172.0
7635163989.0
7643188686.0
7651141893.0
7659157743.0
7667197305.0
7675203245.0
7684162636.0
7693196349.0
7702634942.0
7712070350.0
7721528055.0
7730532747.0
7739542393.0
7750538218.0
7759157849.0
7767197411.0
7775204767.0
7783167529.0
7791535172.0
7800560745.0
7809209397.0
7817222769.0
7825227294.0
7834470525.0
7843518749.0
7863204988.0
7871208451.0
7880350816.0
7889505922.0
7898540343.0
7907216601.0
7915168392.0
7923171146.0
7931590461.0
7942541692.0
7951308198.0
7959191330.0
7967561450.0
7977230088.0
7985565525.0
7995169043.0
8003579863.0
8013542252.0
8024230170.0
8033536753.0
8043546567.0
8052314135.0
8061265031.0
8069209744.0
8077337785.0
8085224809.0
8093278882.0
8101242706.0
8109646448.0
8119184846.0
8127563460.0
8136259891.0
8144568075.0
8155586197.0
8165014880.0
8174579468.0
8183213609.0
8191602133.0
8200550552.0
8209233888.0
8217566847.0
8226537563.0
8235551810.0
8244282925.0
8252211357.0
8260552456.0
8269329226.0
8277594941.0
8286602818.0
8295959302.0
8305565652.0
8314238724.0
8322198655.0
8330561697.0
8339219197.0
8347510747.0
8356565695.0
8365594454.0
8374236735.0
8382545628.0
8392541285.0
8401208341.0
8409190215.0
8417552902.0
8427952378.0
8436184825.0
8444212708.0
8452554515.0
8461393220.0
8470199011.0
8478550727.0
8487171774.0
8495189393.0
8503543233.0
8512196486.0
8520179067.0
8528190670.0
8545253328.0
8554198562.0
8562549924.0
8571193622.0
8579190714.0
8587546323.0
8596228951.0
8604252233.0
8612194822.0
8620220936.0
8628192546.0
8638203068.0
8646560447.0
8655542134.0
8664244935.0
8672246983.0
8681551795.0
8690173550.0
8698239656.0
8706190739.0
8714178275.0
8722200496.0
8730181308.0
8738251661.0
8747561782.0
8756437649.0
8764192308.0
8772241426.0
8780190386.0
8788198095.0
8796264201.0
8804250322.0
8812199636.0
8820252293.0
8830203711.0
8838181337.0
8846213113.0
8854231795.0
8864209048.0
8872230915.0
8880254551.0
8888208111.0
8896212282.0
8904301746.0
8914220958.0
8922181243.0
8930205940.0
8938199847.0
8946202248.0
8954197925.0
8962241734.0
8970185739.0
8978212560.0
8988575229.0
8997567179.0
9006539665.0
9015579748.0
9024248928.0
9033001985.0
9041595780.0
9050179666.0
9058225952.0
9066201455.0
9074210581.0
9082205903.0
9090297491.0
9098229109.0
9106254161.0
9116206286.0
9124244787.0
9133185774.0
9141574297.0
9150581113.0
9159302672.0
9167632799.0
9176213853.0
9184203867.0
9192268911.0
9202216790.0
9210184507.0
9218246366.0
9226210898.0
9234187109.0
9242582357.0
9251584925.0
9260227915.0
9268221468.0
9278214294.0
9286212094.0
9294204585.0
9302274231.0
9310608959.0
9319580029.0
9328211339.0
9336212678.0
9344197029.0
9352199076.0
9360592555.0
9369601140.0
9378195997.0
9386259979.0
9394635054.0
9403571794.0
9412200273.0
9420256469.0
9428214276.0
9438299121.0
9446297629.0
9454208011.0
9462575654.0
9471590963.0
9481218194.0
9489444978.0
9498247937.0
9506295286.0
9514601701.0
9523579141.0
9534587353.0
9543960118.0
9552336608.0
9560284152.0
9568228865.0
9577600214.0
9586609861.0
9595628355.0
9604211179.0
9612255696.0
9620589716.0
9629580960.0
9638286592.0
9646619197.0
9655606547.0
9664216976.0
9672321305.0
9680585250.0
9689598436.0
9698229392.0
9706263292.0
9716599771.0
9725314605.0
9733652519.0
9742608016.0
9751585810.0
9760587671.0
9769607935.0
9779607132.0
9788589173.0
9797587494.0
9806306576.0
9814611929.0
9824186072.0
9833004958.0
9841665289.0
9850596013.0
9859591149.0
9868216442.0
9876606382.0
9885616028.0
9896360219.0
9904618501.0
9913222560.0
9921596573.0
9930598787.0
9939260888.0
9947622868.0
9956610926.0
9965621988.0
9974310633.0
9982608554.0
9991600505.0
10000405588.0
10008264653.0
10016232370.0
10024600013.0
10033228845.0
10041602505.0
10050605073.0
10059612950.0
10068264433.0
10076422204.0
10085625443.0
10094293206.0
10102626165.0
10111217129.0
10119604944.0
10128323672.0
10136269446.0
10147058938.0
10155615218.0
10164249713.0
10172643192.0
10181600813.0
10190294412.0
10198275932.0
10206634373.0
10215606151.0
10224544660.0
10233610933.0
10243430694.0
10253310267.0
10261623053.0
10270633054.0
10279610494.0
10288612708.0
10297236940.0
10305611307.0
10314610336.0
10323611135.0
10332614765.0
10341611317.0
10350542748.0
10359626363.0
10370301894.0
10378617157.0
10387615124.0
10396258468.0
10404266885.0
10412616124.0
10421363519.0
10430632940.0
10439621352.0
10448257971.0
10456655696.0
10465642339.0
10476639225.0
10485626575.0
10494634452.0
10503634543.0
10512254882.0
10520634204.0
10529623323.0
10547274544.0
10555624844.0
10567654459.0
10577103669.0
10585640838.0
10594662872.0
10603453798.0
10613628537.0
10622260555.0
10630661112.0
10639626165.0
10648271278.0
10656266601.0
10664664326.0
10673627964.0
10682325810.0
10690245395.0
10698306192.0
10708632761.0
10717645947.0
10727512071.0
10736631078.0
10745631877.0
10754322291.0
10762634723.0
10771630567.0
10780647292.0
10789645259.0
10798652428.0
10807630930.0
10816634914.0
10825634298.0
10834495653.0
10842634312.0
10851645728.0
10860257573.0
10868632294.0
10877265374.0
10885647527.0
10894673100.0
10903454117.0
10911641970.0
10920261247.0
10928665697.0
10937639598.0
10946302760.0
10954959553.0
10964673139.0
10973274720.0
10981647671.0
10990659442.0
10999641483.0
11008642989.0
11018292871.0
11026645295.0
11035646094.0
11045095304.0
11053270770.0
11061644429.0
11070647352.0
11079655937.0
11088646118.0
11097652226.0
11106677091.0
11115641082.0
11124325480.0
11133261866.0
11141646142.0
11150368763.0
11158674116.0
11167297640.0
11175665637.0
11186340460.0
11195093871.0
11204110596.0
11212653427.0
11221657765.0
11230660333.0
11240654929.0
11249680148.0
11258659004.0
11267649893.0
11276300669.0
11284660525.0
11293298914.0
11301390502.0
11311676724.0
11320655934.0
11329677614.0
11338658594.0
11347648067.0
11357165584.0
11367063914.0
11375658063.0
11384508447.0
11392658785.0
11401661708.0
11412659656.0
11421659039.0
11430657714.0
11439655682.0
11448313890.0
11456513422.0
11464666237.0
11473285514.0
11481662005.0
11490665281.0
11499677405.0
11509131925.0
11519678276.0
11528666688.0
11537541846.0
11545667410.0
11554667855.0
11563659098.0
11572664498.0
11581291915.0
11589667343.0
11599189107.0
11607341215.0
11615672758.0
11624662939.0
11633681434.0
11642283723.0
11650633669.0
11659687202.0
11668309310.0
11677266577.0
11685678813.0
11694684921.0
11704106526.0
11712673777.0
11721666436.0
11730673605.0
11739329690.0
11747376684.0
11755686992.0
11765182212.0
11773300344.0
11782109674.0
11790673032.0
11799677724.0
11808313281.0
11817107747.0
11825675706.0
11834324358.0
11842679967.0
11851675811.0
11860678026.0
11870193419.0
11879109632.0
11887674759.0
11897112645.0
11906192721.0
11914554701.0
11922307591.0
11930309638.0
11938443342.0
11947678433.0
11957988368.0
11967065259.0
11975677812.0
11984686396.0
11993688257.0
12002317798.0
12011097753.0
12020108461.0
12028681021.0
12038278169.0
12047095285.0
12055542913.0
12064684924.0
12074198194.0
12082686168.0
12091689798.0
12100303766.0
12108683442.0
12117686010.0
12126684686.0
12136115139.0
12145143189.0
12153685312.0
12162685757.0
12172112671.0
12181132582.0
12190129841.0
12199060918.0
12208114097.0
12216335572.0
12224687642.0
12233322138.0
12242259939.0
12250312596.0
12259062469.0
12268115293.0
12277128125.0
12286117599.0
12295660597.0
12305102729.0
12315066888.0
12325571831.0
12335103858.0
12345104117.0
12355111100.0
12364114022.0
12374255139.0
12384059682.0
12393117107.0
12403496764.0
12412563037.0
12422206902.0
12433578585.0
12443106366.0
12453592197.0
12465115357.0
12474109078.0
12483082625.0
12492165532.0
12502120843.0
12512542616.0
12522108973.0
12531609855.0
12543064710.0
12560116750.0
12570104621.0
12580548337.0
12590659725.0
12600611143.0
12610602553.0
12620138827.0
12630589975.0
12640130496.0
12650204015.0
12660602075.0
12672165582.0
12682567535.0
12692114781.0
12702546109.0
12712572557.0
12722210759.0
12733195613.0
12743109515.0
12753112251.0
12761360624.0
12770333817.0
12780595266.0
12790580660.0
12800125074.0
12810092418.0
12819512962.0
12828336094.0
12838137806.0
12847079854.0
12856130201.0
12866222832.0
12876147706.0
12885344928.0
12895340586.0
12905549655.0
12915050891.0
12924169544.0
12934566897.0
12944130776.0
12952346589.0
12961160166.0
12970136544.0
12979088149.0
12988224498.0
12997156283.0
13005418812.0
13014350951.0
13022343796.0
13030344074.0
13038385406.0
13047100240.0
13056233403.0
13064349765.0
13072543989.0
13081161497.0
13089417655.0
13097376879.0
13106242481.0
13114347872.0
13123089958.0
13133221519.0
13141349207.0
13150135886.0
13158355592.0
13167160321.0
13176195449.0
13184350388.0
13192634507.0
13201352172.0
13209351742.0
13218177706.0
13227093211.0
13236188506.0
13245194967.0
13254124629.0
13263104546.0
13272186038.0
13281138350.0
13290116852.0
13299097124.0
13308241259.0
13317185785.0
13326131727.0
13337209660.0
13345357875.0
13353357798.0
13362127844.0
13370363829.0
13378382864.0
13387104069.0
13396145569.0
13405266345.0
13414155660.0
13423121421.0
13433157779.0
13441361912.0
13449594713.0
13459095241.0
13468497381.0
13477161959.0
13485364323.0
13494129768.0
13503130920.0
13512209581.0
13521148090.0
13530130485.0
13539103679.0
13548278604.0
13556366653.0
13564654310.0
13574302068.0
13582368882.0
13591143882.0
13600160961.0
13608369341.0
13616369619.0
13625150282.0
13633380605.0
13641373096.0
13650149866.0
13659138985.0
13667499550.0
13675468682.0
13684187056.0
13692385173.0
13700373063.0
13708373694.0
13716374680.0
13724373895.0
13733097932.0
13742343287.0
13750399837.0
13758640777.0
13768200410.0
13776377646.0
13784376861.0
13793186899.0
13801377938.0
13810235046.0
13818384676.0
13826379645.0
13834382046.0
13843150676.0
13851380291.0
13859415252.0
13867425439.0
13876187345.0
13885305998.0
13893381659.0
13901382291.0
13909689060.0
13919168353.0
13928206667.0
13937191186.0
13945384348.0
13955015825.0
13964197475.0
13972390991.0
13981386835.0
13990223063.0
13999201565.0
14007414546.0
14016236971.0
14024386955.0
14033006232.0
14042335111.0
14050388476.0
14058388754.0
14066413805.0
14074390016.0
14082398080.0
14090637605.0
14100242893.0
14108391107.0
14117183449.0
14125395723.0
14134201513.0
14143162674.0
14152195325.0
14160393088.0
14168663757.0
14178398932.0
14186396732.0
14195179519.0
14203395685.0
14212205723.0
14220402424.0
14228396331.0
14236396608.0
14244397240.0
14253206216.0
14261397962.0
14269398594.0
14277398163.0
14286183073.0
14294421182.0
14302405180.0
14310402626.0
14318428031.0
14326422292.0
14335246133.0
14344227466.0
14353218001.0
14361402315.0
14369402593.0
14378289784.0
14387185116.0
14395405530.0
14404207781.0
14412405544.0
14420412192.0
14428432643.0
14436454155.0
14444405592.0
14452406224.0
14460407563.0
14468462343.0
14477292201.0
14485408209.0
14493407778.0
14501408056.0
14509411872.0
14517409673.0
14526195290.0
14534409687.0
14543214770.0
14552209906.0
14569168159.0
14577411223.0
14585417163.0
14594306478.0
14602412576.0
14610701296.0
14620413820.0
14628416575.0
14637345883.0
14645414820.0
14653417929.0
14661417498.0
14672682653.0
14683421889.0
14691426060.0
14699440140.0
14707670109.0
14717418025.0
14725418302.0
14734231526.0
14743193040.0
14752214366.0
14760419561.0
14768421962.0
14777235893.0
14785424453.0
14793427208.0
14802221674.0
14810466508.0
14819210009.0
14828265665.0
14837177985.0
14846303362.0
14854423617.0
14862465657.0
14870424172.0
14879220761.0
14888229700.0
14896454007.0
14904427386.0
14912426248.0
14920445991.0
14929278680.0
14937458039.0
14945428233.0
14953434881.0
14961428080.0
14970254398.0
14979214497.0
14987437034.0
14996272554.0
15004430324.0
15012573584.0
15021437063.0
15030211001.0
15038500782.0
15046460005.0
15054432324.0
15063225020.0
15072299079.0
15080435260.0
15088434476.0
15097183640.0
15105434844.0
15114226833.0
15122435567.0
15131228617.0
15140227292.0
15148439211.0
15156480543.0
15164437289.0
15172442167.0
15180471820.0
15188440599.0
15196680478.0
15205439905.0
15213441599.0
15222217661.0
15230439844.0
15239228293.0
15248270853.0
15256475695.0
15265274407.0
15273442795.0
15281442364.0
15290338758.0
15298704277.0
15307444240.0
15315447702.0
15323444794.0
15332301195.0
15340445163.0
15348445794.0
15357329447.0
15366223717.0
15374450147.0
15382470951.0
15390447163.0
15398452041.0
15406477093.0
15414584961.0
15423235736.0
15431449425.0
15440449162.0
15449262385.0
15458358741.0
15466478643.0
15474450607.0
15482486276.0
15490460364.0
15499237841.0
15508269785.0
15516482058.0
15524453314.0
15533264060.0
15541482350.0
15549454314.0
15557454945.0
15565455577.0
15573455147.0
15582301638.0
15590457285.0
15598457208.0
15606507388.0
15615226115.0
15623457854.0
15633222050.0
15642248331.0
15651278151.0
15659469897.0
15667474422.0
15676250483.0
15684470543.0
15693579640.0
15701476220.0
15709478975.0
15718178945.0
15726472973.0
15735280887.0
15743473695.0
15752322310.0
15761320631.0
15769475570.0
15777671210.0
15787279683.0
15796329676.0
15804478244.0
15812476044.0
15820501096.0
15828487924.0
15838443589.0
15847511632.0
15856330518.0
15864478379.0
15873438477.0
15882500503.0
15891282582.0
15900372922.0
15908483621.0
15916483544.0
15924489485.0
15933330313.0
15941483836.0
15950273347.0
15958505440.0
15967281856.0
15977301226.0
15986562507.0
16010272774.0
16018695981.0
16027443376.0
16037319410.0
16046271722.0
16054510185.0
16063292618.0
16072188657.0
16081192287.0
16090342439.0
16098577717.0
16108182297.0
16122361598.0
16133253018.0
16141618183.0
16150519531.0
16159272943.0
16168424156.0
16178287095.0
16187175348.0
16196398760.0
16205540772.0
16214279318.0
16223168634.0
16231497345.0
16240494605.0
16248502669.0
16257442594.0
16267128575.0
16276181045.0
16284497016.0
16292487030.0
16300615425.0
16308493247.0
16316489986.0
16325274896.0
16333488938.0
16341488862.0
16350271648.0
16358489938.0
16366490924.0
16375131436.0
16384280525.0
16392491383.0
16401374682.0
16409492105.0
16417519280.0
16425491952.0
16433492584.0
16441492861.0
16450280602.0
16458493584.0
16467114630.0
16476207093.0
16484494397.0
16493247454.0
16502248961.0
16510496272.0
16518495842.0
16527116534.0
16536208997.0
16545150692.0
16554139458.0
16570549848.0
16578498807.0
16587115961.0
16594500070.0
16603121117.0
16610677937.0
16618501610.0
16626501180.0
16634501811.0
16642502089.0
16650501659.0
16659116689.0
16666502921.0
16675119013.0
16682621684.0
16690508709.0
16698510402.0
16706511741.0
16714617132.0
16724160130.0
16733117043.0
16741506983.0
16749506552.0
16758167591.0
16767122735.0
16775535325.0
16783507643.0
16792169744.0
16800510489.0
16808511474.0
16816509274.0
16825196149.0
16833692617.0
16843123778.0
16851122994.0
16859154416.0
16868164771.0
16876516841.0
16885211148.0
16894177617.0
16903135592.0
16912179922.0
16921192400.0
16929514388.0
16937621902.0
16946515818.0
16954535207.0
16963134665.0
16970520897.0
16978519405.0
16987133020.0
16994517129.0
17002517760.0
17010613949.0
17019524499.0
17027525131.0
17035547705.0
17043520023.0
17052223886.0
17060520037.0
17068523146.0
17077196572.0
17085545811.0
17093666774.0
17103141113.0
17112292680.0
17120539283.0
17129232883.0
17137577167.0
17145548777.0
17153523927.0
17162290433.0
17170573489.0
17178722766.0
17187565718.0
17196267811.0
17204577412.0
17213248360.0
17222276411.0
17230527615.0
17239174143.0
17248222367.0
17257199807.0
17265554709.0
17274180002.0
17283173369.0
17292242120.0
17300573309.0
17308531470.0
17316534933.0
17324532025.0
17332719524.0
17344533604.0
17352533173.0
17360532743.0
17369194844.0
17377535235.0
17385559933.0
17393536144.0
17402344058.0
17411195150.0
17419535541.0
17427594569.0
17436537326.0
17445208628.0
17453538048.0
17462277303.0
17471180774.0
17480208471.0
17489192282.0
17498354820.0
17507190694.0
17516221222.0
17524541086.0
17534170086.0
17543193889.0
17552193272.0
17560541803.0
17568542081.0
17577220462.0
17586238602.0
17594543956.0
17602543879.0
17610551943.0
17618652025.0
17626550374.0
17635171067.0
17643545788.0
17652247528.0
17660546510.0
17668547142.0
17677326389.0
17686239417.0
17695174741.0
17704221195.0
17713207837.0
17722207220.0
17731175105.0
17740210233.0
17748670956.0
17757558147.0
17765578952.0
17773552686.0
17781551194.0
17790207986.0
17798552978.0
17806553609.0
17815447879.0
17824624574.0
17833197488.0
17841553806.0
17850204581.0
17859178482.0
17867555327.0
17875582502.0
17884296628.0
17892556327.0
17900556604.0
17908556882.0
17916556805.0
17924660426.0
17933563544.0
17941603106.0
17950269100.0
17959185313.0
17968231059.0
17976560125.0
17984653836.0
17994210991.0
18002571910.0
18010564755.0
18019190756.0
18028227654.0
18037235178.0
18045589725.0
18053562751.0
18062246441.0
18071255380.0
18079564272.0
18087570920.0
18095593848.0
18104228344.0
18112573690.0
18121257026.0
18129566626.0
18137673078.0
18146568410.0
18154568687.0
18163191504.0
18172223801.0
18180569147.0
18188570132.0
18196572533.0
18204605017.0
18212570257.0
18220587876.0
18228623545.0
18238607877.0
18246572409.0
18255190625.0
18263573132.0
18272255760.0
18280573500.0
18289277009.0
18297622001.0
18305603875.0
18314315170.0
18322576284.0
18331103897.0
18340239538.0
18349471798.0
18357582143.0
18366250968.0
18374579326.0
18384303530.0
18392584463.0
18402231867.0
18411280090.0
18420298939.0
18428579872.0
18437229940.0
18446353547.0
18454581393.0
18462672273.0
18472242877.0
18480586807.0
18488602303.0
18497238214.0
18505610812.0
18513583130.0
18523078350.0
18530584560.0
18538584837.0
18546584761.0
18555119098.0
18564294731.0
18579588162.0
18588313260.0
18596587114.0
18605337341.0
18613588899.0
18621588114.0
18630238536.0
18639205713.0
18646609641.0
18655200605.0
18662712832.0
18670591008.0
18678616414.0
18686591563.0
18694595026.0
18703240139.0
18712251909.0
18720593362.0
18728696983.0
18738249537.0
18746593821.0
18754598700.0
18763244874.0
18772252751.0
18780595620.0
18788595189.0
18796596175.0
18804596098.0
18813541686.0
18822630610.0
18831216265.0
18840309082.0
18848598155.0
18856598787.0
18864610036.0
18872627301.0
18880613068.0
18888603436.0
18896701748.0
18906240853.0
18914606019.0
18922628947.0
18931213186.0
18938602958.0
18946602528.0
18954614484.0
18963148467.0
18972309590.0
18980603972.0
18988691313.0
18997605402.0
19005604972.0
19014247608.0
19023254423.0
19033074538.0
19041258852.0
19050251511.0
19058615614.0
19067261435.0
19076265065.0
19084608287.0
19093129175.0
19104322486.0
19112636333.0
19121268705.0
19130348781.0
19139255438.0
19148319234.0
19157265883.0
19166345959.0
19175260049.0
19184263325.0
19193305886.0
19201616548.0
19209613286.0
19218259107.0
19226614362.0
19235262661.0
19243615439.0
19252168887.0
19261457774.0
19269616252.0
19278261011.0
19286639625.0
19294617960.0
19302646550.0
19310618869.0
19319293003.0
19328300526.0
19336657905.0
19345259840.0
19355167726.0
19364271515.0
19372649775.0
19381700476.0
19390646771.0
19398621921.0
19407334278.0
19415622997.0
19423622567.0
19431626029.0
19442388977.0
19450650091.0
19458639043.0
19466635428.0
19475485104.0
19485551191.0
19495260530.0
19503627465.0
19512247804.0
19520628187.0
19528627403.0
19537382230.0
19545627771.0
19553628403.0
19561629388.0
19569628958.0
19577729747.0
19587244079.0
19595630833.0
19603631110.0
19611664302.0
19620631832.0
19628639896.0
19637283947.0
19646383489.0
19654648142.0
19662671070.0
19671280083.0
19679634277.0
19687634554.0
19695634478.0
19703657406.0
19712171570.0
19720637601.0
19728636817.0
19737301749.0
19745639309.0
19754551629.0
19762665867.0
19770642432.0
19779126867.0
19788358419.0
19797307900.0
19805640151.0
19813640783.0
19821641060.0
19829665758.0
19838392625.0
19846646307.0
19854691886.0
19862694641.0
19870648909.0
19879264647.0
19887643969.0
19895649201.0
19904159472.0
19913352093.0
19921645767.0
19929645691.0
19938298944.0
19946649244.0
19954669695.0
19962674574.0
19971116185.0
19980361893.0
19989309251.0
19997648934.0
