9152628.0
18090784.0
26496296.0
35473028.0
44473827.0
54072744.0
76148626.0
92880726.0
107070645.0
116137980.0
125478539.0
135135852.0
231461953.0
245483055.0
255154171.0
263483236.0
273112237.0
284074439.0
292500124.0
302088424.0
310487919.0
321073555.0
330056658.0
338487298.0
347505438.0
357059408.0
366345110.0
376249457.0
384488628.0
396082925.0
404489498.0
424252183.0
433086995.0
441490737.0
451225559.0
459497998.0
469122751.0
478063384.0
486501102.0
495522074.0
505225396.0
513494296.0
523108078.0
531495894.0
541031106.0
550068005.0
559584105.0
570069229.0
578497391.0
587503853.0
597331754.0
605520315.0
615577200.0
624499075.0
633500228.0
643275750.0
652282919.0
660515011.0
670070397.0
678501391.0
688260278.0
697237718.0
705521483.0
715478563.0
724503782.0
734465464.0
744560572.0
753536950.0
762520053.0
771532885.0
780517758.0
789506170.0
799301510.0
808260193.0
817172513.0
825526707.0
834508394.0
843508485.0
852508930.0
861509021.0
870522914.0
879514511.0
888530529.0
898282338.0
910191974.0
919512713.0
928512804.0
938221082.0
947228959.0
955533251.0
965350888.0
973521399.0
983267900.0
992244632.0
1000521672.0
1013984647.0
1023320959.0
1031529339.0
1040557743.0
1050187097.0
1058566419.0
1069543840.0
1079491719.0
1088519416.0
1098190178.0
1106530569.0
1116336173.0
1126217516.0
1135365190.0
1143522252.0
1152522343.0
1162476592.0
1171537911.0
1180523491.0
1190232477.0
1198524027.0
1208234074.0
1217301055.0
1226525529.0
1236265305.0
1244526773.0
1254213107.0
1263359366.0
1272253636.0
1280527844.0
1290108004.0
1299255324.0
1308246567.0
1317174813.0
1327337873.0
1336288416.0
1344530772.0
1353531571.0
1363251528.0
1371545909.0
1380531844.0
1390200836.0
1399246583.0
1407533178.0
1417201817.0
1427534403.0
1437229939.0
1446224722.0
1454535384.0
1463535475.0
1473240567.0
1481554060.0
1491077239.0
1500265968.0
1509235268.0
1517538144.0
1527269072.0
1535557791.0
1545236340.0
1554480279.0
1563564956.0
1573043895.0
1581559829.0
1591272707.0
1602242696.0
1610542033.0
1621262865.0
1629545214.0
1639353295.0
1648297468.0
1656564952.0
1666235360.0
1674544961.0
1684293584.0
1693283412.0
1701570361.0
1710547094.0
1722434080.0
1732314361.0
1740555301.0
1750405145.0
1758555837.0
1770220564.0
1781293188.0
1793424023.0
1803283422.0
1812209899.0
1820558076.0
1830196632.0
1841315266.0
1850564514.0
1860234922.0
1869220502.0
1877561247.0
1887330398.0
1896376852.0
1905231484.0
1915510274.0
1925379584.0
1937449544.0
1945564137.0
1955263212.0
1965612432.0
1975564912.0
1985379010.0
1993570756.0
2003286820.0
2012226391.0
2020590849.0
2030235067.0
2042261496.0
2050568619.0
2059597377.0
2069372899.0
2077577740.0
2087247794.0
2095572259.0
2108124254.0
2117394029.0
2125575866.0
2135255122.0
2143572862.0
2152590295.0
2162172224.0
2171587813.0
2181239464.0
2192248384.0
2201389687.0
2209576125.0
2219576737.0
2229241129.0
2237582228.0
2247294398.0
2262047752.0
2271595705.0
2281594194.0
2291255401.0
2299598977.0
2309458731.0
2321342531.0
2331339605.0
2342187138.0
2351363834.0
2359582124.0
2369382419.0
2380214381.0
2389583606.0
2399329399.0
2408247027.0
2424247582.0
2433585663.0
2443277661.0
2452289077.0
2460600801.0
2469586735.0
2479378183.0
2487587625.0
2498440467.0
2508274385.0
2528197040.0
2537391785.0
2545596980.0
2555281899.0
2563590792.0
2573399935.0
2584206415.0
2594276041.0
2602592366.0
2612236584.0
2621275960.0
2630262956.0
2638593791.0
2648273047.0
2657595202.0
2667287907.0
2678157030.0
2687347174.0
2695602625.0
2705430880.0
2714262507.0
2722598651.0
2732324978.0
2741401869.0
2749599632.0
2761612612.0
2771575709.0
2781290003.0
2789593941.0
2799203476.0
2807594477.0
2817543417.0
2826603674.0
2836046868.0
2845091906.0
2854271787.0
2862603684.0
2871610853.0
2881321254.0
2890271089.0
2899265871.0
2909435301.0
2918555724.0
2927599700.0
2936604392.0
2946358325.0
2954601389.0
2964283123.0
2972601925.0
2981616526.0
2991430271.0
2999602552.0
3009309413.0
3018222795.0
3027604054.0
3037327196.0
3046314899.0
3054605388.0
3063609726.0
3073339239.0
3082051242.0
3090606814.0
3100357561.0
3109063548.0
3118529392.0
3127608407.0
3136610975.0
3146344027.0
3155329253.0
3163610186.0
3173462508.0
3182065151.0
3191336341.0
3200377487.0
3209408014.0
3222023006.0
3231419483.0
3239612645.0
3248614152.0
3258296947.0
3266615042.0
3278615989.0
3288334176.0
3297325773.0
3306017603.0
3316075549.0
3325364436.0
3333996100.0
3343465838.0
3352063172.0
3361372232.0
3370266148.0
3380347453.0
3389458320.0
3398496280.0
3408300823.0
3417310823.0
3426138911.0
3435315606.0
3444346842.0
3453143785.0
3462280487.0
3471280578.0
3481181386.0
3490255092.0
3501177302.0
3509900984.0
3518191119.0
3527407099.0
3542444294.0
3553241926.0
3562283071.0
3571312537.0
3580181679.0
3590147961.0
3599405349.0
3608546653.0
3618131768.0
3627335006.0
3638200236.0
3647400290.0
3656188739.0
3665432678.0
3674156714.0
3683351813.0
3692186979.0
3701431272.0
3713353296.0
3722324720.0
3731182183.0
3740169179.0
3749430814.0
3758226695.0
3767341101.0
3776207058.0
3785436132.0
3796257830.0
3806342321.0
3816193580.0
3825374169.0
3834282241.0
3843195977.0
3852339758.0
3861317552.0
3870131837.0
3879333660.0
3890202429.0
3899169960.0
3908389125.0
3917438056.0
3926187221.0
3938309561.0
3947321331.0
3956190827.0
3965435120.0
3976267082.0
3986332461.0
3995169042.0
4004180459.0
4013303005.0
4022327870.0
4031230634.0
4040324159.0
4049313986.0
4058311953.0
4069211159.0
4078286280.0
4087322471.0
4096231605.0
4106186208.0
4115175328.0
4124342467.0
4133300088.0
4142330262.0
4153262736.0
4162300696.0
4171324499.0
4180189040.0
4189324681.0
4198135073.0
4207563049.0
4217323706.0
4228244501.0
4238313773.0
4247182561.0
4256364918.0
4265299181.0
4274192035.0
4283328384.0
4292341570.0
4301289281.0
4310551624.0
4325387794.0
4335306652.0
4345361060.0
4354138537.0
4363335052.0
4373394060.0
4384247257.0
4394314405.0
4403180362.0
4412260792.0
4421294505.0
4442318901.0
4453294907.0
4462290397.0
4471325172.0
4480513192.0
4491343384.0
4500172534.0
4509307821.0
4518139801.0
4527440013.0
4538529626.0
4548378762.0
4565461947.0
4575432476.0
4584188365.0
4593331792.0
4602156695.0
4612317985.0
4621188896.0
4637587961.0
4647358528.0
4656249966.0
4666288448.0
4675204307.0
4684348795.0
4693197056.0
4702290935.0
4712455764.0
4721354635.0
4730321812.0
4739188477.0
4748180427.0
4757440293.0
4766177424.0
4779579172.0
4789383715.0
4798141019.0
4807384604.0
4816354966.0
4825223400.0
4834137844.0
4843353823.0
4852215887.0
4862538563.0
4872330365.0
4881161992.0
4890205968.0
4899200397.0
4908329667.0
4917314186.0
4926139088.0
4935372764.0
4946225252.0
4955354877.0
4964179779.0
4973459464.0
4982207567.0
4991389217.0
5000173419.0
5009442840.0
5021346460.0
5030318945.0
5039277982.0
5048183577.0
5057446982.0
5066167125.0
5075347713.0
5084183941.0
5093511405.0
5104288155.0
5114176930.0
5123345839.0
5132219228.0
5141447595.0
5150167384.0
5159331338.0
5170201169.0
5179337518.0
5188205244.0
5198167987.0
5207329818.0
5216334156.0
5225317259.0
5236256103.0
5246320067.0
5255479774.0
5265337758.0
5274154874.0
5283362360.0
5292174875.0
5301315471.0
5310144620.0
5322363226.0
5332529117.0
5342320919.0
5351184044.0
5360337381.0
5369322607.0
5378318097.0
5389232168.0
5398294194.0
5407396567.0
5419406362.0
5429312478.0
5438339467.0
5447338142.0
5456207284.0
5465496525.0
5476286370.0
5486326621.0
5495349009.0
5504416698.0
5514300518.0
5523368207.0
5533369527.0
5542161869.0
5551320160.0
5562322710.0
5582559996.0
5595370350.0
5604212948.0
5613192158.0
5622295239.0
5631302408.0
5642540312.0
5652491376.0
5661175065.0
5670297611.0
5679309381.0
5689220099.0
5698293097.0
5707191260.0
5716223911.0
5725194273.0
5734294522.0
5743315848.0
5752395570.0
5761204900.0
5770318952.0
5781219928.0
5789967676.0
5798538821.0
5808355043.0
5817340269.0
5826166233.0
5835347883.0
5844182341.0
5853332139.0
5862148901.0
5871463270.0
5882579780.0
5892331943.0
5901315754.0
5910173571.0
5924319604.0
5933474003.0
5942182113.0
5951395615.0
5960186542.0
5969452424.0
5978174691.0
5987367312.0
5998169545.0
6007487452.0
6016380307.0
6026343050.0
6035335001.0
6044188570.0
6053472856.0
6062176719.0
6071339258.0
6084579973.0
6094319749.0
6103339306.0
6112365587.0
6121198983.0
6130296755.0
6139196687.0
6148359934.0
6157201824.0
6166167939.0
6175400199.0
6186216589.0
6195385851.0
6204197659.0
6213177577.0
6222296937.0
6231209611.0
6240342067.0
6249168739.0
6258303672.0
6269371696.0
6279212692.0
6288343378.0
6297348777.0
6306177927.0
6315222965.0
6325358773.0
6336255856.0
6345336639.0
6354150924.0
6363355933.0
6372186144.0
6381321785.0
6390142794.0
6399423895.0
6410332656.0
6420236649.0
6429326989.0
6446327357.0
6455191190.0
6464359746.0
6473325861.0
6482369837.0
6492341074.0
6501176240.0
6510298786.0
6524337583.0
6535207060.0
6544387294.0
6553223522.0
6562301475.0
6571198222.0
6582400380.0
6601320744.0
6610303847.0
6620347991.0
6629316230.0
6638328000.0
6647152195.0
6656251736.0
6667494594.0
6678197730.0
6689619317.0
6699362632.0
6708188596.0
6718304585.0
6727209118.0
6736363163.0
6745264157.0
6754346357.0
6763362374.0
6772225853.0
6783291400.0
6793199640.0
6802304490.0
6812124959.0
6821457377.0
6830182121.0
6839340059.0
6848193629.0
6857458095.0
6866520121.0
6877225735.0
6886307580.0
6895289268.0
6906474084.0
6915363753.0
6924228648.0
6933337037.0
6942164417.0
6951360578.0
6962250581.0
6971342691.0
6980194137.0
6989462496.0
6998179454.0
7007386940.0
7016342792.0
7025346068.0
7034362085.0
7045269785.0
7054347737.0
7063351721.0
7074192531.0
7083217750.0
7092344897.0
7101176170.0
7110300485.0
7122213661.0
7131363105.0
7140198271.0
7149328603.0
7158156336.0
7167410893.0
7176201820.0
7185327905.0
7196250823.0
7205463971.0
7214372398.0
7223199070.0
7234192064.0
7243371944.0
7252241440.0
7262602693.0
7272369720.0
7281180820.0
7290303012.0
7299364331.0
7309206034.0
7319347859.0
7330175928.0
7339360409.0
7348225658.0
7357348912.0
7366312195.0
7375334937.0
7385349352.0
7398220225.0
7407380994.0
7416348525.0
7425209527.0
7434309068.0
7443364370.0
7452203783.0
7461330222.0
7470163619.0
7479365442.0
7488194237.0
7498351634.0
7507402335.0
7516365619.0
7526086284.0
7536091851.0
7545114238.0
7554051332.0
7565549010.0
7574383822.0
7583123431.0
7592396745.0
7601518937.0
7610070263.0
7620404618.0
7629364716.0
7640412567.0
7649543961.0
7658067326.0
7667086529.0
7676401605.0
7685265792.0
7695194914.0
7704400276.0
7713643154.0
7723094842.0
7734106239.0
7743479358.0
7752084478.0
7761422559.0
7770073688.0
7779437959.0
7788415400.0
7799092346.0
7808098099.0
7817446444.0
7826069968.0
7835118192.0
7844083245.0
7853200482.0
7862107847.0
7871116786.0
7880089625.0
7889202969.0
7898075651.0
7907334808.0
7916333484.0
7925230231.0
7934069998.0
7943087785.0
7952089291.0
7961244398.0
7970393841.0
7979087087.0
7988458790.0
7997196983.0
8006070725.0
8016088326.0
8025468523.0
8034044976.0
8043126822.0
8052394119.0
8061541439.0
8071356954.0
8082216167.0
8091386845.0
8100202900.0
8109336417.0
8121248177.0
8129945316.0
8138560700.0
8148375860.0
8157186606.0
8166311275.0
8175321276.0
8185267031.0
8194311716.0
8205271441.0
8214312586.0
8223473709.0
8232236676.0
8243374775.0
8252219851.0
8261467329.0
8272329020.0
8282430144.0
8291205499.0
8300215145.0
8309476780.0
8318347692.0
8327205508.0
8336358491.0
8345353273.0
8354338854.0
8365295748.0
8374316366.0
8383380162.0
8393472792.0
8402201430.0
8412273887.0
8421187268.0
8430164355.0
8448559861.0
8458312732.0
8467363787.0
8476226912.0
8486227878.0
8495411298.0
8504203994.0
8513505268.0
8524345369.0
8534349875.0
8543401638.0
8552216984.0
8561178852.0
8570347053.0
8579205224.0
8588207084.0
8597493848.0
8606200896.0
8615209481.0
8624438910.0
8638321983.0
8648355864.0
8657336135.0
8666340119.0
8675446385.0
8684218200.0
8693540709.0
8704294101.0
8714198094.0
8723341167.0
8732146958.0
8741472298.0
8751152262.0
8760091480.0
8769089093.0
8778085999.0
8787109802.0
8796101045.0
8805321980.0
8814316409.0
8823146620.0
8832127245.0
8841073541.0
8850060183.0
8859104867.0
8868091510.0
8877085584.0
8886088860.0
8895137084.0
8904351648.0
8913361295.0
8922084977.0
8931105241.0
8940093299.0
8949080295.0
8958054196.0
8967176742.0
8976124100.0
8985096231.0
8994058099.0
9003139237.0
9012258598.0
9021077130.0
9030049615.0
9039146679.0
9048090497.0
9057075370.0
9068409185.0
9077547303.0
9086077393.0
9095092703.0
9104412380.0
9113520769.0
9123137736.0
9132605351.0
9142373440.0
9151108094.0
9160421401.0
9169410166.0
9178058818.0
9187124030.0
9196420349.0
9205096252.0
9214604567.0
9224131286.0
9235168165.0
9244430861.0
9253126584.0
9262060493.0
9271424056.0
9280429810.0
9289097219.0
9298369472.0
9307106957.0
9317206666.0
9326338768.0
9335235515.0
9344097932.0
9353245960.0
9362080772.0
9371091127.0
9380092634.0
9389208809.0
9398079721.0
9407105647.0
9416353480.0
9425210235.0
9434083978.0
9443124769.0
9452100086.0
9461213430.0
9470125396.0
9479094342.0
9488095849.0
9497239630.0
9506080458.0
9515097183.0
9524106476.0
9533246718.0
9542087546.0
9551133646.0
9560096222.0
9569466156.0
9578086848.0
9587100388.0
9596107204.0
9605212054.0
9614362559.0
9623107830.0
9632139420.0
9641225159.0
9650106688.0
9659097577.0
9668102269.0
9677215967.0
9686082631.0
9695113513.0
9704125637.0
9713473982.0
9722361881.0
9731101844.0
9740179796.0
9749221295.0
9758087252.0
9767109286.0
9776124241.0
9785239001.0
9794135041.0
9803126638.0
9812312181.0
9821209636.0
9830085148.0
9839466407.0
9849144602.0
9858059753.0
9867113639.0
9876095326.0
9885081968.0
9894142579.0
9903153287.0
9912008273.0
9921085517.0
9930061896.0
9939114367.0
9948101009.0
9957086589.0
9966131981.0
9975118270.0
9984132871.0
9993096155.0
10002313904.0
10012074561.0
10021106859.0
10030068727.0
10039124382.0
10048130136.0
10057119256.0
10066068383.0
10075175002.0
10084138994.0
10095209849.0
10104108366.0
10113333548.0
10122063954.0
10131117487.0
10140098466.0
10149084047.0
10158061487.0
10167122097.0
10176111571.0
10185110246.0
10194063266.0
10203117506.0
10212265534.0
10221086190.0
10230122734.0
10239128488.0
10248103097.0
10257088323.0
10268110338.0
10277405949.0
10286089639.0
10295129368.0
10304101854.0
10314071321.0
10323120253.0
10332145826.0
10341230503.0
10350061068.0
10359115662.0
10368101596.0
10377085407.0
10386090807.0
10395118503.0
10404099129.0
10413336344.0
10422324401.0
10431194251.0
10440105155.0
10457222316.0
10466087919.0
10475105706.0
10484135879.0
10493219495.0
10502091468.0
10511574654.0
10521369287.0
10530064657.0
10539117127.0
10548438574.0
10557091473.0
10566376467.0
10575140495.0
10584196859.0
10593421687.0
10602380370.0
10614093583.0
10623449006.0
10632457945.0
10641092086.0
10650065987.0
10660135613.0
10669109514.0
10678076337.0
10687442378.0
10696138101.0
10705459547.0
10714641197.0
10724425567.0
10733233835.0
10742106516.0
10751422301.0
10760104221.0
10769560864.0
10778102633.0
10787113696.0
10796451423.0
10805542116.0
10814356047.0
10824422134.0
10833412669.0
10842068753.0
10851221736.0
10860644757.0
10870068132.0
10879425324.0
10888131311.0
10897110875.0
10906152728.0
10915118489.0
10924434981.0
10933151939.0
10942068860.0
10951673440.0
10962177321.0
10971438956.0
10980593000.0
10990362505.0
10999229170.0
11008531151.0
11020390532.0
11029272415.0
11038388944.0
11049257359.0
11057980688.0
11066632171.0
11076402384.0
11085217377.0
11094375668.0
11103496799.0
11113396545.0
11122372923.0
11131282766.0
11140396464.0
11151385918.0
11161248857.0
11170370695.0
11179392375.0
11188255146.0
11198215412.0
11207373704.0
11217568262.0
11227380591.0
11236268490.0
11246236188.0
11255233094.0
11264410851.0
11273349007.0
11282448902.0
11293305638.0
11302377220.0
11312158050.0
11321503563.0
11330212027.0
11339384829.0
11348245477.0
11357489063.0
11368290587.0
11378391358.0
11387302616.0
11396444981.0
11405346330.0
11415393305.0
11424399766.0
11435306758.0
11444391081.0
11454144660.0
11463402756.0
11472253848.0
11481391259.0
11490187494.0
11499391087.0
11508224837.0
11517390207.0
11529131733.0
11538403632.0
11547268527.0
11556418678.0
11565230840.0
11574393024.0
11583267121.0
11592407363.0
11603279671.0
11614437943.0
11624392547.0
11633386975.0
11642399099.0
11651230018.0
11660395742.0
11669351239.0
11691369433.0
11701230602.0
11710392786.0
11722242611.0
11731399841.0
11740247040.0
11750224648.0
11759237126.0
11768421253.0
11777380644.0
11786148566.0
11795121405.0
11804122912.0
11813499216.0
11822098674.0
11831112921.0
11840118675.0
11849224941.0
11858095498.0
11867110808.0
11876140274.0
11885226012.0
11894097278.0
11903120019.0
11912038710.0
11921230269.0
11930099765.0
11939134894.0
11948212138.0
11957232756.0
11966125965.0
11975118270.0
11984123669.0
11993232059.0
12002099785.0
12012020412.0
12021105089.0
12030389729.0
12039132169.0
12048397697.0
12058394770.0
12067394861.0
12076433529.0
12086458207.0
12095123847.0
12104464052.0
12114114641.0
12123150831.0
12132154461.0
12141413973.0
12150076428.0
12159138100.0
12169448035.0
12178436801.0
12187140310.0
12196158097.0
12205453000.0
12215125178.0
12224118898.0
12233569171.0
12242425218.0
12251115632.0
12260430709.0
12269552901.0
12278136078.0
12288119703.0
12297428408.0
12306112452.0
12315408417.0
12325434158.0
12334398149.0
12343130679.0
12352450003.0
12361126614.0
12370387188.0
12379437535.0
12388318710.0
12398103787.0
12407449654.0
12416439481.0
12426102458.0
12435452218.0
12444116442.0
12453534154.0
12470421624.0
12480126008.0
12489417372.0
12498392689.0
12507130882.0
12516142652.0
12525408888.0
12534093286.0
12543456141.0
12553443304.0
12562087709.0
12571436762.0
12580136024.0
12589125497.0
12598394918.0
12607458007.0
12616456682.0
12626448092.0
12635443936.0
12644127980.0
12655452947.0
12664198572.0
12673474364.0
12682426322.0
12691136910.0
12700144787.0
12709440044.0
12718428809.0
12728122576.0
12737581343.0
12746413677.0
12755132759.0
12764433679.0
12773255042.0
12782464651.0
12791462619.0
12800132860.0
12809242311.0
12819136040.0
12830108507.0
12839123462.0
12848478177.0
12857580196.0
12866588427.0
12876448535.0
12885224951.0
12894456857.0
12903277158.0
12912213544.0
12921448282.0
12930199215.0
12939456250.0
12950262021.0
12959451812.0
12968241676.0
12977539411.0
12988271568.0
12998591413.0
13008458953.0
13017508238.0
13026204315.0
13035458518.0
13044235995.0
13053462239.0
13062343768.0
13072648748.0
13082463554.0
13091242801.0
13100461259.0
13109356590.0
13118289083.0
13127613716.0
13137490103.0
13150087753.0
13160137206.0
13170077298.0
13179445816.0
13188130568.0
13197135614.0
13206083325.0
13215474847.0
13224132701.0
13233116158.0
13242107401.0
13251140406.0
13260120678.0
13269122185.0
13278105288.0
13287215093.0
13296128120.0
13305104145.0
13315410541.0
13326452375.0
13335142789.0
13344139341.0
13353115719.0
13362088205.0
13371164034.0
13380186068.0
13389112544.0
13398084322.0
13407181032.0
13416453992.0
13425124233.0
13434085039.0
13443145650.0
13452124506.0
13461223339.0
13470081510.0
13479144244.0
13488139026.0
13497141595.0
13506085059.0
13515138945.0
13524124526.0
13532458546.0
13541279556.0
13550113306.0
13560144709.0
13569111178.0
13578086848.0
13587164093.0
13596123838.0
13605106941.0
13614073410.0
13623465640.0
13632161009.0
13641200031.0
13650092177.0
13661250096.0
13670110744.0
13679132423.0
13688157642.0
13697269217.0
13706113585.0
13715467238.0
13724079083.0
13732194029.0
13741135016.0
13750094053.0
13759143692.0
13768161833.0
13777165109.0
13786113174.0
13795467535.0
13804149102.0
13813475857.0
13822094073.0
13831139465.0
13840199014.0
13849134692.0
13858089836.0
13867158232.0
13876141689.0
13885133994.0
13894094092.0
13903142316.0
13912366790.0
13922112936.0
13931125768.0
13940129752.0
13949240265.0
13958111531.0
13967155861.0
13976147812.0
13985248061.0
13994119681.0
14003142422.0
14012303545.0
14021246655.0
14030115090.0
14039156235.0
14048132259.0
14057248081.0
14066114038.0
14075128639.0
14084132269.0
14093252692.0
14102139884.0
14112036444.0
14120139712.0
14129276768.0
14138116535.0
14147130783.0
14156174405.0
14165262975.0
14174119376.0
14183171847.0
14192158489.0
14201247413.0
14210115139.0
14219517633.0
14228132309.0
14237248485.0
14246116211.0
14255202657.0
14265497020.0
14274132931.0
14283153195.0
14292147270.0
14301116570.0
14309277525.0
14318243287.0
14328519954.0
14337157634.0
14348138241.0
14357244507.0
14366117188.0
14375133559.0
14384141790.0
14393255134.0
14402117905.0
14412037825.0
14421127456.0
14430190545.0
14439533580.0
14448499341.0
14457116849.0
14473141824.0
14482132359.0
14491140944.0
14500168641.0
14509132986.0
14518134493.0
14529120408.0
14538196591.0
14547533256.0
14556130237.0
14565120064.0
14573251290.0
14582158301.0
14591139635.0
14600131586.0
14609254486.0
14618517536.0
14627363320.0
14636136196.0
14645318908.0
14654121514.0
14663510913.0
14672157795.0
14681253798.0
14690136742.0
14699140726.0
14708165237.0
14717514290.0
14726151971.0
14735146399.0
14744120300.0
14752518025.0
14761142965.0
14770158274.0
14779155180.0
14788188539.0
14797144037.0
14806207833.0
14815156606.0
14824168730.0
14833141215.0
14842198287.0
14851517256.0
14862629520.0
14872189152.0
14881141111.0
14890197828.0
14899524938.0
14908193409.0
14917138997.0
14926197838.0
14935519285.0
14944167937.0
14953169798.0
14962200679.0
14971524604.0
14980165823.0
14989153881.0
14998272534.0
15008483019.0
15017528057.0
15027467442.0
15038259765.0
15047140586.0
15056453185.0
15065567237.0
15074221552.0
15083452750.0
15092477969.0
15101265710.0
15110231471.0
15120478056.0
15129529818.0
15139146785.0
15148511410.0
15157483542.0
15166210055.0
15175172985.0
15184484522.0
15193152286.0
15202230238.0
15212392590.0
15221571763.0
15230296861.0
15239484174.0
15248512224.0
15257255372.0
15266283422.0
15275479937.0
15284488522.0
15293258567.0
15302548869.0
15313157156.0
15322213519.0
15331172202.0
15340178664.0
15349238566.0
15358250337.0
15368575844.0
15377552223.0
15386235205.0
15395540371.0
15404240341.0
15413261313.0
15422245478.0
15431541443.0
15440238936.0
15449554720.0
15458583478.0
15467235315.0
15476556762.0
15485548005.0
15494231695.0
15503547833.0
15512260544.0
15521557571.0
15531165690.0
15540239750.0
15549239487.0
15557265954.0
15566228884.0
15575546791.0
15584243222.0
15593556529.0
15602578563.0
15612053963.0
15620241462.0
15629552646.0
15640687914.0
15650578812.0
15659291523.0
15668300108.0
15677577669.0
15686254988.0
15695574312.0
15708689034.0
15718295737.0
15727589225.0
15736305475.0
15746255123.0
15764685313.0
15774649472.0
15783298124.0
15792587719.0
15801265392.0
15809399096.0
15818284872.0
15827573404.0
15836268773.0
15845589159.0
15856428553.0
15868330049.0
15878618395.0
15887272356.0
15896610791.0
15907660765.0
15917982379.0
15927586959.0
15936264987.0
15945583956.0
15954236147.0
15963600418.0
15975385830.0
15985285222.0
15994593928.0
16003286112.0
16012217189.0
16022288939.0
16031595521.0
16042330156.0
16051593561.0
16060342017.0
16069288667.0
16079282555.0
16088648949.0
16097437752.0
16108422605.0
16118635567.0
16127297668.0
16136599650.0
16145396239.0
16154608326.0
16163295909.0
16172573824.0
16182577267.0
16191273698.0
16200284053.0
16209547457.0
16219228837.0
16228290156.0
16237653011.0
16247607260.0
16256605581.0
16265397570.0
16274615319.0
16283278836.0
16292604884.0
16301398287.0
16313451968.0
16323297211.0
16332600962.0
16341645647.0
16350228116.0
16359635565.0
16370680938.0
16380616430.0
16389260127.0
16397382859.0
16407294639.0
16416270663.0
16425634226.0
16434241824.0
16442260859.0
16451687419.0
16465060146.0
16483339568.0
16492622792.0
16501285954.0
16510624743.0
16520600227.0
16530703121.0
16541483411.0
16550273276.0
16560327684.0
16569610908.0
16578230892.0
16586371321.0
16595619507.0
16607600281.0
16617258302.0
16625399792.0
16636385707.0
16646652465.0
16657708101.0
16667624128.0
16677413452.0
16687314968.0
16696693041.0
16706672419.0
16715656229.0
16724282939.0
16732347983.0
16741279060.0
16749292079.0
16757394638.0
16767678737.0
16786303935.0
16795631753.0
16804300224.0
16815339580.0
16826415390.0
16838348739.0
16849134692.0
16861361438.0
16871272863.0
16879646168.0
16888314640.0
16898640855.0
16907310034.0
16916635728.0
16927691011.0
16937426186.0
16946635441.0
16955277015.0
16963315516.0
16972622806.0
16981288446.0
16990699788.0
17002603762.0
17013183027.0
17021581106.0
17030615881.0
17041246464.0
17051133116.0
17060609578.0
17069273802.0
17078622147.0
17087279647.0
17095253027.0
17103290111.0
17112625361.0
17121234021.0
17129271105.0
17138622635.0
17147307033.0
17159202513.0
17169144021.0
17178230468.0
17188593490.0
17197280365.0
17206635080.0
17217264248.0
17227254597.0
17236627715.0
17247461800.0
17257276607.0
17266618227.0
17277272169.0
17287278090.0
17296633866.0
17307429375.0
17316564662.0
17325240565.0
17335256750.0
17345486700.0
17354244004.0
17364625784.0
17375416338.0
17384260352.0
17393641257.0
17403585950.0
17413257774.0
17422687166.0
17433252628.0
17443236606.0
17451272275.0
17460629468.0
17471487973.0
17481129361.0
17490625288.0
17501507152.0
17510640316.0
17520633496.0
17531367776.0
17540636490.0
17551152758.0
17561600367.0
17571021264.0
17581386410.0
17591255011.0
17600635208.0
17612699861.0
17621276314.0
17631166858.0
17641380174.0
17650249670.0
17659463172.0
17669298152.0
17677574484.0
17686257112.0
17695265697.0
17705559352.0
17714652523.0
17725381141.0
17734651624.0
17745635416.0
17755323520.0
17764594357.0
17773275215.0
17782581444.0
17791270442.0
17800676121.0
17810606658.0
17822724398.0
17832642193.0
17843274900.0
17852650142.0
17862679422.0
17873521293.0
17882653041.0
17892648698.0
17903483491.0
17912667619.0
17923424904.0
17932655748.0
17942657776.0
17953383563.0
17962640951.0
17972652181.0
17983515287.0
17992665085.0
18002658619.0
18013382990.0
18022643209.0
18032647714.0
18043405354.0
18052661680.0
18063512399.0
18072295186.0
18081652732.0
18091588224.0
18101275620.0
18110713859.0
18121602801.0
18131374430.0
18140659070.0
18151394058.0
18161528097.0
18170653474.0
18181394833.0
18191500205.0
18200675484.0
18212328885.0
18221591936.0
18230657502.0
18241389305.0
18250657664.0
18260600234.0
18271493778.0
18280675428.0
18291401922.0
18301389439.0
18310715133.0
18322349069.0
18332428251.0
18341309426.0
18351543623.0
18361478053.0
18370656518.0
18381370625.0
18390669422.0
18400636766.0
18410405563.0
18420696386.0
18431539319.0
18441370052.0
18450667786.0
18461513905.0
18471403741.0
18488681934.0
18498285098.0
18508427985.0
18517337827.0
18527664042.0
18538340635.0
18551401915.0
18560678061.0
18571398539.0
18580427651.0
18591612821.0
18600669184.0
18612482910.0
18621615719.0
18630673145.0
18641568103.0
18652433333.0
18661675503.0
18671600731.0
18680663465.0
18692557883.0
18702204226.0
18712154936.0
18722399396.0
18731678727.0
18742463618.0
18751676059.0
18762119774.0
18772447051.0
18781677541.0
18791677092.0
18802378459.0
18812127436.0
18821316165.0
18831532666.0
18840717147.0
18852403109.0
18861318260.0
18870696687.0
18881535019.0
18890683755.0
18900679413.0
18912422709.0
18921642228.0
18930719472.0
18941533030.0
18950329266.0
18959612136.0
18969136731.0
18978724676.0
18989572564.0
18999468771.0
19009447087.0
19018357283.0
19027689701.0
19038410533.0
19047695527.0
19057717728.0
19068435021.0
19077686746.0
19087320701.0
19097569055.0
19106614093.0
19115689922.0
19126384210.0
19136418445.0
19145706623.0
19156449398.0
19166412141.0
19175695365.0
19186391423.0
19196433798.0
19205386464.0
19215251526.0
19226696117.0
19237425443.0
19247163449.0
19257175387.0
19266693611.0
19275716707.0
19284708304.0
19293709456.0
19303191935.0
19312469142.0
19321320235.0
19329696725.0
19338732916.0
19347705755.0
19357702120.0
19366700442.0
19375316887.0
19385296265.0
19394703359.0
19403703804.0
19412706373.0
19421436071.0
19430350515.0
19439238768.0
19449147362.0
19457389364.0
19465713121.0
19474709319.0
19483716842.0
19492730382.0
19501707823.0
19510708975.0
19519718976.0
19529274361.0
19540187016.0
19550425460.0
19559706207.0
19569708235.0
19580466935.0
19589708397.0
19598373683.0
19609498334.0
19619488683.0
19629142457.0
19639498755.0
19649612974.0
19659181101.0
19669162248.0
19680242659.0
19689374053.0
19699297157.0
19709420225.0
19718243711.0
19732736937.0
19743449983.0
19752739931.0
19763260800.0
19773269906.0
19783294585.0
19795719524.0
19806267291.0
19816248084.0
19838533130.0
19849675476.0
19858634513.0
19868196977.0
19878243952.0
19887531069.0
19897301636.0
19907274642.0
19917257559.0
19927283653.0
19937523159.0
19947345044.0
19957278766.0
19967237970.0
19977255924.0
19987294405.0
19997410394.0
