5351214.0
14472344.0
22524293.0
31197719.0
40202765.0
49135612.0
75232691.0
93401337.0
106476420.0
116560910.0
126160889.0
134478276.0
231134581.0
246163990.0
254483146.0
264192131.0
272497130.0
283484461.0
293437295.0
301489952.0
312100716.0
320485346.0
329492869.0
339214950.0
348305643.0
356487480.0
366028355.0
375511541.0
385196106.0
395489407.0
405181405.0
423496926.0
432490646.0
442161763.0
450505339.0
460350936.0
468501628.0
477493225.0
487324311.0
496372889.0
504514379.0
514175939.0
522494387.0
532379269.0
541437756.0
549498199.0
559253902.0
569497654.0
579327679.0
588324585.0
597015353.0
606295038.0
615177274.0
625326885.0
634282383.0
642499965.0
651501472.0
661327603.0
669501300.0
679318583.0
687517762.0
696522808.0
706296559.0
715170656.0
725441661.0
734155433.0
744170556.0
753149058.0
762128976.0
771208344.0
781330350.0
790287617.0
798514047.0
807509537.0
815548037.0
823507614.0
832235898.0
841216877.0
850133444.0
857509767.0
866200181.0
875168066.0
884199655.0
893010401.0
901007493.0
909511747.0
920341585.0
929456345.0
937525636.0
946512986.0
956347612.0
964514230.0
974314880.0
982514766.0
991529721.0
1001348421.0
1013300173.0
1022516861.0
1032372368.0
1041347331.0
1049517488.0
1059408032.0
1070339798.0
1079183812.0
1089318205.0
1097520214.0
1107367935.0
1117086830.0
1125543659.0
1134539503.0
1144365281.0
1153338474.0
1162172578.0
1172344486.0
1181458892.0
1189528183.0
1199485972.0
1207524472.0
1218002163.0
1227349446.0
1235546147.0
1245322731.0
1253527926.0
1262526601.0
1271539787.0
1281320971.0
1290558540.0
1298528734.0
1307531656.0
1317594912.0
1326530590.0
1335550500.0
1345346549.0
1354298507.0
1362530954.0
1372380090.0
1381347975.0
1389532642.0
1398533441.0
1408383639.0
1418005207.0
1428348764.0
1436534494.0
1445555466.0
1455461936.0
1464343819.0
1472544059.0
1482363467.0
1491493799.0
1499552119.0
1508538407.0
1518307912.0
1526539296.0
1536366844.0
1544539478.0
1554175911.0
1563240061.0
1572539919.0
1582365696.0
1590541870.0
1601557514.0
1612356916.0
1620542291.0
1630344003.0
1639037602.0
1647544688.0
1657379313.0
1665566105.0
1675363569.0
1683548945.0
1692566377.0
1702345438.0
1712074597.0
1721585389.0
1730209975.0
1738558506.0
1746547812.0
1754551982.0
1762548721.0
1771056160.0
1780249489.0
1788555904.0
1797199248.0
1805571137.0
1814222975.0
1822551332.0
1831026212.0
1840254933.0
1848572673.0
1856552423.0
1864552701.0
1873553499.0
1881587753.0
1889554054.0
1897940101.0
1906023195.0
1914595755.0
1923243345.0
1931574180.0
1939556054.0
1947562702.0
1956034042.0
1965212153.0
1973558560.0
1981570871.0
1989558054.0
1998008867.0
2005580905.0
2014189211.0
2022560039.0
2031154188.0
2040580748.0
2048560852.0
2056598645.0
2065561928.0
2073561852.0
2081578410.0
2089564884.0
2097611879.0
2106585780.0
2115298137.0
2123563852.0
2131577932.0
2139565114.0
2148240664.0
2156586010.0
2165371628.0
2173567267.0
2182060904.0
2191333864.0
2199568434.0
2207568004.0
2215568635.0
2223569620.0
2232072105.0
2239569467.0
2248062043.0
2259268448.0
2269570950.0
2277582199.0
2285571859.0
2293577799.0
2301597542.0
2309586848.0
2320330331.0
2328594276.0
2337222401.0
2345574471.0
2353574395.0
2361575026.0
2370050967.0
2379276857.0
2387595659.0
2395576117.0
2403580641.0
2412180807.0
2431578250.0
2439578174.0
2447579867.0
2456602609.0
2464603240.0
2473579619.0
2481580604.0
2489594684.0
2497581159.0
2506205037.0
2516167426.0
2525402163.0
2533582230.0
2541582508.0
2549583139.0
2557583063.0
2565587233.0
2574059635.0
2583274907.0
2592526987.0
2600600171.0
2608602926.0
2618393312.0
2626585412.0
2634610463.0
2642587028.0
2651270718.0
2659587751.0
2668066523.0
2677254190.0
2685588210.0
2693589195.0
2701598675.0
2709601430.0
2718215044.0
2726253191.0
2734609508.0
2743275148.0
2752222859.0
2762296732.0
2771273465.0
2780593142.0
2790375742.0
2798594032.0
2808421579.0
2817240465.0
2826216843.0
2835298335.0
2845508466.0
2853596514.0
2863483874.0
2872450342.0
2880600327.0
2889597586.0
2900068199.0
2908600413.0
2918251356.0
2928449807.0
2937408844.0
2946039446.0
2955433800.0
2963600772.0
2973407792.0
2982438674.0
2990602107.0
3000413728.0
3008603350.0
3019049543.0
3028443189.0
3036603791.0
3046004515.0
3055520616.0
3064462310.0
3072605570.0
3082460723.0
3091432500.0
3099607967.0
3109476922.0
3118226440.0
3128428077.0
3137553454.0
3146031519.0
3154609034.0
3164434811.0
3172612047.0
3182479587.0
3190615060.0
3200060732.0
3210083995.0
3221404007.0
3230612908.0
3240427714.0
3249417896.0
3257613889.0
3267455239.0
3279570855.0
3287615018.0
3296615463.0
3306492912.0
3315302596.0
3324616611.0
3334404519.0
3343149437.0
3352479378.0
3360618390.0
3371074847.0
3379619448.0
3388620954.0
3397619983.0
3406260849.0
3415396490.0
3423620797.0
3432082227.0
3440043574.0
3451075498.0
3459053833.0
3467046678.0
3475045894.0
3483096073.0
3491053527.0
3500276939.0
3509157760.0
3517289341.0
3526023994.0
3534256441.0
3543185395.0
3552319620.0
3561023837.0
3569167097.0
3578030576.0
3586024837.0
3594031839.0
3602051228.0
3611996275.0
3620054595.0
3628087079.0
3637300935.0
3646034527.0
3654010384.0
3662050654.0
3670012709.0
3678011924.0
3686061396.0
3694017788.0
3702116454.0
3712345343.0
3721055930.0
3729037450.0
3737169738.0
3746061885.0
3754030664.0
3762034480.0
3770069441.0
3778030434.0
3786120253.0
3795315351.0
3804311549.0
3813311640.0
3822032491.0
3830187430.0
3839120277.0
3847061450.0
3855165425.0
3864063234.0
3872073776.0
3880079716.0
3889303482.0
3898267119.0
3906280138.0
3915316682.0
3924052044.0
3932369430.0
3941180884.0
3950041532.0
3958028006.0
3966119594.0
3975320356.0
3984318677.0
3993065364.0
4001170755.0
4010045205.0
4018264911.0
4026284300.0
4035072749.0
4043068779.0
4051080736.0
4059065795.0
4068302656.0
4077046512.0
4085184109.0
4094050773.0
4102036186.0
4110032570.0
4118299347.0
4127120710.0
4135092674.0
4143169752.0
4152316718.0
4161040046.0
4169177997.0
4178041123.0
4186036091.0
4194021858.0
4202058589.0
4210068068.0
4218064099.0
4227321487.0
4236321578.0
4245042429.0
4254382633.0
4263084727.0
4271246036.0
4280063506.0
4288175621.0
4297064936.0
4305065922.0
4315084584.0
4324373470.0
4333067070.0
4341289607.0
4350018244.0
4358044357.0
4366027647.0
4374182232.0
4383389010.0
4392306992.0
4401044123.0
4409197293.0
4418297896.0
4435095824.0
4443090439.0
4452490455.0
4461046381.0
4469176900.0
4478228663.0
4487309801.0
4496062858.0
4504082601.0
4512067306.0
4520065460.0
4528169081.0
4538045823.0
4546021326.0
4554291641.0
4563098494.0
4571317492.0
4580073027.0
4588076135.0
4596060133.0
4606028539.0
4614277619.0
4623197371.0
4636319879.0
4645341913.0
4654029142.0
4662317507.0
4671147364.0
4679116497.0
4687129869.0
4695099710.0
4703138565.0
4711975854.0
4720330756.0
4729065055.0
4737046221.0
4745197621.0
4754064640.0
4762043328.0
4769944863.0
4779092537.0
4787308349.0
4796062823.0
4804084335.0
4812336955.0
4821058868.0
4829175937.0
4837312827.0
4846026245.0
4854034663.0
4862054406.0
4870267033.0
4878268018.0
4886050283.0
4894139394.0
4902270620.0
4910329294.0
4920064469.0
4928064393.0
4936102539.0
4945354264.0
4954025567.0
4962035046.0
4970043464.0
4978027107.0
4986023846.0
4994046774.0
5002027232.0
5010110680.0
5020327535.0
5029070683.0
5037046894.0
5045195108.0
5054125832.0
5062035507.0
5070027290.0
5078054465.0
5086029968.0
5094185261.0
5103443003.0
5112041753.0
5120066451.0
5128137866.0
5136069483.0
5144068699.0
5152084903.0
5160103938.0
5169301514.0
5178024488.0
5186050602.0
5194026813.0
5202045140.0
5210050019.0
5218276095.0
5226063668.0
5235353617.0
5244311946.0
5253067834.0
5263451030.0
5272095081.0
5280074478.0
5288064138.0
5296089189.0
5304078495.0
5312142832.0
5321519136.0
5330299445.0
5339064535.0
5347071891.0
5355103667.0
5363084125.0
5371084403.0
5379096005.0
5388332512.0
5397049116.0
5405208302.0
5414306428.0
5423488432.0
5433094782.0
5441190262.0
5450056219.0
5458030307.0
5466158702.0
5475427415.0
5484320624.0
5493077574.0
5502028117.0
5510302325.0
5519297816.0
5528188192.0
5536219968.0
5544209275.0
5553233432.0
5561303431.0
5580613457.0
5590156809.0
5598150008.0
5606204081.0
5614540579.0
5623452545.0
5633353353.0
5644471987.0
5653565511.0
5662501190.0
5671398999.0
5681344046.0
5690537022.0
5699382451.0
5708527294.0
5717416609.0
5726529953.0
5735393078.0
5745193374.0
5753637817.0
5763113217.0
5771071378.0
5780332660.0
5789239317.0
5798053956.0
5806309053.0
5815331440.0
5824089099.0
5832107780.0
5840076913.0
5848086746.0
5856090916.0
5864091548.0
5872189152.0
5882094561.0
5890273920.0
5897894799.0
5906085484.0
5914074082.0
5923344565.0
5932121689.0
5940068879.0
5948072695.0
5956105533.0
5964075020.0
5972071758.0
5980092209.0
5988093548.0
5997298203.0
6006045951.0
6014313082.0
6023087020.0
6031169052.0
6039334963.0
6048070678.0
6056087236.0
6064092468.0
6072069741.0
6084096170.0
6092321184.0
6101188203.0
6110053452.0
6118282005.0
6126295731.0
6135129128.0
6143136837.0
6151080842.0
6159177739.0
6168074840.0
6176120773.0
6185430187.0
6194066806.0
6202035938.0
6210032323.0
6218306531.0
6227071976.0
6235109415.0
6243112169.0
6251078471.0
6259079102.0
6268343923.0
6277079284.0
6285069298.0
6293195216.0
6302062234.0
6310032429.0
6318014657.0
6326103767.0
6335397255.0
6344069265.0
6352091132.0
6360075483.0
6368113983.0
6376107890.0
6384083394.0
6391947767.0
6400155086.0
6409059265.0
6417313655.0
6426057156.0
6442293420.0
6451079745.0
6459097364.0
6467083485.0
6475083055.0
6483167564.0
6493401408.0
6502469804.0
6516328104.0
6527587596.0
6537184744.0
6545573976.0
6554572297.0
6563415249.0
6574549809.0
6583554501.0
6602638375.0
6612580237.0
6622316828.0
6631349125.0
6640561566.0
6649382929.0
6658169254.0
6669125087.0
6677472556.0
6686497067.0
6696199682.0
6704226149.0
6712327293.0
6721203867.0
6729184679.0
6737542766.0
6746583203.0
6755503663.0
6765372265.0
6774163545.0
6782375464.0
6791190457.0
6799285938.0
6808371677.0
6817342747.0
6826158801.0
6834181375.0
6842186608.0
6850155740.0
6858449768.0
6868172556.0
6876347669.0
6885180357.0
6893319016.0
6902342819.0
6912034816.0
6920077918.0
6928106862.0
6936088736.0
6944117327.0
6952117958.0
6961327214.0
6970036032.0
6978036663.0
6986058883.0
6994065177.0
7002041035.0
7010066440.0
7018291455.0
7027097245.0
7035124775.0
7044348187.0
7053065145.0
7061192124.0
7069338569.0
7078289466.0
7086309916.0
7095095888.0
7103130141.0
7111996452.0
7121447432.0
7130063524.0
7138040797.0
7146040367.0
7154089131.0
7162050831.0
7170043322.0
7178069436.0
7186034676.0
7195357892.0
7204139617.0
7212252793.0
7220334118.0
7229209276.0
7238066031.0
7246042596.0
7254072249.0
7262116412.0
7270345673.0
7279159604.0
7287094053.0
7295119105.0
7303111596.0
7312125136.0
7320139924.0
7329310249.0
7338041363.0
7346066061.0
7354041210.0
7362045027.0
7370317112.0
7379088573.0
7388332512.0
7397456828.0
7406067611.0
7414294395.0
7423130623.0
7431094093.0
7439190282.0
7448206653.0
7456215070.0
7464210039.0
7472203238.0
7480433915.0
7489385520.0
7498041250.0
7507088412.0
7517233776.0
7526502135.0
7535422595.0
7545527613.0
7554462937.0
7565228362.0
7574067775.0
7583533620.0
7592084237.0
7601203952.0
7610483283.0
7620087509.0
7630072195.0
7640094750.0
7649227560.0
7658478931.0
7667495656.0
7676088389.0
7685981411.0
7695614658.0
7704088476.0
7713340555.0
7723505738.0
7733517676.0
7743161187.0
7752492543.0
7761106512.0
7770482462.0
7779126513.0
7788099352.0
7798292141.0
7806059896.0
7814091672.0
7822056558.0
7830314132.0
7839383945.0
7848327763.0
7857315821.0
7866336439.0
7875372275.0
7884334143.0
7893320078.0
7904009411.0
7912306624.0
7921089410.0
7929335660.0
7938292573.0
7946070945.0
7954291712.0
7962124233.0
7970075670.0
7979494798.0
7988145928.0
7997607526.0
8006481268.0
8015422255.0
8025151414.0
8034455519.0
8043537718.0
8052084443.0
8061067899.0
8069448637.0
8078088795.0
8086070669.0
8094047234.0
8102079010.0
8110032570.0
8120332950.0
8129206693.0
8138070880.0
8146297664.0
8155126459.0
8163109041.0
8171087022.0
8179101102.0
8187120845.0
8195115459.0
8204354444.0
8213460710.0
8222073970.0
8230048766.0
8238066739.0
8246079050.0
8254058800.0
8262136585.0
8271427949.0
8280339207.0
8289076692.0
8297204379.0
8306083431.0
8314318001.0
8323099372.0
8331107435.0
8339093202.0
8347098081.0
8355117470.0
8364376627.0
8373075182.0
8381201807.0
8389349314.0
8398051407.0
8406048853.0
8414336511.0
8423237505.0
8432139561.0
8448167368.0
8456334340.0
8465206313.0
8474080056.0
8482089889.0
8490048759.0
8498073456.0
8506052145.0
8514167091.0
8523384841.0
8532375376.0
8541187891.0
8549491475.0
8558085270.0
8569118256.0
8577075002.0
8585206582.0
8594078202.0
8602059722.0
8610049735.0
8618328899.0
8627100006.0
8635231233.0
8644358026.0
8653171603.0
8661077384.0
8669221352.0
8678080584.0
8686058565.0
8694236508.0
8703414619.0
8711997797.0
8720092570.0
8728119037.0
8736067643.0
8745081890.0
8753506160.0
8762332832.0
8771349557.0
8780349648.0
8789507231.0
8798044754.0
8807356645.0
8816347180.0
8825551835.0
8834334621.0
8843392754.0
8852347190.0
8861454164.0
8870328260.0
8879376130.0
8888354986.0
8897510800.0
8907112549.0
8915343226.0
8924359597.0
8933492053.0
8942336420.0
8951347129.0
8960341557.0
8969472243.0
8978333599.0
8987341476.0
8996336258.0
9005455973.0
9014333963.0
9023377231.0
9032376261.0
9041472617.0
9050325833.0
9060023139.0
9068095261.0
9077222054.0
9086490414.0
9095504661.0
9104098810.0
9114184716.0
9123548633.0
9132288242.0
9142059162.0
9151520052.0
9160108539.0
9169099428.0
9178466176.0
9187539174.0
9196107841.0
9205509273.0
9214303738.0
9224548199.0
9235614453.0
9244113399.0
9253538543.0
9262467851.0
9271107301.0
9280115886.0
9289508824.0
9298059087.0
9307517146.0
9316355497.0
9327600125.0
9337394404.0
9346322650.0
9355371582.0
9364377335.0
9373394768.0
9382361591.0
9391404506.0
9400378053.0
9412337592.0
9421216289.0
9429342207.0
9438320001.0
9447385567.0
9456360884.0
9465503249.0
9474337353.0
9483443619.0
9492359832.0
9501342227.0
9510394698.0
9519410361.0
9528366566.0
9537352147.0
9546331710.0
9555380642.0
9565234025.0
9574302422.0
9583270306.0
9591514432.0
9600361631.0
9609341549.0
9618324298.0
9627384555.0
9636463923.0
9652489252.0
9661366180.0
9670322385.0
9679446701.0
9688382379.0
9697371499.0
9706325227.0
9716176840.0
9724416719.0
9733452555.0
9744628524.0
9753379104.0
9762328585.0
9771388841.0
9780376899.0
9789401056.0
9798373896.0
9807435922.0
9816365584.0
9825347625.0
9834359749.0
9844481401.0
9853379918.0
9862324090.0
9871399919.0
9880378421.0
9889368248.0
9898606171.0
9908367182.0
9917391693.0
9926213764.0
9934357024.0
9943371979.0
9952401799.0
9961359774.0
9970369421.0
9979371635.0
9988393315.0
9997389513.0
10007218122.0
10016367212.0
10025516655.0
10034389690.0
10043374563.0
10052366160.0
10061491183.0
10070359264.0
10079369972.0
10088399438.0
10097493317.0
10106354673.0
10115408559.0
10124364056.0
10133488372.0
10142368485.0
10151394058.0
10160368667.0
10169489797.0
10178372388.0
10187382389.0
10196370447.0
10205512812.0
10214358241.0
10223411420.0
10232407264.0
10241485570.0
10250356128.0
10260123155.0
10269138819.0
10278422750.0
10287255085.0
10296157495.0
10305145553.0
10315109358.0
10324200759.0
10333193418.0
10342236687.0
10351200324.0
10360183073.0
10369130077.0
10378077080.0
10387170959.0
10396214228.0
10405125840.0
10414388183.0
10423445962.0
10432373146.0
10441138237.0
10458233809.0
10467150021.0
10476131001.0
10485154096.0
10494062523.0
10503113224.0
10511258607.0
10521034837.0
10530475907.0
10539529086.0
10548126774.0
10557499539.0
10566062897.0
10575555639.0
10584605986.0
10593108825.0
10602067508.0
10614543764.0
10623129773.0
10632144729.0
10641501213.0
10650476176.0
10659369384.0
10669528197.0
10678489711.0
10687124207.0
10696550413.0
10705144208.0
10714338245.0
10724111997.0
10733645440.0
10742522368.0
10751110146.0
10760515472.0
10769245878.0
10778514238.0
10787528839.0
10796135375.0
10805227485.0
10815191290.0
10824112103.0
10833100515.0
10842480004.0
10851636172.0
10860346760.0
10870476905.0
10879112109.0
10888547163.0
10897522126.0
10906133262.0
10916142015.0
10924122473.0
10933564605.0
10942477987.0
10951368718.0
10962625733.0
10971122909.0
10980114860.0
10988352615.0
10997226358.0
11005178856.0
11014353782.0
11023163820.0
11031127644.0
11039182779.0
11048363721.0
11057242772.0
11066140935.0
11074348962.0
11083122900.0
11091124593.0
11099112130.0
11107373597.0
11116158861.0
11125129577.0
11133171971.0
11141254711.0
11150365577.0
11159117219.0
11167116789.0
11175130515.0
11184161751.0
11192135130.0
11200129391.0
11208105249.0
11217093306.0
11225476521.0
11234097214.0
11242077318.0
11250361083.0
11259129005.0
11267109817.0
11275125312.0
11283176200.0
11292382270.0
11301211420.0
11309230101.0
11317364512.0
11326097043.0
11334134127.0
11342099013.0
11350073809.0
11358148763.0
11367371821.0
11376393147.0
11385096656.0
11393230714.0
11401118092.0
11409092533.0
11417122186.0
11425133081.0
11434441433.0
11443122291.0
11453310833.0
11462098574.0
11470087527.0
11478069400.0
11486123827.0
11494070663.0
11502071295.0
11510099531.0
11518070080.0
11527371354.0
11537236770.0
11545117070.0
11553098590.0
11561234063.0
11569118256.0
11577104377.0
11585238081.0
11593148464.0
11602377184.0
11613655788.0
11622376993.0
11631134298.0
11639114756.0
11647163520.0
11655129114.0
11663127975.0
11671124714.0
11679141625.0
11687123499.0
11695128731.0
11703136441.0
11712089107.0
11721382595.0
11730073363.0
11738100184.0
11746163459.0
11754522253.0
11763133390.0
11771125882.0
11779287899.0
11788389210.0
11797388593.0
11806415228.0
11815388775.0
11824393113.0
11833392850.0
11842387986.0
11851388785.0
11860393831.0
11869390382.0
11878386226.0
11887390564.0
11896447282.0
11905396055.0
11914389775.0
11923389512.0
11932419686.0
11941392172.0
11950424469.0
11959391292.0
11968398461.0
11977394305.0
11986423063.0
11995392364.0
12004393870.0
12013030135.0
12021513508.0
12030076513.0
12039543065.0
12048075279.0
12059131624.0
12068129591.0
12077282574.0
12086139329.0
12095533682.0
12104149066.0
12113506259.0
12123573053.0
12132563235.0
12141100049.0
12150488032.0
12159554660.0
12169131988.0
12178122169.0
12187553684.0
12196573595.0
12205131998.0
12215536783.0
12224532627.0
12233252062.0
12242111294.0
12251517327.0
12260117493.0
12269235438.0
12278553699.0
12288529538.0
12297109884.0
12306525473.0
12316188095.0
12325120942.0
12334087411.0
12343539453.0
12352136433.0
12361538573.0
12370076803.0
12379126088.0
12389163862.0
12398514684.0
12407137854.0
12417127495.0
12426514416.0
12435134047.0
12444524154.0
12453216692.0
12471153876.0
12480540090.0
12489103448.0
12498079473.0
12507539301.0
12516553549.0
12525100627.0
12534503828.0
12544200427.0
12553130088.0
12562497544.0
12571124607.0
12580551521.0
12589537456.0
12598082764.0
12607145145.0
12617352090.0
12626129568.0
12635129659.0
12644541354.0
12655131591.0
12664617609.0
12673160086.0
12682118061.0
12691549222.0
12700560284.0
12709125412.0
12719234677.0
12728543737.0
12737264234.0
12746101169.0
12755541532.0
12764121878.0
12773667708.0
12782147542.0
12791150465.0
12800543049.0
12809655331.0
12818433870.0
12830526128.0
12839534713.0
12848162130.0
12857264503.0
12866107101.0
12874430504.0
12883139676.0
12891151633.0
12899134922.0
12907167052.0
12915441968.0
12924122827.0
12932167698.0
12940175761.0
12949434211.0
12958082509.0
12966080663.0
12974106423.0
12982137137.0
12990091406.0
12998105840.0
13006444107.0
13015437120.0
13024138505.0
13032156125.0
13040124196.0
13048161635.0
13056144570.0
13064123967.0
13072144771.0
13080460034.0
13089105147.0
13097266810.0
13105127291.0
13113470867.0
13122090852.0
13130149526.0
13138156174.0
13150503959.0
13159449193.0
13169493690.0
13180496948.0
13189190547.0
13198129764.0
13207156753.0
13216678870.0
13227298128.0
13235467224.0
13244468731.0
13253514831.0
13262481300.0
13271468296.0
13280486436.0
13289554479.0
13298478832.0
13307516084.0
13319127723.0
13327652505.0
13337678953.0
13346483328.0
13355480942.0
13364471477.0
13373517577.0
13382482984.0
13391483783.0
13400496261.0
13409649952.0
13418510953.0
13427501489.0
13436475390.0
13445516181.0
13454511671.0
13463475663.0
13472477169.0
13481504866.0
13492479456.0
13501478839.0
13510473267.0
13519480082.0
13528504947.0
13537279948.0
13545477357.0
13554220858.0
13562486573.0
13571479232.0
13580479676.0
13589512328.0
13598493307.0
13607514633.0
13616256011.0
13624540130.0
13634494733.0
13643516767.0
13653355993.0
13662266543.0
13671170369.0
13680172583.0
13689182938.0
13698278232.0
13707200108.0
13727211242.0
13735258590.0
13743595088.0
13752493959.0
13761484848.0
13770491310.0
13779496355.0
13788502817.0
13797518834.0
13806490258.0
13815492118.0
13824488316.0
13835484141.0
13844488479.0
13853514406.0
13862498925.0
13871492291.0
13880510432.0
13889549807.0
13898502120.0
13907682354.0
13916269779.0
13924499040.0
13933497007.0
13942582038.0
13951496835.0
13960503297.0
13969504450.0
13978517635.0
13987529052.0
13996508262.0
14007497008.0
14016499223.0
14025494359.0
14034499404.0
14043504804.0
14052536040.0
14061497200.0
14070548609.0
14079532066.0
14088498535.0
14097499333.0
14106499424.0
14115502700.0
14124502084.0
14133500405.0
14142503681.0
14151535979.0
14160550580.0
14169445558.0
14178505107.0
14187506259.0
14196506350.0
14205503964.0
14214222691.0
14222250220.0
14230506026.0
14239543632.0
14248514348.0
14257343851.0
14266500727.0
14275166013.0
14284211405.0
14293186722.0
14302502860.0
14312423487.0
14321204858.0
14329591258.0
14340160614.0
14349183355.0
14358245028.0
14367241226.0
14376157439.0
14385205308.0
14394277244.0
14403179300.0
14413520380.0
14422120546.0
14431602670.0
14440633552.0
14450529051.0
14459278216.0
14475526158.0
14484520232.0
14494217538.0
14502542003.0
14516014180.0
14525383760.0
14533528789.0
14542220619.0
14550212756.0
14558535098.0
14567285678.0
14575524849.0
14584551129.0
14593526446.0
14602587057.0
14612348068.0
14621424251.0
14629531057.0
14638526901.0
14647560614.0
14656534869.0
14665531421.0
14674528326.0
14683529833.0
14692541957.0
14701535324.0
14710542493.0
14720252540.0
14728567095.0
14749232267.0
14757237145.0
14765539667.0
14774536219.0
14783532771.0
14792529322.0
14801541447.0
14810254511.0
14818253727.0
14826534306.0
14835537936.0
14844252417.0
14852657929.0
14864239485.0
14873357784.0
14882206752.0
14891534570.0
14900568991.0
14909354962.0
14918189774.0
14927625182.0
14936569355.0
14945354972.0
14954197217.0
14963551224.0
14972549899.0
14981338702.0
14990169975.0
14999539908.0
15008165202.0
15018226334.0
15027151749.0
15039034134.0
15047549713.0
15056140323.0
15065253667.0
15074636342.0
15083141304.0
15092169000.0
15101685455.0
15110646969.0
15120170856.0
15130198012.0
15139557682.0
15148194301.0
15157173511.0
15166681472.0
15175579989.0
15184169183.0
15193561059.0
15202648214.0
15212049292.0
15221257839.0
15231061320.0
15239176267.0
15248199716.0
15257667684.0
15266699274.0
15275172029.0
15284177429.0
15293670879.0
15302231406.0
15312407207.0
15321564083.0
15330536922.0
15340593807.0
15350287928.0
15360461605.0
15374392812.0
15383559951.0
15392264522.0
15400299130.0
15408291621.0
15416286590.0
15424327921.0
15432622657.0
15441571784.0
15451099918.0
15460576381.0
15469394205.0
15478020914.0
15487572760.0
15496285471.0
15504587993.0
15513594809.0
15523196911.0
15532295037.0
15541289111.0
15550620822.0
15559578443.0
15568340702.0
15576581996.0
15585581380.0
15595052179.0
15604592346.0
15613546782.0
15622208175.0
15630211284.0
15640190661.0
15648656693.0
15657188552.0
15665558318.0
15674254395.0
15682242286.0
15690204694.0
15698650552.0
15708276721.0
15716249747.0
15724189505.0
15732205355.0
15740248810.0
15748220066.0
15756244764.0
15764193016.0
15772559596.0
15781252488.0
15789180921.0
15797260121.0
15805415414.0
15813565044.0
15822208388.0
15830244765.0
15838233717.0
15846247089.0
15855567828.0
15864200554.0
15873238160.0
15881265689.0
15889253226.0
15897223066.0
15907252700.0
15915271027.0
15923561162.0
15932187517.0
15940258224.0
15948276551.0
15956252762.0
15964336210.0
15974574300.0
15983237817.0
15991256498.0
15999209705.0
16007245728.0
16015571608.0
16024228400.0
16032327420.0
16041573129.0
16050213287.0
16058261343.0
16066570944.0
16075253926.0
16083263759.0
16091252357.0
16099249803.0
16107594441.0
16116571528.0
16125224427.0
16133271421.0
16141256480.0
16149235877.0
16157269776.0
16165257313.0
16173263607.0
16182255558.0
16191692381.0
16200698489.0
16209231056.0
16218607360.0
16229109826.0
16237248485.0
16245576842.0
16254649486.0
16263275488.0
16271261255.0
16279258701.0
16287272781.0
16295249346.0
16303254578.0
16312408977.0
16321255114.0
16329241943.0
16337266640.0
16345584735.0
16354205074.0
16362247467.0
16370273226.0
16378611494.0
16387253068.0
16395261131.0
16403248314.0
16412062245.0
16420292568.0
16428330007.0
16436248176.0
16444276059.0
16452249792.0
16462715097.0
16480694044.0
16489267311.0
16497235383.0
16505266097.0
16513278054.0
16521410696.0
16530293640.0
16538607488.0
16547653234.0
16556278174.0
16564269249.0
16572250415.0
16580273697.0
16588271497.0
16596278853.0
16606690362.0
16615256906.0
16623284435.0
16631358681.0
16639272956.0
16647293407.0
16657291542.0
16665596187.0
16676603692.0
16685268978.0
16693257930.0
16701241219.0
16709320420.0
16717587904.0
16726240096.0
16734201088.0
16742598814.0
16751257730.0
16759262608.0
16767277042.0
16775601507.0
16784261130.0
16792296799.0
16800288583.0
16808262671.0
16816369831.0
16825608815.0
16834213936.0
16842226246.0
16850477450.0
16859265545.0
16867284934.0
16875214783.0
16883603306.0
16892255497.0
16900599074.0
16909257635.0
16917612891.0
16927291085.0
16935265173.0
16943259080.0
16951257588.0
16959272730.0
16967279024.0
16975267268.0
16983306830.0
16991247650.0
17003300269.0
17012603312.0
17021269306.0
17031351319.0
17040618263.0
17050610735.0
17059263280.0
17067294349.0
17075252510.0
17083264113.0
17091266160.0
17099261836.0
17107290427.0
17115271593.0
17123255944.0
17131619340.0
17140615538.0
17150260818.0
17158606164.0
17169576861.0
17178646673.0
17188272842.0
17197697279.0
17207520225.0
17216624367.0
17226614362.0
17237618327.0
17246692740.0
17256619738.0
17267363221.0
17276619547.0
17286618036.0
17297626956.0
17306636602.0
17316235520.0
17325656417.0
17335672248.0
17344631638.0
17355018373.0
17365462796.0
17374694703.0
17384675849.0
17394429074.0
17403270965.0
17412623556.0
17423519577.0
17432629382.0
17442619022.0
17452634145.0
17461677060.0
17470697678.0
17481152719.0
17491471856.0
17500642535.0
17511560144.0
17521468030.0
17530635170.0
17541443419.0
17551610726.0
17561283965.0
17570410404.0
17580647079.0
17591671217.0
17601452047.0
17610630866.0
17621693227.0
17631669065.0
17640639073.0
17650696312.0
17660158264.0
17668555281.0
17677257021.0
17686675441.0
17695698537.0
17704667837.0
17715526696.0
17724643933.0
17735484389.0
17746425357.0
17756014364.0
17764273001.0
17773692482.0
17782266104.0
17791689479.0
17801633465.0
17810283533.0
17823603879.0
17833469650.0
17842633604.0
17853459903.0
17863516434.0
17872654552.0
17883492884.0
17893475447.0
17903151518.0
17913480564.0
17922640626.0
17933622648.0
17943508591.0
17952640339.0
17963488227.0
17973470789.0
17982723576.0
17993628091.0
18003177460.0
18012647552.0
18023479867.0
18033457829.0
18042658236.0
18053625748.0
18063176179.0
18072711391.0
18082487620.0
18091270053.0
18101689702.0
18112585723.0
18121280030.0
18130647486.0
18141467414.0
18150662159.0
18160659940.0
18171513137.0
18180663996.0
18191168585.0
18201481705.0
18210663709.0
18221278012.0
18231500530.0
18240662007.0
18251479812.0
18260276755.0
18271156849.0
18281619322.0
18290657282.0
18300658602.0
18312493209.0
18321656809.0
18331660607.0
18341718553.0
18351205633.0
18361153158.0
18371491760.0
18380661023.0
18391501125.0
18400311163.0
18409682512.0
18421536230.0
18430726728.0
18440660096.0
18451498074.0
18460665214.0
18470664764.0
18489497711.0
18498700596.0
18507665649.0
18518013453.0
18528495038.0
18537661469.0
18550667185.0
18561483220.0
18570668409.0
18581222193.0
18591264213.0
18601498764.0
18610674752.0
18621295071.0
18631505202.0
18640690037.0
18651672767.0
18662494465.0
18671287161.0
18680324413.0
18691684418.0
18702724836.0
18712610426.0
18721676699.0
18732553254.0
18742134830.0
18752506700.0
18762546951.0
18771678699.0
18782612942.0
18792503133.0
18801680182.0
18812614071.0
18821969140.0
18831195738.0
18841703158.0
18851676519.0
18862018306.0
18871524851.0
18880687036.0
18891524306.0
18901501560.0
18912086488.0
18922337673.0
18931569579.0
18940683631.0
18951036390.0
18959302813.0
18969560368.0
18979580092.0
18988715379.0
18998717407.0
19008714126.0
19019039634.0
19028546887.0
19037699869.0
19048569700.0
19058568189.0
19067686134.0
19078497568.0
19087731952.0
19096713993.0
19106305124.0
19116194253.0
19125694074.0
19135689023.0
19146501873.0
19155697326.0
19165701478.0
19176539810.0
19185697039.0
19195696944.0
19206030591.0
19216156136.0
19228074975.0
19236694252.0
19247590272.0
19256697600.0
19265391199.0
19273704693.0
19282699829.0
19291700627.0
19300707797.0
19309701517.0
19318730275.0
19327314515.0
19335712594.0
19345254177.0
19353700035.0
19362709682.0
19371706233.0
19380701370.0
19389698629.0
19399158811.0
19407318705.0
19416186077.0
19424709443.0
19433718736.0
19442715642.0
19451707593.0
19460709453.0
19469383587.0
19477711945.0
19486324852.0
19494705943.0
19503575793.0
19512731607.0
19521715064.0
19531128175.0
19540615963.0
19549709133.0
19560527646.0
19570502423.0
19579729374.0
19589391996.0
19599248565.0
19609171315.0
19619162372.0
19629570342.0
19639165012.0
19649279939.0
19659609694.0
19669585532.0
19679293455.0
19687346112.0
19695331171.0
19703719695.0
19712722971.0
19722150239.0
19731731461.0
19740727659.0
19749721733.0
19759359227.0
19768232262.0
19776726961.0
19785341991.0
19795165999.0
19803733604.0
19812735464.0
19821731308.0
19830730338.0
19839679819.0
19849170084.0
19857734858.0
19866726808.0
19875738225.0
19884730529.0
19893731682.0
19903213453.0
19912139576.0
19920729124.0
19929730984.0
19939282477.0
19948613126.0
19958703279.0
19968495080.0
19978629827.0
19988729536.0
19998305802.0
