8184314.0
16428086.0
25349961.0
34369518.0
43356514.0
52350588.0
78547825.0
89120012.0
101523362.0
114018376.0
125557816.0
134354406.0
144112939.0
152472088.0
162021457.0
181192394.0
191041884.0
200385273.0
210009319.0
219022151.0
227361480.0
236944825.0
245359892.0
255091882.0
267377378.0
276361543.0
288444952.0
298046701.0
306363733.0
316071657.0
324969820.0
333362944.0
342363743.0
352134664.0
360391177.0
369993279.0
378365169.0
388104237.0
398446732.0
408006719.0
416389226.0
426032029.0
435027165.0
443367910.0
452368709.0
462004433.0
471048056.0
479372167.0
488949141.0
498039835.0
507278111.0
516984619.0
526371541.0
535994524.0
546015664.0
554373043.0
563373134.0
572958248.0
581374731.0
591374636.0
601020270.0
609379419.0
620992827.0
630068302.0
639377362.0
648988667.0
657380376.0
666999466.0
675378080.0
685020883.0
696366023.0
705386995.0
714404782.0
723380099.0
732380898.0
741380989.0
750409039.0
759381878.0
768381969.0
777382414.0
787037250.0
795383304.0
804383749.0
813384548.0
822384638.0
831385437.0
840414549.0
849385619.0
858386772.0
867386155.0
876386600.0
885395185.0
893387676.0
902388121.0
911387858.0
920417678.0
928389996.0
936388858.0
945000349.0
953390642.0
962390379.0
971390470.0
981337995.0
990422318.0
999459216.0
1009008585.0
1018040528.0
1027036726.0
1036128128.0
1045396841.0
1055025133.0
1063395253.0
1072989924.0
1081444984.0
1092522917.0
1102444252.0
1111438327.0
1120461422.0
1129405594.0
1139522999.0
1150185788.0
1159406369.0
1169034308.0
1177432033.0
1187069527.0
1195407795.0
1204161914.0
1212409225.0
1221439399.0
1230410115.0
1250383026.0
1259527869.0
1269411335.0
1279122443.0
1288168544.0
1296413731.0
1305436119.0
1314413205.0
1323417897.0
1333187756.0
1342418246.0
1351424354.0
1361945931.0
1371115902.0
1379440013.0
1389065827.0
1397417898.0
1406424713.0
1415421619.0
1425218021.0
1434475763.0
1443419228.0
1452421796.0
1462082295.0
1470420208.0
1480179450.0
1488474540.0
1497443486.0
1506429066.0
1516172381.0
1524496846.0
1535353582.0
1545058674.0
1553423839.0
1562484096.0
1571424021.0
1583056188.0
1592425059.0
1600430999.0
1608463837.0
1618226972.0
1629361886.0
1639123958.0
1647428250.0
1656429049.0
1666106181.0
1674453297.0
1684192719.0
1692429766.0
1702180868.0
1710431010.0
1726494208.0
1735500670.0
1745084368.0
1753455196.0
1762432637.0
1771432728.0
1779434421.0
1789115447.0
1797433895.0
1806434694.0
1816203137.0
1824451510.0
1833436028.0
1843111037.0
1853457780.0
1864292927.0
1872437602.0
1883200196.0
1891445384.0
1901070845.0
1909440611.0
1918472200.0
1927440439.0
1937068377.0
1947517755.0
1957453955.0
1966444136.0
1976101096.0
1985083137.0
1993442993.0
2002442730.0
2014131169.0
2026195467.0
2034575143.0
2044206621.0
2052445792.0
2061072147.0
2079251411.0
2089146556.0
2097448724.0
2106449169.0
2115449614.0
2125195760.0
2134458457.0
2143449346.0
2153147360.0
2162451111.0
2171455095.0
2180450939.0
2189105254.0
2197452369.0
2206452460.0
2216115082.0
2224453704.0
2232456459.0
2242125098.0
2250454163.0
2260205618.0
2271553590.0
2281456167.0
2291455718.0
2302456144.0
2312114519.0
2322518950.0
2332209531.0
2340457904.0
2350265632.0
2358495247.0
2367461716.0
2376459330.0
2385086747.0
2393483057.0
2402461205.0
2411465897.0
2420464572.0
2428515105.0
2438188345.0
2447256388.0
2457494124.0
2466466964.0
2475465993.0
2484465022.0
2493456973.0
2502457772.0
2511457863.0
2521416713.0
2530458566.0
2540043680.0
2549195248.0
2557460608.0
2566460699.0
2576133939.0
2585132260.0
2594461847.0
2604066781.0
2613234629.0
2621462828.0
2631126866.0
2639464426.0
2649047063.0
2658078652.0
2666468946.0
2675465143.0
2685384001.0
2693466033.0
2702466478.0
2712066457.0
2722068485.0
2730467980.0
2742098377.0
2751299138.0
2761149336.0
2769525473.0
2779185618.0
2788251891.0
2796499910.0
2805484074.0
2820393152.0
2828560478.0
2838151255.0
2846484921.0
2855480765.0
2865105518.0
2873510676.0
2884474649.0
2892474572.0
2901085355.0
2909475648.0
2918506884.0
2927476184.0
2936476983.0
2946098551.0
2955098288.0
2963477964.0
2973023440.0
2981478146.0
2992259851.0
3001057502.0
3009482125.0
3019136253.0
3027481245.0
3037217128.0
3046076714.0
3054481872.0
3063482317.0
3073082296.0
3082997260.0
3091489482.0
3101043805.0
3110307918.0
3118510282.0
3128134327.0
3138093531.0
3146488071.0
3155541604.0
3165034346.0
3174088586.0
3185106708.0
3195122538.0
3204087238.0
3212490980.0
3222101222.0
3230493285.0
3240098573.0
3257354115.0
3265491004.0
3274491095.0
3285016211.0
3293495691.0
3302516663.0
3312177516.0
3321051613.0
3330098421.0
3339126825.0
3347494468.0
3357232474.0
3366101616.0
3374495802.0
3384158424.0
3394094624.0
3402496950.0
3411504827.0
3421230801.0
3430338128.0
3438498730.0
3448257971.0
3456532180.0
3466094644.0
3475095443.0
3486216554.0
3499130959.0
3508385162.0
3516532314.0
3526117429.0
3534504891.0
3544330668.0
3553106376.0
3562159201.0
3572123714.0
3580504805.0
3591133619.0
3600223604.0
3608511262.0
3618174238.0
3628330574.0
3637232630.0
3646182818.0
3654507991.0
3663584882.0
3672512066.0
3681508618.0
3690509063.0
3699509508.0
3708519862.0
3717510397.0
3726539155.0
3735511287.0
3744517041.0
3753518901.0
3762511914.0
3771512713.0
3780513157.0
3790519079.0
3802079046.0
3810514640.0
3819516501.0
3829162843.0
3838179214.0
3846545087.0
3855528898.0
3864538899.0
3873516693.0
3883109947.0
3891520414.0
3900518381.0
3909518472.0
3918518917.0
3928310365.0
3936549536.0
3945529807.0
3954521758.0
3963521141.0
3972521940.0
3981521323.0
3991521936.0
4000522734.0
4009523533.0
4018523624.0
4027524069.0
4036553535.0
4046253319.0
4054525758.0
4063525495.0
4072551422.0
4081531693.0
4091526997.0
4102533439.0
4111537069.0
4123336284.0
4132345223.0
4140529183.0
4149529274.0
4159271527.0
4167547859.0
4177042371.0
4186569444.0
4196234543.0
4204531757.0
4214298430.0
4223269500.0
4232536798.0
4241534411.0
4253218603.0
4261538467.0
4271195073.0
4281197809.0
4290535890.0
4300347511.0
4308545273.0
4317536870.0
4327275584.0
4336445201.0
4345229049.0
4353542189.0
4363249051.0
4371554050.0
4380539630.0
4391246660.0
4399540688.0
4409217466.0
4417573076.0
4426551578.0
4436278613.0
4445212168.0
4453543357.0
4463253050.0
4471543539.0
4481219964.0
4490327645.0
4498544873.0
4508230854.0
4516545763.0
4525545500.0
4534546299.0
4543558423.0
4554551417.0
4563562833.0
4572591237.0
4583011594.0
4591548763.0
4600549207.0
4609549652.0
4618550097.0
4627579209.0
4636550987.0
4645558156.0
4654551523.0
4663556922.0
4673191585.0
4683229713.0
4691552408.0
4701083727.0
4709553652.0
4718557636.0
4727580023.0
4736555340.0
4745561094.0
4754556230.0
4763556321.0
4772556412.0
4781556857.0
4792360505.0
4801273179.0
4810436071.0
4820233889.0
4828566140.0
4838329275.0
4846567738.0
4856574013.0
4866256808.0
4874568178.0
4883568623.0
4895145224.0
4904238041.0
4912575601.0
4922424737.0
4933201488.0
4943445948.0
4953224655.0
4962274648.0
4970572569.0
4980257134.0
4989212986.0
4997605757.0
5007280058.0
5017235369.0
5026487802.0
5037613514.0
5047257379.0
5055578659.0
5065241989.0
5073576717.0
5083084324.0
5092344189.0
5100578052.0
5110259785.0
5128521865.0
5141413266.0
5151285760.0
5160427064.0
5170267352.0
5178584031.0
5187619159.0
5197248159.0
5206266300.0
5214582625.0
5224428222.0
5235229393.0
5244585877.0
5254268673.0
5271299124.0
5279585720.0
5294235376.0
5303268028.0
5311587184.0
5321226447.0
5330483836.0
5340588853.0
5350267755.0
5361187842.0
5370444876.0
5378590260.0
5387590351.0
5397222890.0
5406155737.0
5415302703.0
5423592484.0
5433231040.0
5441593374.0
5451297050.0
5462213244.0
5471266422.0
5479595134.0
5489232628.0
5497596024.0
5507271741.0
5516290943.0
5524597005.0
5534331826.0
5545455768.0
5555281192.0
5563599994.0
5573237134.0
5581599822.0
5593312327.0
5604215072.0
5613238168.0
5621625984.0
5630601654.0
5640602267.0
5650278338.0
5658603156.0
5668370892.0
5679232228.0
5688604285.0
5698320349.0
5706604467.0
5716395207.0
5724605711.0
5734293815.0
5745239030.0
5754614980.0
5764566398.0
5774359969.0
5783440045.0
5791608079.0
5801239910.0
5809610030.0
5819283624.0
5829618687.0
5839286618.0
5850610877.0
5860372950.0
5871243135.0
5881273830.0
5890612265.0
5900285150.0
5908613154.0
5918339128.0
5926613690.0
5936413632.0
5947254442.0
5956407424.0
5964616866.0
5974294707.0
5983091296.0
5994322829.0
6002617565.0
6012294344.0
6023184348.0
6032494469.0
6042625677.0
6052275912.0
6061281312.0
6069620641.0
6079290695.0
6089264410.0
6097621789.0
6107329359.0
6118203082.0
6127294838.0
6149996797.0
6159324615.0
6170255319.0
6180311496.0
6188625343.0
6198343176.0
6206628003.0
6217214700.0
6226335477.0
6237165315.0
6246370323.0
6255234864.0
6265294934.0
6274329709.0
6283288392.0
6296224740.0
6304950900.0
6313500809.0
6323300397.0
6332376580.0
6341632198.0
6351330920.0
6359634504.0
6369259611.0
6380189607.0
6389201377.0
6398397892.0
6406634939.0
6416386041.0
6425164226.0
6436429381.0
6447247540.0
6457321413.0
6466186662.0
6475307084.0
6484400609.0
6493263735.0
6503146847.0
6512403881.0
6522564817.0
6532398027.0
6541152500.0
6550307253.0
6559157637.0
6570228138.0
6581205913.0
6591337475.0
6600096195.0
6609267581.0
6618413839.0
6626637438.0
6636092665.0
6645040023.0
6654107004.0
6663068164.0
6672142931.0
6681004287.0
6691050201.0
6700136293.0
6709352981.0
6718059321.0
6729012676.0
6738532316.0
6747087535.0
6756420307.0
6765043831.0
6774092408.0
6783332455.0
6792373600.0
6801016943.0
6810402449.0
6819143119.0
6828376795.0
6837329461.0
6846100922.0
6855085795.0
6864484042.0
6874415640.0
6883309202.0
6892150385.0
6901047840.0
6910374950.0
6919064302.0
6928553859.0
6937049973.0
6946098197.0
6955397347.0
6964469991.0
6973051753.0
6982979458.0
6992163586.0
7001338865.0
7010440884.0
7019064408.0
7030438216.0
7039387697.0
7048190656.0
7057058736.0
7066434333.0
7075385937.0
7085033695.0
7094436188.0
7103375052.0
7112065112.0
7121030165.0
7130454956.0
7140327451.0
7149275516.0
7159394336.0
7169055189.0
7178140220.0
7188082790.0
7197997400.0
7207102958.0
7216260896.0
7225372117.0
7234103231.0
7245308221.0
7255393773.0
7264223630.0
7282987209.0
7292058791.0
7301031985.0
7310123386.0
7319159576.0
7328121090.0
7337025624.0
7348207963.0
7357201683.0
7366105509.0
7375393688.0
7385032952.0
7394125061.0
7403539588.0
7412376523.0
7421109053.0
7430117638.0
7439376796.0
7448101186.0
7457063054.0
7466435111.0
7475385300.0
7486059061.0
7497390398.0
7506397568.0
7515091521.0
7524394564.0
7533032245.0
7542413858.0
7552537279.0
7561200442.0
7570075246.0
7579386430.0
7588484201.0
7598157087.0
7607419076.0
7616443587.0
7625033489.0
7634445539.0
7643390419.0
7654113728.0
7663397660.0
7672154611.0
7681375191.0
7691386775.0
7700065156.0
7709037288.0
7718439428.0
7727411205.0
7736067643.0
7745372456.0
7754443331.0
7763078534.0
7772379100.0
7781048633.0
7791453064.0
7802474370.0
7811083030.0
7820062948.0
7829349003.0
7838121880.0
7847099320.0
7856468192.0
7865342288.0
7874131091.0
7883553758.0
7893362548.0
7902092955.0
7911087737.0
7920487046.0
7929506956.0
7938230992.0
7950201856.0
7959372535.0
7968262204.0
7977441730.0
7989545313.0
8000399572.0
8009162185.0
8018422758.0
8027191034.0
8036328798.0
8047240037.0
8057301877.0
8066429732.0
8075207563.0
8084191374.0
8095346461.0
8104279662.0
8113355845.0
8124244079.0
8133286640.0
8142168877.0
8151089337.0
8160146408.0
8169194986.0
8178162870.0
8187361154.0
8196084129.0
8205031840.0
8214088558.0
8229208569.0
8238257854.0
8247216183.0
8256401726.0
8265035514.0
8274362977.0
8283367315.0
8292084627.0
8301032339.0
8310200186.0
8319107905.0
8328112596.0
8337048275.0
8346114902.0
8356411742.0
8365057209.0
8374090922.0
8383277173.0
8394087546.0
8403098254.0
8412084188.0
8421031546.0
8430091449.0
8439095079.0
8448216209.0
8457033679.0
8466086858.0
8475094027.0
8484089517.0
8493039706.0
8502090407.0
8512219491.0
8521060319.0
8530403355.0
8541034292.0
8550089240.0
8559413872.0
8568429536.0
8577043150.0
8587080216.0
8596484479.0
8605069072.0
8614085089.0
8623396981.0
8632949535.0
8641269753.0
8650355491.0
8659227819.0
8668428226.0
8677197918.0
8686197655.0
8695345683.0
8704346127.0
8713338078.0
8722200850.0
8731346400.0
8742227910.0
8751385140.0
8760265961.0
8769335774.0
8778216595.0
8788287990.0
8797331259.0
8806350461.0
8815232698.0
8824289416.0
8835266129.0
8845188526.0
8854366637.0
8863201095.0
8872432647.0
8881193491.0
8893266283.0
8902352022.0
8911200282.0
8920427942.0
8929212851.0
8938347784.0
8947198523.0
8960328463.0
8969310150.0
8978452161.0
8988209633.0
8997347044.0
9006205214.0
9015375185.0
9024427302.0
9033165848.0
9042378997.0
9053222992.0
9062408181.0
9071200523.0
9080383943.0
9089327761.0
9104224451.0
9113363631.0
9122135446.0
9131086697.0
9140459107.0
9149046178.0
9158145719.0
9167084583.0
9176088213.0
9185447175.0
9194142898.0
9203093795.0
9212075482.0
9221045136.0
9230164851.0
9239095220.0
9248192992.0
9257044084.0
9266140440.0
9283038881.0
9292169213.0
9301071269.0
9310086579.0
9319200985.0
9328284246.0
9337074818.0
9346089066.0
9355161710.0
9364177727.0
9373076952.0
9382994040.0
9392167904.0
9402631085.0
9412171606.0
9421072246.0
9430088971.0
9439091186.0
9448255494.0
9457358574.0
9468312283.0
9477050830.0
9486094807.0
9495100206.0
9504158693.0
9513295042.0
9522094816.0
9531105171.0
9540097122.0
9549044125.0
9560087375.0
9569046412.0
9578167188.0
9587340344.0
9596083138.0
9605056685.0
9614456701.0
9623401935.0
9632135173.0
9641363894.0
9650470514.0
9659091561.0
9668106162.0
9677363196.0
9686387708.0
9696473614.0
9705047943.0
9714100060.0
9723422215.0
9732094933.0
9741358692.0
9750108564.0
9760285427.0
9769385676.0
9778449472.0
9787337017.0
9797362050.0
9806451682.0
9815090778.0
9824142541.0
9833363121.0
9842165727.0
9853313382.0
9862094045.0
9871099445.0
9880486720.0
9889333211.0
9899088560.0
9908424517.0
9917358780.0
9926136611.0
9935086092.0
9944402584.0
9953059022.0
9962135913.0
9971402149.0
9980396577.0
9989297572.0
9999117333.0
10010144302.0
10019403106.0
10028419123.0
10037048664.0
10046136880.0
10055085299.0
10064458064.0
10073507703.0
10083093526.0
10092101757.0
10101076012.0
10110103000.0
10119143084.0
10128186353.0
10137048416.0
10146101241.0
10155125398.0
10164103192.0
10173201318.0
10183000906.0
10192269973.0
10201084258.0
10211347830.0
10220086377.0
10229145572.0
10238146017.0
10247095144.0
10256499053.0
10265309799.0
10275551074.0
10285652907.0
10295095747.0
10304463911.0
10315095202.0
10324186957.0
10333393735.0
10342404090.0
10351095920.0
10360489565.0
10369442232.0
10378101147.0
10387340486.0
10397371535.0
10406453734.0
10415399676.0
10424089028.0
10433055143.0
10442456929.0
10451130710.0
10461462941.0
10470135306.0
10479150969.0
10489429406.0
10498445777.0
10507095137.0
10516496215.0
10525643181.0
10535092746.0
10544176715.0
10553495330.0
10563396138.0
10573096630.0
10583327641.0
10592152898.0
10601378079.0
10610661303.0
10621339665.0
10630101217.0
10639160412.0
10648219961.0
10657106444.0
10666098395.0
10675103441.0
10685058752.0
10694147676.0
10703099988.0
10712087692.0
10721056638.0
10730171044.0
10739109908.0
10748127695.0
10757058772.0
10768591134.0
10777408250.0
10786353130.0
10795342250.0
10805371883.0
10814154315.0
10823094241.0
10832578843.0
10841372601.0
10850176622.0
10859411359.0
10868402249.0
10877055856.0
10886392875.0
10896469933.0
10905051341.0
10914433662.0
10923114166.0
10932102932.0
10941369168.0
10950132489.0
10959425268.0
10968100464.0
10977366700.0
10986352635.0
10995369360.0
11005394038.0
11014099671.0
11023097638.0
11032197534.0
11041085787.0
11050130117.0
11060246460.0
11069056144.0
11078406966.0
11087345830.0
11096096410.0
11105094731.0
11114153218.0
11123104823.0
11132091819.0
11141058642.0
11150172694.0
11159096693.0
11168149517.0
11177056882.0
11186403103.0
11195356123.0
11204210401.0
11213313127.0
11222149355.0
11231107330.0
11240131487.0
11249068581.0
11258352513.0
11267102031.0
11276218207.0
11294157161.0
11303099917.0
11312187780.0
11322132827.0
11331119823.0
11340108943.0
11349088860.0
11358113018.0
11367081610.0
11376206280.0
11385302636.0
11394224865.0
11403115596.0
11412107193.0
11421054550.0
11430112330.0
11439140734.0
11448144718.0
11457058453.0
11466180645.0
11475121632.0
11486372631.0
11496111699.0
11505308567.0
11514136301.0
11525072314.0
11534151328.0
11543099748.0
11552152218.0
11561059229.0
11570221414.0
11579153553.0
11589066748.0
11598148239.0
11607124264.0
11616170364.0
11625068173.0
11634115689.0
11643427580.0
11652111270.0
11661060397.0
11670419005.0
11681065869.0
11691123107.0
11700145849.0
11709061708.0
11718113471.0
11727119578.0
11736149398.0
11745076228.0
11754112065.0
11763125959.0
11772110477.0
11781065975.0
11791105518.0
11800225586.0
11809088004.0
11818106498.0
11829061269.0
11838433326.0
11847435187.0
11856185767.0
11865430414.0
11874115873.0
11884201425.0
11893441825.0
11902108173.0
11911106495.0
11920619764.0
11929398304.0
11938108183.0
11947416889.0
11956505459.0
11965112349.0
11977429343.0
11986660188.0
11996095242.0
12005063126.0
12014468805.0
12023428904.0
12032161080.0
12041062075.0
12050189929.0
12059415819.0
12068101278.0
12077406091.0
12086412553.0
12096175333.0
12105486516.0
12114461833.0
12125066227.0
12134162583.0
12143125159.0
12152105430.0
12161066591.0
12170187013.0
12179112782.0
12189060306.0
12198147815.0
12207119592.0
12216110835.0
12225066333.0
12234135084.0
12243128096.0
12252115800.0
12261088993.0
12270123414.0
12279129168.0
12288432211.0
12297374968.0
12306364795.0
12315246678.0
12324120067.0
12333069902.0
12342430280.0
12351159271.0
12360426214.0
12369067080.0
12378134769.0
12388202980.0
12397098665.0
12407419572.0
12418335412.0
12428106332.0
12437383186.0
12446165972.0
12455149429.0
12464515823.0
12473384257.0
12482230041.0
12491132451.0
12501411241.0
12510120059.0
12519119088.0
12528523706.0
12537372674.0
12546120423.0
12555435853.0
12564495756.0
12575181550.0
12584383374.0
12594439197.0
12603130673.0
12612120146.0
12621404078.0
12630439561.0
12639195803.0
12649413720.0
12658441063.0
12667183149.0
12677398234.0
12686421684.0
12696470428.0
12705399736.0
12714122003.0
12723139790.0
12732457343.0
12741421335.0
12750133692.0
12759464341.0
12768511149.0
12779372131.0
12789615176.0
12799111104.0
12808508997.0
12817417070.0
12826136151.0
12835427869.0
12844198976.0
12853407878.0
12862424957.0
12871151116.0
12880294189.0
12889650320.0
12899113334.0
12908100330.0
12917072815.0
12926161031.0
12935111928.0
12944194127.0
12953073887.0
12962162811.0
12971136358.0
12980107782.0
12989317391.0
12998195735.0
13007108762.0
13016107792.0
13027113526.0
13036201034.0
13045103798.0
13054440818.0
13063444448.0
13073088666.0
13083104851.0
13092463105.0
13101415771.0
13110124235.0
13119477181.0
13128431263.0
13137072483.0
13146458342.0
13155127875.0
13164438705.0
13175431344.0
13184422941.0
13194125202.0
13203482395.0
13212120429.0
13221066371.0
13230447984.0
13239470371.0
13248216704.0
13257384552.0
13266129469.0
13275459764.0
13285670956.0
13303362877.0
13313393218.0
13322485328.0
13331408619.0
13341205375.0
13350440467.0
13359130173.0
13368436402.0
13377072313.0
13386366508.0
13396513996.0
13405124779.0
13414435254.0
13423614781.0
13433349602.0
13442339429.0
13452239175.0
13461216970.0
13471256867.0
13480468246.0
13489229089.0
13500275878.0
13509142542.0
13518263673.0
13527662981.0
13538438670.0
13547238091.0
13556370900.0
13565195803.0
13574434079.0
13585109256.0
13594454769.0
13603230123.0
13612347007.0
13621389921.0
13630238890.0
13639383733.0
13648498493.0
13658451680.0
13667231281.0
13676509196.0
13687388937.0
13696542627.0
13705233396.0
13714391687.0
13723264722.0
13732470438.0
13741226681.0
13750245176.0
13760590856.0
13770414864.0
13779506974.0
13789234716.0
13799234621.0
13808481745.0
13817190917.0
13826434856.0
13837260447.0
13846391134.0
13855251074.0
13864494305.0
13873516693.0
13885388106.0
13896295806.0
13905669987.0
13915388174.0
13924325268.0
13933404990.0
13942234847.0
13951382875.0
13960327047.0
13969390843.0
13980284740.0
13989219710.0
13998435336.0
14007255992.0
14016451798.0
14025204148.0
14034398893.0
14044535409.0
14055306851.0
14065231371.0
14074437795.0
14083179881.0
14092467352.0
14101221117.0
14110388965.0
14119234040.0
14128572121.0
14139341086.0
14149406111.0
14158253310.0
14167386120.0
14176389396.0
14185051497.0
14194423908.0
14203244209.0
14212467975.0
14223307723.0
14233389382.0
14242371069.0
14251389564.0
14260329489.0
14269393639.0
14278213586.0
14287243406.0
14305334899.0
14314418868.0
14325253661.0
14337536325.0
14347390062.0
14356327864.0
14365398738.0
14376290158.0
14385284586.0
14394451725.0
14403262471.0
14413228046.0
14422389169.0
14431238491.0
14440468274.0
14451334919.0
14461265456.0
14470417377.0
14479240510.0
14489395784.0
14498337478.0
14507585665.0
14516396764.0
14525400748.0
14534320146.0
14543398453.0
14554321725.0
14563400031.0
14572327216.0
14581409061.0
14591237670.0
14600458959.0
14609320315.0
14621597670.0
14631453885.0
14640363019.0
14650286478.0
14659403361.0
14668330545.0
14677416992.0
14687600579.0
14697406891.0
14706408044.0
14715277893.0
14724433708.0
14733198798.0
14742411239.0
14754438376.0
14763278496.0
14773294681.0
14783178147.0
14792452169.0
14801413683.0
14810317509.0
14819411742.0
14830286173.0
14839409781.0
14848575505.0
14857246100.0
14866425980.0
14875253360.0
14885332896.0
14894494372.0
14907455494.0
14916249252.0
14925412852.0
14934297567.0
14943442055.0
14952247138.0
14961224579.0
14972315961.0
14983461139.0
14994448115.0
15003276203.0
15012444758.0
15023346087.0
15033428100.0
15042679472.0
15052499233.0
15061239196.0
15070420492.0
15079261674.0
15088439785.0
15098363951.0
15108625754.0
15118434897.0
15127255907.0
15136551518.0
15145243348.0
15154472776.0
15163245653.0
15172481806.0
15185093613.0
15194528667.0
15203258012.0
15212437892.0
15221216432.0
15230455062.0
15239257668.0
15248613445.0
15259616348.0
15269441418.0
15278698806.0
15291289377.0
15308262494.0
15329237342.0
15339246095.0
15348543829.0
15357208408.0
15366266187.0
15375458454.0
15385611959.0
15395439152.0
15404126735.0
15413120809.0
15422435886.0
15431130193.0
15440175231.0
15449090028.0
15458183199.0
15467130203.0
15476122861.0
15488228214.0
15497094878.0
15506545505.0
15516476749.0
15525091779.0
15534459236.0
15543171239.0
15552653010.0
15562148937.0
15571132040.0
15580219902.0
15590190078.0
15599134958.0
15608124078.0
15618137431.0
15627182823.0
15636521612.0
15648266324.0
15657405150.0
15666145820.0
15675467621.0
15684434798.0
15694471863.0
15703485757.0
15712411172.0
15722503448.0
15731143606.0
15741412841.0
15750475221.0
15759147940.0
15769439825.0
15778152536.0
15788136514.0
15797413368.0
15806227299.0
15815135017.0
15824533972.0
15833126705.0
15842186608.0
15851446828.0
15860440194.0
15869583267.0
15879472396.0
15888520619.0
15897325349.0
15907478499.0
15916355427.0
15925471956.0
15934275270.0
15947323101.0
15956472191.0
15965234096.0
15974475558.0
15983539354.0
15992613413.0
16002478476.0
16011283205.0
16020475826.0
16031295047.0
16040247713.0
16049473249.0
16058328588.0
16067472723.0
16076270020.0
16085306564.0
16097306096.0
16106472173.0
16115406082.0
16125220534.0
16134505882.0
16143295039.0
16154456142.0
16164507719.0
16173221137.0
16183623798.0
16193493462.0
16202319072.0
16211481257.0
16224235337.0
16233423004.0
16242148810.0
16251159518.0
16260457607.0
16269119354.0
16278152005.0
16289190300.0
16298223659.0
16307453795.0
16316132177.0
16325097584.0
16334540778.0
16344505645.0
16353102271.0
16362457694.0
16374074996.0
16383415908.0
16393465007.0
16402145865.0
16411476868.0
16420536063.0
16429115701.0
16438139859.0
16447482541.0
16456224980.0
16465190034.0
16474479982.0
16483454945.0
16492223575.0
16502503427.0
16511134737.0
16522462535.0
16531455548.0
16540222054.0
16549432018.0
16558142605.0
16567454496.0
16576604648.0
16585513782.0
16595491036.0
16604135441.0
16613433883.0
16622503696.0
16631189863.0
16640193847.0
16649413012.0
16658203939.0
16670402371.0
16680482261.0
16689474565.0
16699142496.0
16708540743.0
16717482084.0
16726290706.0
16735222137.0
16744552786.0
16753135256.0
16762144195.0
16771469889.0
16780546780.0
16789483873.0
16799465020.0
16808135615.0
16819139934.0
16828548444.0
16838199741.0
16848590015.0
16857417749.0
16866152049.0
16875516320.0
16884488097.0
16894457565.0
16903513221.0
16912306271.0
16921122325.0
16930459698.0
16939141619.0
16948583751.0
16957132953.0
16968151428.0
16977414479.0
16986562507.0
16996232561.0
17005471900.0
17014459604.0
17023144355.0
17032537647.0
17041134273.0
17050453951.0
17059463598.0
17068226565.0
17077128621.0
17086492892.0
17097131615.0
17106276458.0
17117426590.0
17126212915.0
17135489769.0
17144139837.0
17153124355.0
17162511277.0
17171470313.0
17180133830.0
17189558621.0
17198230631.0
17207462183.0
17216524917.0
17225160121.0
17234212945.0
17244146667.0
17253132956.0
17262155697.0
17271485284.0
17280687815.0
17291137547.0
17300141177.0
17317510327.0
17326149423.0
17335290726.0
17344278784.0
17353162437.0
17362154034.0
17371147754.0
17380233139.0
17389580422.0
17398511499.0
17407147764.0
17416235626.0
17425195725.0
17434156885.0
17443173610.0
17452227850.0
17461126721.0
17470146277.0
17479146722.0
17488310676.0
17497166016.0
17506328908.0
17515509496.0
17524252644.0
17533157885.0
17542147713.0
17551148865.0
17560206645.0
17569132767.0
17578151262.0
17587516948.0
17596241338.0
17605133131.0
17614159412.0
17623177906.0
17632272493.0
17641134557.0
17650151282.0
17659148895.0
17668231095.0
17677164649.0
17686517595.0
17695155983.0
17704238183.0
17715172426.0
17724160838.0
17733234898.0
17742522015.0
17753659406.0
17763584988.0
17772278234.0
17781552610.0
17791272566.0
17800547650.0
17809267793.0
17818543939.0
17829309718.0
17838570292.0
17847328304.0
17859560358.0
17868277316.0
17877561602.0
17887627689.0
17897556810.0
17906401886.0
17916282874.0
17926276054.0
17935550784.0
17947116768.0
17957565438.0
17966333360.0
17975555711.0
17984562172.0
17993379288.0
18004100120.0
18013590739.0
18022273013.0
18031552698.0
18040354242.0
18049564205.0
18058339206.0
18067555185.0
18078359895.0
18087372373.0
18097602677.0
18106362459.0
18115282919.0
18124560126.0
18133267883.0
18142573049.0
18151286468.0
18162503491.0
18172568870.0
18181262469.0
18191674686.0
18202618485.0
18211274569.0
18220566641.0
18231395064.0
18241579005.0
18250274374.0
18259568215.0
18268369051.0
18277591048.0
18286277215.0
18295675816.0
18308343187.0
18317563768.0
18326322842.0
18335565719.0
18344268875.0
18352430184.0
18361275613.0
18377322178.0
18386575673.0
18395280951.0
18404575854.0
18413608506.0
18424642907.0
18435409041.0
18445588381.0
18454351702.0
18463579007.0
18472360024.0
18481590868.0
18490325522.0
18499580786.0
18510372401.0
18519648193.0
18529586870.0
18539280637.0
18548574125.0
18557245073.0
18566580323.0
18575279585.0
18584316837.0
18595644636.0
18605581543.0
18614394058.0
18624339460.0
18633579152.0
18642283015.0
18651587828.0
18662408818.0
18672348911.0
18681714597.0
18691282016.0
18700591430.0
18709285383.0
18720533196.0
18730588666.0
18739296422.0
18748593094.0
18757286340.0
18766592215.0
18775290415.0
18784464279.0
18795434976.0
18805591665.0
18814309331.0
18823594678.0
18832422766.0
18841592737.0
18850304032.0
18859593980.0
18870365422.0
18879592727.0
18889274815.0
18898595908.0
18907287384.0
18916602107.0
18925336052.0
18936372932.0
18945622180.0
18954412398.0
18964537589.0
18974632343.0
18984322925.0
18995468456.0
19005601787.0
19014329008.0
19024681414.0
19034641325.0
19046279862.0
19056602892.0
19065234202.0
19073248637.0
19083455228.0
19092285793.0
19101601577.0
19110331984.0
19119605299.0
19131453708.0
19143320167.0
19153363957.0
19163613372.0
19172289276.0
19180362460.0
19189273364.0
19199660807.0
19209647616.0
19218303347.0
19227614530.0
19236294681.0
19245606218.0
19254332024.0
19263619849.0
19275063732.0
19286618744.0
19297394433.0
19309668604.0
19327618175.0
19336367340.0
19345629329.0
19354293907.0
19363618893.0
19372408758.0
19381625799.0
19399393458.0
19410661445.0
19420625250.0
19429274964.0
19438293104.0
19450286265.0
19459616560.0
19470398266.0
19480369149.0
19489292440.0
19500436556.0
19510283568.0
19519624835.0
19531383349.0
19540618794.0
19549273463.0
19558621808.0
19567278246.0
19576367878.0
19585303910.0
19595291781.0
19604667377.0
19613249139.0
19621645803.0
19633041553.0
19642656043.0
19651289476.0
19660632866.0
19669266654.0
19678288334.0
19687293733.0
19696644201.0
19707711517.0
19717282121.0
19727641959.0
19737652127.0
19746406600.0
19756972770.0
19766646364.0
19776623618.0
19786172279.0
19795262618.0
19803330494.0
19812616549.0
19822258998.0
19831579737.0
19843616430.0
19852245971.0
19861247477.0
19870261371.0
19879619979.0
19888288450.0
19897252088.0
19906266689.0
19915642993.0
19924278197.0
19933637159.0
19943610520.0
19952253509.0
19962238195.0
19971294559.0
19980268460.0
19990231911.0
19999268809.0
