5322547.0
14365816.0
23137985.0
32069770.0
41009695.0
50113129.0
78083841.0
87393608.0
95354601.0
105264257.0
113354075.0
125213456.0
135114618.0
143354850.0
153145944.0
161386531.0
180525615.0
191467999.0
201037541.0
209358113.0
218363512.0
228064358.0
236361571.0
246072680.0
254465450.0
267047528.0
277050264.0
288113333.0
297361519.0
307062718.0
315362763.0
324363207.0
334064053.0
343059897.0
351364188.0
361082021.0
369365432.0
379061676.0
388532830.0
398116528.0
407371793.0
417048218.0
425411614.0
434367819.0
444075742.0
453024516.0
461369154.0
470401097.0
480132025.0
488369780.0
497371287.0
508199002.0
516372344.0
527074772.0
535382957.0
545381446.0
555114497.0
564082736.0
572373932.0
582964169.0
592274291.0
600406225.0
610085482.0
620404618.0
630535472.0
640226054.0
648379577.0
658083253.0
666387191.0
676159173.0
685455138.0
696046083.0
704989901.0
712380381.0
721067964.0
730066639.0
739046557.0
748163440.0
757028335.0
766036566.0
774387928.0
783201152.0
791382988.0
800094283.0
809084819.0
818091634.0
827033683.0
836329294.0
845010152.0
854097307.0
863037940.0
872091826.0
881037060.0
889387714.0
898079898.0
907039643.0
916125381.0
924388973.0
932388896.0
941038964.0
949390680.0
958042164.0
967048979.0
976224966.0
984391938.0
993009800.0
1000583962.0
1008394186.0
1017416928.0
1026394368.0
1036552473.0
1046153514.0
1054400825.0
1064086452.0
1072396406.0
1083103435.0
1092113790.0
1100396846.0
1108407741.0
1116399879.0
1125007123.0
1133040314.0
1141433439.0
1149398679.0
1157400372.0
1165399588.0
1173402342.0
1183135040.0
1191429776.0
1199401032.0
1208051454.0
1217016153.0
1224402032.0
1232403725.0
1249240938.0
1257403309.0
1265404649.0
1273425807.0
1283522685.0
1292410584.0
1300411923.0
1308433436.0
1317020152.0
1324502297.0
1332406663.0
1340406586.0
1348443671.0
1357412617.0
1365407940.0
1373408217.0
1383142685.0
1391415832.0
1400068023.0
1408447699.0
1416440544.0
1424411092.0
1432413493.0
1441056483.0
1450066483.0
1458443328.0
1466417769.0
1474412738.0
1482416555.0
1491126080.0
1500089718.0
1509058664.0
1518116797.0
1526423213.0
1534445787.0
1543069311.0
1551420673.0
1560073218.0
1569058799.0
1577422902.0
1586137383.0
1594418316.0
1602422840.0
1611128473.0
1620039023.0
1628503285.0
1637288902.0
1645420483.0
1654119037.0
1662425806.0
1670424668.0
1679112605.0
1688079781.0
1696422650.0
1704422927.0
1714144300.0
1726086850.0
1735093312.0
1743424501.0
1751429379.0
1760199071.0
1769080246.0
1777426654.0
1785426223.0
1793426855.0
1802138858.0
1810427931.0
1818456876.0
1827120038.0
1835428577.0
1843536091.0
1853054669.0
1862591297.0
1870429835.0
1878460195.0
1887110971.0
1895431189.0
1903431820.0
1912191602.0
1921086934.0
1929432633.0
1937487414.0
1947112521.0
1955439109.0
1964085284.0
1972439124.0
1980434800.0
1989078144.0
1998136277.0
2006437383.0
2014553391.0
2025436671.0
2034163538.0
2042437393.0
2050437671.0
2059285932.0
2067445117.0
2075444687.0
2083439656.0
2091473909.0
2100115129.0
2108475693.0
2116549939.0
2124443334.0
2132444319.0
2141063242.0
2152258676.0
2160447591.0
2169099074.0
2178111552.0
2187116952.0
2195444248.0
2204176425.0
2212444971.0
2220445956.0
2228477024.0
2236448634.0
2244452451.0
2252446712.0
2261115537.0
2271134199.0
2279447693.0
2287451863.0
2296238189.0
2304449400.0
2312532494.0
2322112300.0
2330450213.0
2338478096.0
2346528984.0
2354451400.0
2363115978.0
2372099435.0
2380452921.0
2389123516.0
2398146611.0
2407110249.0
2416300039.0
2424454270.0
2433062576.0
2442117170.0
2451149821.0
2460130093.0
2469456141.0
2478126382.0
2487159387.0
2496195223.0
2505076044.0
2512897594.0
2521105620.0
2531141270.0
2539459365.0
2548510066.0
2558207726.0
2567142696.0
2575461144.0
2586034747.0
2595171803.0
2603461938.0
2612521487.0
2622165352.0
2630496541.0
2640256490.0
2648492830.0
2657464962.0
2667177486.0
2676159527.0
2685077510.0
2694174927.0
2703170064.0
2711467631.0
2721467535.0
2731172981.0
2741471237.0
2750468851.0
2759152187.0
2767476297.0
2775469497.0
2784239188.0
2792470219.0
2801090204.0
2809160203.0
2818211258.0
2828119144.0
2836473692.0
2844484233.0
2853090769.0
2861086445.0
2869140164.0
2877474539.0
2886140179.0
2895156904.0
2903474998.0
2912191248.0
2921096135.0
2928902113.0
2937119341.0
2945494770.0
2954478227.0
2964175179.0
2972478055.0
2983087049.0
2991481235.0
3000479557.0
3010169784.0
3018509821.0
3028339138.0
3036511065.0
3045481073.0
3055169177.0
3064269073.0
3072483824.0
3081488515.0
3092176433.0
3100487449.0
3109539212.0
3119353310.0
3128587340.0
3137486211.0
3147193780.0
3156363043.0
3164486130.0
3173487282.0
3185534239.0
3194487966.0
3203488057.0
3213137939.0
3221494256.0
3231220937.0
3239489837.0
3257033467.0
3266235644.0
3275183001.0
3284340939.0
3294217681.0
3303346597.0
3311493042.0
3320494195.0
3329493932.0
3338494377.0
3348239107.0
3356562510.0
3365495711.0
3375222038.0
3384581708.0
3393496151.0
3403217878.0
3412416870.0
3420537833.0
3430027744.0
3439221427.0
3447499529.0
3457329907.0
3465499710.0
3474500509.0
3487096390.0
3498501696.0
3507581772.0
3517330749.0
3525504800.0
3535213431.0
3543507459.0
3552504011.0
3562583546.0
3571511085.0
3581188925.0
3590505417.0
3599505508.0
3609289878.0
3618602477.0
3627506656.0
3636536122.0
3645514978.0
3655234227.0
3665212189.0
3673998514.0
3683457989.0
3693152109.0
3702190423.0
3711195469.0
3720288640.0
3729149996.0
3738218393.0
3747274402.0
3756198047.0
3765134080.0
3773021458.0
3782970398.0
3794083723.0
3803142564.0
3811978438.0
3821437205.0
3831205648.0
3841215816.0
3849524354.0
3858206628.0
3867254498.0
3876201856.0
3885154522.0
3894209116.0
3903224779.0
3912197265.0
3921223899.0
3930232130.0
3939217357.0
3950258129.0
3959205840.0
3968257603.0
3977193989.0
3985534026.0
3994284960.0
4003197634.0
4012299299.0
4021417598.0
4030196845.0
4039199767.0
4048455032.0
4057238880.0
4066202871.0
4075197300.0
4084132624.0
4095183660.0
4114308941.0
4122608632.0
4131528738.0
4141323017.0
4150350360.0
4158557324.0
4168464856.0
4177463886.0
4186222960.0
4195531312.0
4205304356.0
4213532555.0
4222548219.0
4233307981.0
4242365053.0
4252534483.0
4262404146.0
4271614110.0
4280535277.0
4291348127.0
4299535980.0
4309340877.0
4318354417.0
4326568106.0
4335552978.0
4344538205.0
4354359382.0
4362541572.0
4372453705.0
4381332757.0
4390539889.0
4400464055.0
4408546087.0
4418440171.0
4427359569.0
4435565118.0
4444542558.0
4454440181.0
4462543448.0
4472342682.0
4480548231.0
4489566017.0
4499354988.0
4509325163.0
4517967091.0
4527064509.0
4535971166.0
4546910364.0
4556035388.0
4565061668.0
4574080871.0
4584125369.0
4592985309.0
4601940452.0
4611066184.0
4620007878.0
4628956651.0
4637972315.0
4647076457.0
4656301639.0
4664937196.0
4674572921.0
4684483284.0
4692976213.0
4702139813.0
4710914460.0
4720218565.0
4729005244.0
4737991886.0
4747064884.0
4756138943.0
4764981896.0
4773959336.0
4784032501.0
4791566671.0
4800579857.0
4809558005.0
4818262929.0
4826558727.0
4834559005.0
4842560344.0
4852560248.0
4860560172.0
4868560449.0
4876561435.0
4885057903.0
4894232828.0
4902562248.0
4910562525.0
4918566696.0
4927072720.0
4934575391.0
4942563989.0
4951234584.0
4959566127.0
4968564802.0
4976566142.0
4987084533.0
4995261061.0
5003566061.0
5011566692.0
5019568031.0
5028008934.0
5037191646.0
5045199710.0
5053577262.0
5061568692.0
5069577109.0
5077598622.0
5086246566.0
5094572800.0
5102570954.0
5111060344.0
5120303221.0
5129019472.0
5140572715.0
5149224552.0
5157604935.0
5166267036.0
5174574513.0
5183175740.0
5191290687.0
5199577283.0
5208581267.0
5216576235.0
5225118005.0
5234316997.0
5242576695.0
5250577326.0
5267255277.0
5275606285.0
5284089305.0
5293241579.0
5301590818.0
5309580124.0
5317580048.0
5325610762.0
5334267554.0
5342582110.0
5351065483.0
5360333134.0
5368585754.0
5376583200.0
5385208848.0
5393249472.0
5401583846.0
5409584124.0
5417585463.0
5427601294.0
5436053522.0
5443608927.0
5452135478.0
5461240682.0
5469586736.0
5477587367.0
5485614896.0
5493590753.0
5501588199.0
5509588477.0
5518259780.0
5526589907.0
5535091330.0
5544593628.0
5553227062.0
5561617001.0
5569591797.0
5577591366.0
5585621019.0
5594130228.0
5603286750.0
5611592811.0
5619595212.0
5628142290.0
5636594519.0
5644594796.0
5652601798.0
5660595351.0
5669054658.0
5678406896.0
5686595810.0
5694596796.0
5703076630.0
5710596997.0
5718597628.0
5726598613.0
5735065706.0
5744368396.0
5752608275.0
5760599704.0
5768599982.0
5777174311.0
5787293839.0
5796056453.0
5803605133.0
5811603641.0
5820079582.0
5829225486.0
5837223994.0
5844603502.0
5853022463.0
5861040790.0
5870343126.0
5879268894.0
5888328089.0
5896605483.0
5904606468.0
5912611347.0
5920607377.0
5929113755.0
5937077933.0
5946327889.0
5954608114.0
5962608037.0
5970611854.0
5979140175.0
5988292804.0
5996609482.0
6004610821.0
6013046770.0
6022274075.0
6031340348.0
6040358135.0
6048613232.0
6057613677.0
6066064136.0
6074098390.0
6083199347.0
6091277132.0
6099615045.0
6108068690.0
6117272636.0
6126069225.0
6134230535.0
6143622411.0
6151623750.0
6160260369.0
6169263292.0
6178280017.0
6186618284.0
6194618562.0
6202620609.0
6210621594.0
6218620102.0
6227064544.0
6236303175.0
6244620915.0
6252630748.0
6261233391.0
6268859579.0
6276625210.0
6286167147.0
6295288631.0
6304200243.0
6312623804.0
6321240958.0
6329243005.0
6337274427.0
6346069955.0
6354099607.0
6361626345.0
6370093791.0
6379285705.0
6388373921.0
6396630788.0
6404627880.0
6412628158.0
6420628081.0
6429048811.0
6437105715.0
6446377260.0
6455298782.0
6463635633.0
6471632018.0
6479635834.0
6488291919.0
6496632310.0
6504632587.0
6513072075.0
6522083845.0
6530343543.0
6538637925.0
6546633955.0
6554637064.0
6562637696.0
6571066920.0
6580443578.0
6589292192.0
6597635769.0
6606218946.0
6616171426.0
6624637103.0
6633261689.0
6641011394.0
6649279232.0
6658319669.0
6667302418.0
6676421071.0
6685038579.0
6693253683.0
6701098238.0
6709037996.0
6720499220.0
6729423927.0
6738207421.0
6747503740.0
6756102136.0
6765458975.0
6774510030.0
6782997650.0
6792060738.0
6801432087.0
6810087110.0
6819580206.0
6828064641.0
6837017307.0
6846519251.0
6855503062.0
6864165163.0
6874095346.0
6882987138.0
6892571545.0
6901462630.0
6910064919.0
6919565448.0
6928233919.0
6937466887.0
6946512633.0
6955083424.0
6964155713.0
6973467251.0
6983397080.0
6992581915.0
7001025650.0
7010124837.0
7019477075.0
7030118983.0
7039071296.0
7048608277.0
7057474588.0
7066119347.0
7075071305.0
7085448485.0
7094120141.0
7103064667.0
7112479548.0
7121446017.0
7130139617.0
7141057934.0
7150085984.0
7159074396.0
7168477243.0
7178562796.0
7187347706.0
7197344779.0
7207520226.0
7216944308.0
7225057485.0
7234519083.0
7246087190.0
7255077018.0
7274518701.0
7284033386.0
7293059313.0
7302070375.0
7311212740.0
7320209292.0
7329114887.0
7340208039.0
7349201760.0
7358087536.0
7367097890.0
7375076933.0
7385446680.0
7394540912.0
7403234866.0
7412062599.0
7421525259.0
7430532074.0
7439066411.0
7448515622.0
7457480321.0
7466120480.0
7475075623.0
7486488007.0
7497068689.0
7506082228.0
7515509496.0
7524080641.0
7533444204.0
7542091086.0
7552217693.0
7561624433.0
7570486497.0
7579072506.0
7589154519.0
7598572231.0
7607103383.0
7616126125.0
7625448987.0
7634129138.0
7643078973.0
7654527456.0
7663081967.0
7672567631.0
7681060560.0
7691073913.0
7700479592.0
7709449954.0
7718123026.0
7727097635.0
7736481372.0
7745058179.0
7754127991.0
7763489785.0
7772066238.0
7781460945.0
7791085345.0
7802153722.0
7811492865.0
7820475260.0
7829033664.0
7838534546.0
7847509155.0
7856152852.0
7865029780.0
7874544820.0
7883248329.0
7893050040.0
7902508099.0
7911505358.0
7920168521.0
7929036247.0
7937310810.0
7946131111.0
7954119002.0
7962122464.0
7970132298.0
7978165135.0
7988350492.0
7997043384.0
8005059233.0
8013037568.0
8021035368.0
8029066436.0
8037017873.0
8046335073.0
8055347197.0
8064195458.0
8073041242.0
8081037980.0
8089338378.0
8098147355.0
8106086758.0
8114152510.0
8123435381.0
8134420942.0
8143246552.0
8152242396.0
8161228684.0
8170248594.0
8190328742.0
8199218411.0
8207342206.0
8216338404.0
8230496116.0
8239285627.0
8248557526.0
8258444531.0
8267348003.0
8276341369.0
8285320579.0
8294403133.0
8303344120.0
8312341379.0
8321304663.0
8330402789.0
8339345545.0
8349640262.0
8359199187.0
8367372883.0
8376353863.0
8386444016.0
8395128767.0
8404249190.0
8413117270.0
8422063566.0
8431126300.0
8440246722.0
8449243982.0
8458106399.0
8467122417.0
8476233991.0
8485118352.0
8494081989.0
8504018896.0
8513218242.0
8521475463.0
8530088369.0
8541448728.0
8550564904.0
8559098179.0
8568114550.0
8577456524.0
8587493590.0
8596167016.0
8605480323.0
8614498110.0
8623083057.0
8632163841.0
8640400534.0
8649066174.0
8657043447.0
8665064960.0
8674570797.0
8683279969.0
8691357754.0
8700088161.0
8708072512.0
8716153128.0
8724099257.0
8732071929.0
8741296403.0
8750144309.0
8758088668.0
8766096378.0
8774156821.0
8783300248.0
8792080557.0
8800233726.0
8809097560.0
8816896813.0
8825041134.0
8834404697.0
8843086617.0
8851081940.0
8859128226.0
8867081787.0
8875082418.0
8883192410.0
8892334775.0
8901036869.0
8909070414.0
8917062198.0
8925061060.0
8933048950.0
8941066215.0
8950083648.0
8959334666.0
8968169124.0
8976178603.0
8985291594.0
8993350975.0
9002156058.0
9010111742.0
9018224565.0
9027103263.0
9035096816.0
9043111604.0
9052420664.0
9061067192.0
9069038802.0
9077046866.0
9085328861.0
9094375669.0
9103340014.0
9113048646.0
9122550236.0
9131498301.0
9140141291.0
9149460968.0
9159211715.0
9168231626.0
9177074932.0
9186492644.0
9205441321.0
9214364966.0
9223361164.0
9232542814.0
9243393887.0
9252361772.0
9261307360.0
9270396284.0
9287468497.0
9296449123.0
9305325697.0
9314407543.0
9323377551.0
9332346497.0
9341310842.0
9350401890.0
9359355264.0
9368439233.0
9377317931.0
9386281922.0
9394504459.0
9403995078.0
9413170711.0
9422160539.0
9431116744.0
9440175585.0
9449239735.0
9460565410.0
9469330854.0
9478105500.0
9487127534.0
9496236631.0
9505183281.0
9514420496.0
9523131791.0
9532252568.0
9541266815.0
9552410931.0
9561184162.0
9570093296.0
9579238493.0
9588472876.0
9597002612.0
9605473952.0
9614141716.0
9623088366.0
9632551379.0
9641050325.0
9650153405.0
9659501396.0
9668520952.0
9677047149.0
9687142257.0
9696155443.0
9705463441.0
9714515204.0
9723105814.0
9732508307.0
9741045476.0
9750521938.0
9760959991.0
9769072460.0
9778135902.0
9788130144.0
9797048834.0
9806136696.0
9815502383.0
9824556977.0
9833050259.0
9842580163.0
9852949556.0
9862505296.0
9871512111.0
9880172796.0
9890160314.0
9899498395.0
9908107762.0
9917046625.0
9926548924.0
9935496281.0
9944087953.0
9953472751.0
9962547872.0
9971090349.0
9980083362.0
9990112641.0
9999532831.0
10010563693.0
10019091306.0
10028104138.0
10037461330.0
10046549193.0
10055486640.0
10064142371.0
10073101407.0
10084309582.0
10093129530.0
10102442129.0
10111143160.0
10120305345.0
10129276769.0
10138100255.0
10147175377.0
10156262177.0
10165129195.0
10174291734.0
10184292346.0
10193284297.0
10203515309.0
10213360906.0
10228543914.0
10239261915.0
10248104867.0
10256183360.0
10266124160.0
10276376761.0
10285346769.0
10295507705.0
10304146448.0
10315511407.0
10324604224.0
10333079811.0
10342094059.0
10351507878.0
10360174934.0
10369125123.0
10378511690.0
10388101760.0
10397057257.0
10406139457.0
10415089645.0
10424503111.0
10433465332.0
10442142298.0
10451541252.0
10461139816.0
10470553281.0
10479565759.0
10489113005.0
10498133269.0
10507506741.0
10516180168.0
10525339875.0
10535503642.0
10544592566.0
10553172205.0
10564239875.0
10573512481.0
10583008763.0
10592567334.0
10601062386.0
10611016635.0
10620103436.0
10628087079.0
10636430301.0
10645341559.0
10654393676.0
10663351297.0
10672512066.0
10681336968.0
10691348906.0
10700361738.0
10709302017.0
10717077558.0
10725308235.0
10733063248.0
10741335687.0
10750388512.0
10760079447.0
10768270840.0
10777093618.0
10787090692.0
10796098215.0
10805058313.0
10814569105.0
10823504783.0
10832173255.0
10841058323.0
10850590350.0
10859098144.0
10868089033.0
10877468168.0
10887141054.0
10896153886.0
10905460822.0
10914113013.0
10923527186.0
10932514536.0
10941055952.0
10950547632.0
10959111699.0
10968514546.0
10977054900.0
10987088073.0
10996220882.0
11005079407.0
11014508444.0
11024225569.0
11033282287.0
11042177619.0
11051161429.0
11061420755.0
11070124618.0
11079461283.0
11088549145.0
11097088437.0
11106157188.0
11115221338.0
11124205148.0
11133082784.0
11142100571.0
11151238689.0
11160161273.0
11169139775.0
11178098104.0
11187538112.0
11197489884.0
11206374952.0
11218217345.0
11226393519.0
11243323104.0
11252225160.0
11260486628.0
11269357186.0
11278380281.0
11296524861.0
11305364274.0
11314418868.0
11323185374.0
11332270405.0
11341126806.0
11350123712.0
11359174413.0
11368332704.0
11377397562.0
11386500996.0
11395393143.0
11404258038.0
11413131073.0
11422080200.0
11431147181.0
11440383688.0
11449201866.0
11458125511.0
11467277432.0
11476285309.0
11488622830.0
11497140887.0
11506437206.0
11517004793.0
11526114244.0
11535288461.0
11544134599.0
11553141768.0
11562320233.0
11571398539.0
11580304842.0
11590133451.0
11599184152.0
11608267768.0
11617228220.0
11626136293.0
11635151602.0
11644577454.0
11653138335.0
11662097018.0
11673402519.0
11683050985.0
11692312266.0
11701171144.0
11710127704.0
11719144783.0
11728354392.0
11737168677.0
11746124882.0
11755151871.0
11764540208.0
11773135419.0
11783047552.0
11792188856.0
11801219383.0
11810207087.0
11821083642.0
11830165488.0
11838115509.0
11847118078.0
11856601264.0
11865115074.0
11874528539.0
11883378570.0
11893124362.0
11902520132.0
11911519161.0
11920299116.0
11929086503.0
11938518726.0
11947103673.0
11956188704.0
11967664085.0
11977111173.0
11986357589.0
11996509678.0
12005476855.0
12014153820.0
12023115334.0
12032576224.0
12041473679.0
12050605427.0
12059104373.0
12068516422.0
12077065624.0
12087148698.0
12096594016.0
12105169407.0
12114142955.0
12123137737.0
12131359920.0
12140375937.0
12149312323.0
12157090341.0
12165307569.0
12173086295.0
12181346701.0
12191382351.0
12200391998.0
12209318474.0
12218429695.0
12227354048.0
12236349184.0
12245326270.0
12254410947.0
12263371046.0
12272444397.0
12281342560.0
12291157367.0
12300486600.0
12309063407.0
12317316734.0
12325112448.0
12333482214.0
12342116356.0
12351576892.0
12360114060.0
12369478685.0
12378548497.0
12387383663.0
12397516640.0
12407107418.0
12419087838.0
12428525369.0
12437068554.0
12446580762.0
12455565281.0
12464199776.0
12473069980.0
12482650139.0
12491547595.0
12501098025.0
12510534141.0
12519538833.0
12528206951.0
12537062998.0
12546541229.0
12555121222.0
12564177585.0
12575602711.0
12585102885.0
12594123150.0
12603551125.0
12612535998.0
12621092278.0
12630123159.0
12639621918.0
12649098735.0
12658127493.0
12667606432.0
12677079002.0
12687146858.0
12696132085.0
12705089352.0
12714537854.0
12723565905.0
12732138111.0
12741108119.0
12750547066.0
12759128828.0
12768188023.0
12780133405.0
12789312578.0
12799525540.0
12808194011.0
12817102438.0
12826548463.0
12835114299.0
12844613058.0
12853094662.0
12862113156.0
12871576878.0
12880982557.0
12889345952.0
12899525292.0
12909092711.0
12918120053.0
12927228443.0
12936146779.0
12945199958.0
12954205357.0
12963228099.0
12972173687.0
12981122460.0
12990460187.0
12999259253.0
13008256867.0
13019014152.0
13028138468.0
13037197663.0
13046215803.0
13054124417.0
13063128755.0
13073504872.0
13083578037.0
13092146350.0
13101103263.0
13110537256.0
13119157241.0
13128116277.0
13137482672.0
13146140879.0
13155543019.0
13164124073.0
13175115651.0
13185091843.0
13194538223.0
13203161393.0
13212531680.0
13221475144.0
13230133352.0
13239151847.0
13248632202.0
13257073105.0
13266545675.0
13275141593.0
13285365173.0
13304129106.0
13313078941.0
13322170696.0
13332170954.0
13341983991.0
13350124773.0
13359545671.0
13368121416.0
13377481086.0
13387129552.0
13396199364.0
13405539215.0
13414123100.0
13423137348.0
13431420050.0
13440179478.0
13448148257.0
13456288331.0
13465105094.0
13473078828.0
13483120848.0
13491285343.0
13499365251.0
13508123264.0
13517343844.0
13526170870.0
13534367571.0
13543120275.0
13551129754.0
13559116229.0
13567120753.0
13575158546.0
13584305512.0
13593079097.0
13601076543.0
13609356414.0
13619270317.0
13627371460.0
13636206626.0
13644128688.0
13652384493.0
13661078447.0
13669101375.0
13677207827.0
13686127933.0
13694430809.0
13703152722.0
13711116546.0
13719131334.0
13727119932.0
13735123749.0
13743238695.0
13752124471.0
13760150938.0
13768463016.0
13777126179.0
13786411172.0
13795129900.0
13803165569.0
13811128331.0
13819119407.0
13827157553.0
13836371056.0
13845074211.0
13853106695.0
13861101664.0
13869074690.0
13877362347.0
13886245646.0
13895369253.0
13905248472.0
13913386777.0
13922169564.0
13930121001.0
13938128710.0
13946191277.0
13954161472.0
13962138391.0
13970170521.0
13979369159.0
13988359694.0
13997077360.0
14005100995.0
14013107997.0
14021084562.0
14029103597.0
14037075916.0
14045209973.0
14054432324.0
14063144681.0
14071104966.0
14079345906.0
14088380327.0
14097080297.0
14105079159.0
14113137832.0
14121077944.0
14129234299.0
14138445324.0
14147370031.0
14156113886.0
14164215384.0
14172126120.0
14180126752.0
14188464311.0
14197108716.0
14205086697.0
14213153865.0
14222416562.0
14231368166.0
14240179266.0
14248244664.0
14256215212.0
14264151077.0
14272278410.0
14281376890.0
14291127284.0
14299125792.0
14307144119.0
14315154660.0
14324404262.0
14333091845.0
14341494525.0
14350126189.0
14358138500.0
14366184786.0
14375374930.0
14384488982.0
14393110383.0
14401106767.0
14409076254.0
14417082194.0
14425167057.0
14433085580.0
14441138591.0
14450425000.0
14459121431.0
14467122771.0
14477083390.0
14485386620.0
14494168345.0
14502135354.0
14510186949.0
14520054135.0
14528239865.0
14536255715.0
14544214230.0
14553380662.0
14562129472.0
14570173281.0
14578128257.0
14586386894.0
14595153754.0
14603154385.0
14611685537.0
14620482480.0
14629402586.0
14638134408.0
14646202284.0
14654240430.0
14662126747.0
14670139765.0
14678228522.0
14687125977.0
14695446549.0
14704333386.0
14713113341.0
14721082828.0
14729083106.0
14737132224.0
14745098879.0
14753262666.0
14761119607.0
14769094403.0
14777435855.0
14786440901.0
14795133085.0
14804150518.0
14812217686.0
14820146118.0
14829392889.0
14838136390.0
14846173829.0
14854420078.0
14863124649.0
14871155717.0
14879374715.0
14888267923.0
14897060619.0
14905407735.0
14914165039.0
14922130279.0
14930178689.0
14938153484.0
14946135358.0
14954243580.0
14962215898.0
14971400026.0
14980121585.0
14988406765.0
14997084438.0
15005086131.0
15013135603.0
15022520755.0
15031404053.0
15040274611.0
15050427761.0
15059128793.0
15067144996.0
15075175357.0
15083305875.0
15091408789.0
15100215287.0
15108141242.0
15116405895.0
15125092417.0
15133114283.0
15141085185.0
15149087586.0
15157113700.0
15165088141.0
15173240603.0
15184236074.0
15193118310.0
15201111156.0
15209109664.0
15217117727.0
15225087922.0
15233093862.0
15241115728.0
15249100080.0
15259131129.0
15267440021.0
15276343847.0
15285097258.0
15293023567.0
15309219838.0
15318419184.0
15327162685.0
15335135711.0
15343139882.0
15351165287.0
15359552041.0
15368127787.0
15376334397.0
15385118245.0
15393451558.0
15402137371.0
15410440601.0
15419116859.0
15427132355.0
15435439477.0
15444426473.0
15453448861.0
15462426655.0
15471429932.0
15480438517.0
15489279345.0
15498150611.0
15506230873.0
15516159640.0
15525504446.0
15534144604.0
15543587798.0
15552329176.0
15561422701.0
15571545061.0
15580633985.0
15589435175.0
15599547624.0
15608538160.0
15617479146.0
15627605045.0
15636203795.0
15647430373.0
15657090164.0
15666561318.0
15675149804.0
15685153248.0
15694159001.0
15703167232.0
15713105555.0
15722185631.0
15731561581.0
15741097502.0
15750158112.0
15759566623.0
15769124132.0
15778564141.0
15787434698.0
15797095551.0
15806645274.0
15815546622.0
15824217217.0
15833543265.0
15842600336.0
15851136797.0
15860125916.0
15869099464.0
15877446933.0
15886518869.0
15895142039.0
15903178416.0
15912143469.0
15920215946.0
15928219054.0
15936386027.0
15946441850.0
15955168009.0
15963189876.0
15971132465.0
15979134158.0
15987613284.0
15996452343.0
16005092855.0
16013137018.0
16021162070.0
16030055632.0
16038146866.0
16046186782.0
16054142466.0
16062150176.0
16070187261.0
16078143299.0
16086311332.0
16096549069.0
16105124460.0
16113098194.0
16121094932.0
16129122461.0
16137093718.0
16145249718.0
16153458452.0
16162450757.0
16171134801.0
16179162330.0
16187454588.0
16196133677.0
16204256764.0
16212188027.0
16223455660.0
16233106957.0
16242563954.0
16251644384.0
16260143329.0
16269532374.0
16278566087.0
16288604568.0
16298640572.0
16307139518.0
16316545197.0
16325514851.0
16334223315.0
16344183581.0
16353513876.0
16362142354.0
16373444671.0
16384346000.0
16393148252.0
16402557470.0
16411161175.0
16420221785.0
16429529430.0
16438550755.0
16447166493.0
16456634108.0
16465609778.0
16474165351.0
16483142083.0
16492637303.0
16502187734.0
16511546342.0
16522144365.0
16531141978.0
16540635075.0
16549119510.0
16558557749.0
16567139157.0
16576284707.0
16586289213.0
16595175697.0
16604549523.0
16613118898.0
16622188356.0
16631605361.0
16640610761.0
16649098027.0
16658619790.0
16671170723.0
16680163382.0
16690187707.0
16699557994.0
16708224696.0
16717162852.0
16726980843.0
16735640820.0
16744238862.0
16753620829.0
16762557923.0
16771153488.0
16780229671.0
16790244439.0
16799139417.0
16807480162.0
16818485189.0
16828232751.0
16838620902.0
16848270429.0
16857102056.0
16866567547.0
16875196379.0
16885203716.0
16894145057.0
16903194696.0
16912959600.0
16921536053.0
16930145775.0
16939555347.0
16948267704.0
16957550220.0
16968574358.0
16977101263.0
16987271401.0
16996650890.0
17005153021.0
17014145680.0
17023560561.0
17032223016.0
17041544462.0
17050144274.0
17059147904.0
17068641354.0
17077547304.0
17086162334.0
17097543573.0
17106702927.0
17117107004.0
17126629121.0
17135172306.0
17144555334.0
17153540915.0
17162194168.0
17171157451.0
17180550743.0
17189224170.0
17198648606.0
17207147552.0
17216206747.0
17225575618.0
17234629151.0
17243498293.0
17253543498.0
17262578273.0
17271168883.0
17280382739.0
17290500852.0
17299502005.0
17316150934.0
17324150150.0
17332505405.0
17341513282.0
17350504525.0
17359505324.0
17368511078.0
17377523910.0
17386150265.0
17394214248.0
17402531988.0
17411508367.0
17422513393.0
17431507114.0
17440521361.0
17449518267.0
17458509510.0
17467506770.0
17476510754.0
17485517569.0
17494514121.0
17503566238.0
17512118270.0
17520225431.0
17528513442.0
17537512471.0
17546519641.0
17555511591.0
17564515222.0
17573545041.0
17583443018.0
17592152898.0
17600515231.0
17609516738.0
17618596460.0
17627538863.0
17636538600.0
17645540106.0
17654540551.0
17663562585.0
17672536486.0
17681539055.0
17691301127.0
17699543130.0
17708570826.0
17717549328.0
17726596136.0
17735278764.0
17743579870.0
17753246740.0
17761533689.0
17770150135.0
17778170586.0
17786549200.0
17795153966.0
17803174771.0
17811184250.0
17819241154.0
17828531456.0
17837291592.0
17845194543.0
17853560062.0
17862158458.0
17870200497.0
17878260940.0
17887149548.0
17895532763.0
17904227778.0
17912140992.0
17920270803.0
17928161012.0
17936328692.0
17946325411.0
17954243580.0
17962155732.0
17970160257.0
17978221408.0
17986534547.0
17995170459.0
18003222762.0
18011584388.0
18020169689.0
18028231902.0
18036158211.0
18044148932.0
18052235211.0
18060156920.0
18068305488.0
18077541287.0
18086545625.0
18095613314.0
18104154729.0
18112511755.0
18121171732.0
18129210232.0
18137218650.0
18145173980.0
18153195139.0
18161581539.0
18170543407.0
18179156667.0
18187539174.0
18196671276.0
18205239235.0
18213252608.0
18221229173.0
18230546019.0
18239542217.0
18248180251.0
18256300860.0
18264164880.0
18272176837.0
18280265947.0
18288238265.0
18296202089.0
18307546875.0
18316235166.0
18324165014.0
18332178387.0
18340238830.0
18348208317.0
18356179573.0
18364556771.0
18373275499.0
18381549000.0
18391184370.0
18400553950.0
18409623762.0
18418187828.0
18426327549.0
18434586185.0
18443551239.0
18452240945.0
18460237683.0
18468189474.0
18476240716.0
18484275677.0
18492214727.0
18500270923.0
18509572197.0
18519125813.0
18527557868.0
18536555482.0
18545215105.0
18553265639.0
18561212829.0
18569243543.0
18577259393.0
18585281967.0
18594594566.0
18603562097.0
18612196592.0
18620242879.0
18628239617.0
18636193178.0
18644280165.0
18652367859.0
18661570390.0
18670250541.0
18678193484.0
18686567143.0
18695255080.0
18703255004.0
18711338097.0
18719566297.0
18728564264.0
18737214686.0
18745282208.0
18753215241.0
18761221181.0
18769253311.0
18777249695.0
18785423746.0
18794600795.0
18803566910.0
18812242460.0
18820236367.0
18828265311.0
18836244708.0
18844275422.0
18852202793.0
18860292965.0
18869569818.0
18878202898.0
18886571249.0
18895257062.0
18903186556.0
18911253370.0
18919259310.0
18927284362.0
18935576620.0
18944274113.0
18952241830.0
18960214148.0
18968578251.0
18977225134.0
18985297256.0
18994604900.0
19003601098.0
19012245149.0
19020268785.0
19028595020.0
19037223145.0
19045346585.0
19054608574.0
19063258288.0
19071276969.0
19079253888.0
19087581184.0
19096247178.0
19104242147.0
19112318870.0
19120276324.0
19130586259.0
19140298429.0
19148581132.0
19157585470.0
19166225982.0
19174297751.0
19183062487.0
19191241139.0
19199260881.0
19207588177.0
19216281777.0
19224301166.0
19232263574.0
19240246510.0
19248236878.0
19256438887.0
19264328389.0
19274261049.0
19283106479.0
19291280529.0
19299371763.0
19308599776.0
19325594482.0
19334213051.0
19342286589.0
19350267755.0
19358207867.0
19366262294.0
19374275666.0
19383155426.0
19393199924.0
19407607147.0
19418622438.0
19427260118.0
19435599802.0
19444256240.0
19452300757.0
19460326162.0
19469598769.0
19478209906.0
19486603384.0
19495601352.0
19504283980.0
19512302307.0
19520235694.0
19530602610.0
19539307535.0
19547262865.0
19555260311.0
19563376319.0
19572157690.0
19581719092.0
19591261383.0
19599254582.0
19607282819.0
19615304331.0
19623329029.0
19632276740.0
19640606514.0
19649220836.0
19657249780.0
19665222099.0
19673243257.0
19681616208.0
19691260781.0
19699278400.0
19707294958.0
19715295943.0
19723645890.0
19732249949.0
19740285618.0
19748297928.0
19756256444.0
19764616300.0
19773252565.0
19781229838.0
19789251350.0
19797221545.0
19805268893.0
19813337477.0
19822679451.0
19831260859.0
19842273318.0
19850315357.0
19858615048.0
19867259453.0
19875628511.0
19884305477.0
19892622863.0
19901226214.0
19909628894.0
19918272591.0
19926623954.0
19935286055.0
19943290579.0
19952672546.0
19961612825.0
19971717489.0
19980688558.0
19989625652.0
20000010618.0
