4588525.0
28882400.0
38198538.0
48088729.0
60553660.0
70278218.0
78553488.0
88379620.0
97259025.0
106580472.0
116511363.0
127080011.0
148387186.0
157557511.0
167398507.0
177201280.0
186558119.0
197004311.0
205559884.0
214558913.0
224254449.0
233227643.0
241563787.0
250560338.0
260298699.0
269227299.0
278592631.0
289296121.0
297571038.0
307278253.0
316173939.0
324563878.0
334541486.0
344256842.0
355274609.0
363607214.0
373217811.0
383273634.0
392264169.0
401194893.0
411348751.0
421260884.0
429586410.0
439320878.0
447575267.0
457542965.0
467282033.0
476034383.0
485244700.0
493571996.0
505267513.0
514157536.0
524009150.0
533242472.0
544408884.0
552574087.0
561574531.0
571388276.0
580363947.0
591226699.0
600583184.0
610304202.0
619134767.0
628367027.0
637229445.0
646284393.0
666161747.0
675289601.0
683609819.0
695071044.0
704247385.0
712588130.0
722280481.0
733205523.0
742284891.0
750589536.0
760444335.0
768610246.0
783221325.0
792594798.0
803272098.0
812270773.0
820593115.0
830351294.0
838593296.0
848275384.0
860863124.0
869428606.0
879294376.0
887595129.0
896595927.0
906314115.0
914597171.0
924598491.0
934286242.0
945151117.0
954278264.0
962599544.0
972283401.0
980599372.0
990281105.0
999338531.0
1007600706.0
1020053251.0
1029270292.0
1038338335.0
1046597679.0
1056409300.0
1065314896.0
1073596537.0
1082596981.0
1093346481.0
1102598206.0
1111598297.0
1121280738.0
1130334979.0
1138599632.0
1148029377.0
1157386215.0
1166545215.0
1176313304.0
1187281523.0
1196302849.0
1204610680.0
1214314357.0
1222614401.0
1232269591.0
1243204896.0
1252398580.0
1261137126.0
1270287986.0
1279288077.0
1289171543.0
1300248414.0
1311257688.0
1321274580.0
1329614971.0
1338615062.0
1348491804.0
1357124530.0
1366324229.0
1376317763.0
1385147621.0
1395315281.0
1404180884.0
1415378795.0
1426197308.0
1435164485.0
1444404531.0
1453140600.0
1462289336.0
1471434179.0
1486284506.0
1496391293.0
1505125593.0
1514321046.0
1523144178.0
1532304240.0
1543328024.0
1552342979.0
1561303078.0
1570148861.0
1579316001.0
1589124436.0
1598311749.0
1608299620.0
1618562131.0
1628307923.0
1637145567.0
1646358715.0
1655158843.0
1664289883.0
1673261661.0
1682331827.0
1691162746.0
1700144434.0
1711231923.0
1720429499.0
1729146103.0
1738310765.0
1747162919.0
1756533206.0
1766389775.0
1777204748.0
1787308704.0
1796327199.0
1805278095.0
1814179090.0
1823308360.0
1832297480.0
1843169080.0
1854533686.0
1864438387.0
1873296557.0
1883313096.0
1892298676.0
1901272577.0
1910226659.0
1919315937.0
1928179416.0
1937276480.0
1948430506.0
1958353610.0
1967178159.0
1976325125.0
1985167369.0
1995288667.0
2008440196.0
2017245279.0
2026315445.0
2035169015.0
2044448700.0
2053176275.0
2062318994.0
2073146001.0
2082347824.0
2091197501.0
2101154935.0
2110358882.0
2119167858.0
2128435864.0
2139229249.0
2149303475.0
2158414696.0
2168299224.0
2177166242.0
2186330550.0
2195083608.0
2204307728.0
2213150326.0
2222331268.0
2231163957.0
2240307384.0
2251209421.0
2260482381.0
2269304098.0
2278172179.0
2287195982.0
2296436382.0
2305160772.0
2314188115.0
2327304606.0
2336304343.0
2345144110.0
2354336377.0
2363317003.0
2372317802.0
2381597133.0
2392444313.0
2404415531.0
2414338281.0
2423165661.0
2432302010.0
2441133283.0
2450337583.0
2459181597.0
2469490117.0
2479331467.0
2500550163.0
2510396822.0
2521522180.0
2531321060.0
2540166844.0
2549301069.0
2558209142.0
2567355046.0
2576153405.0
2585434151.0
2597471552.0
2607368467.0
2616177443.0
2625312730.0
2634179040.0
2643455186.0
2664053821.0
2673283250.0
2682307407.0
2691190706.0
2701309172.0
2710366598.0
2719318910.0
2728445703.0
2737166908.0
2746321660.0
2755359266.0
2764309455.0
2773322995.0
2784213706.0
2793292013.0
2803182911.0
2812447731.0
2823205725.0
2833529816.0
2843322680.0
2852243847.0
2861280038.0
2870197666.0
2879326229.0
2888173074.0
2897142020.0
2908587319.0
2918365318.0
2927183142.0
2936308519.0
2945167044.0
2954353648.0
2963172180.0
2972309591.0
2985251955.0
2995304593.0
3004308931.0
3013332381.0
3022387682.0
3032305478.0
3041280087.0
3050197362.0
3059183650.0
3068313274.0
3079217081.0
3088446156.0
3097312820.0
3106410238.0
3115204350.0
3124438026.0
3133164893.0
3146258734.0
3156359504.0
3165147246.0
3174330665.0
3183192375.0
3193160781.0
3205230388.0
3214329575.0
3223174651.0
3232442302.0
3241157491.0
3250327461.0
3259175722.0
3268439481.0
3279236759.0
3289160217.0
3298350361.0
3307242862.0
3316479015.0
3325324798.0
3334211636.0
3343325334.0
3354232680.0
3363343547.0
3372182960.0
3381321078.0
3390250386.0
3399197389.0
3409207557.0
3418328334.0
3429177283.0
3438334867.0
3447194453.0
3457192234.0
3466405029.0
3475188523.0
3484456174.0
3493197199.0
3505220089.0
3523392982.0
3532302824.0
3541312117.0
3550186213.0
3559354769.0
3568296463.0
3577317435.0
3587551278.0
3597196559.0
3606216823.0
3615349279.0
3624209219.0
3633142420.0
3642331502.0
3651196397.0
3660378755.0
3671336003.0
3681146916.0
3690339537.0
3699349538.0
3708287339.0
3718331129.0
3727182929.0
3736476417.0
3747250690.0
3757323855.0
3766237945.0
3775179639.0
3784448707.0
3793171681.0
3804507266.0
3815475131.0
3824209785.0
3835180836.0
3844447780.0
3853343819.0
3863183046.0
3872168980.0
3881437693.0
3890214817.0
3899325684.0
3908172175.0
3917298260.0
3928371239.0
3938198786.0
3947334781.0
3956353629.0
3965154465.0
3974347087.0
3983182253.0
3992311877.0
4004228238.0
4012919006.0
4021531205.0
4031337871.0
4040168790.0
4049294167.0
4058209319.0
4068252755.0
4077292484.0
4088209740.0
4097233189.0
4106384756.0
4115186300.0
4124321587.0
4133170202.0
4142347959.0
4151178170.0
4160357343.0
4171232482.0
4180470051.0
4189176391.0
4198185684.0
4207333712.0
4216330618.0
4225319029.0
4234331861.0
4243181892.0
4252481042.0
4263343087.0
4273327065.0
4282185589.0
4291184264.0
4300458287.0
4309172767.0
4318337429.0
4327182505.0
4338197795.0
4347354671.0
4356242216.0
4365344589.0
4374331231.0
4383203912.0
4392337076.0
4401293635.0
4410322393.0
4423215563.0
4432459857.0
4441172568.0
4450481627.0
4459186906.0
4468452434.0
4477194874.0
4486221155.0
4496568605.0
4506370670.0
4515210437.0
4535431798.0
4544171406.0
4553295014.0
4564558754.0
4574353387.0
4583449743.0
4595308415.0
4604181450.0
4613317445.0
4622210654.0
4631187386.0
4640321257.0
4651079958.0
4660235065.0
4677279319.0
4687072890.0
4696521747.0
4705082627.0
4714417169.0
4723075023.0
4732198985.0
4741399039.0
4750077420.0
4759381879.0
4768204304.0
4777051857.0
4786381090.0
4796070963.0
4805062207.0
4814096981.0
4823384452.0
4832056817.0
4841032487.0
4850405252.0
4859126457.0
4869364901.0
4878143794.0
4887156980.0
4897613437.0
4907073265.0
4916626173.0
4926082462.0
4935426206.0
4947419367.0
4956113320.0
4966357427.0
4976371488.0
4985064733.0
4995484029.0
5005156207.0
5014080206.0
5023075342.0
5032213460.0
5041057828.0
5050098619.0
5059081368.0
5068197190.0
5077055714.0
5086100045.0
5095325934.0
5105066064.0
5114232142.0
5123086773.0
5132061382.0
5141035637.0
5150092709.0
5159071211.0
5168057499.0
5177032816.0
5186114662.0
5194971770.0
5204320469.0
5213350289.0
5223414960.0
5232395585.0
5241036805.0
5250399306.0
5259106355.0
5269366742.0
5278389483.0
5289037054.0
5299354776.0
5309348664.0
5318093581.0
5327399102.0
5336067927.0
5345066248.0
5354089344.0
5363074216.0
5372519180.0
5381034052.0
5390098909.0
5399323029.0
5408060868.0
5417050342.0
5426364710.0
5435352060.0
5444064417.0
5454378246.0
5463094850.0
5472081846.0
5481041236.0
5490092999.0
5499346140.0
5509085208.0
5518107596.0
5527076896.0
5536195903.0
5545102206.0
5554096634.0
5563090001.0
5572296779.0
5581062223.0
5590093813.0
5599447466.0
5608199462.0
5617070373.0
5626080020.0
5635104885.0
5644195225.0
5653055165.0
5662079676.0
5671085430.0
5680197358.0
5689117818.0
5698361050.0
5708070035.0
5717035796.0
5726099946.0
5735100037.0
5744064028.0
5753034744.0
5762093231.0
5771077396.0
5780066162.0
5789132435.0
5801330513.0
5810138782.0
5819115514.0
5828062872.0
5837048452.0
5846093136.0
5855104553.0
5864087656.0
5873042091.0
5882093146.0
5891080850.0
5900319835.0
5909038916.0
5918097757.0
5927121206.0
5936073519.0
5945074318.0
5954119710.0
5963116615.0
5972066450.0
5981043183.0
5990097777.0
5999325790.0
6008063275.0
6017099465.0
6026094248.0
6035117343.0
6044069655.0
6053059837.0
6062125048.0
6071081254.0
6080068957.0
6089044274.0
6098343424.0
6107077370.0
6116064366.0
6125072597.0
6134102771.0
6143079858.0
6152066854.0
6161127818.0
6170094995.0
6179082699.0
6188070403.0
6197319651.0
6206097482.0
6215114207.0
6224069705.0
6233038297.0
6242102447.0
6251080595.0
6260126341.0
6269079715.0
6278097856.0
6287085914.0
6296066540.0
6307090678.0
6316056085.0
6325352050.0
6334085288.0
6343099182.0
6352200139.0
6361067157.0
6370088483.0
6379329591.0
6388212890.0
6397320925.0
6406085662.0
6415108757.0
6424203344.0
6433064346.0
6442086733.0
6451085409.0
6460249363.0
6469104348.0
6478099838.0
6487110547.0
6496467385.0
6505068258.0
6514083922.0
6523090383.0
6532203373.0
6541077824.0
6550105167.0
6565146608.0
6574092196.0
6583100781.0
6592211294.0
6601324284.0
6610126182.0
6619085927.0
6628205287.0
6637095664.0
6648091135.0
6657075300.0
6666090255.0
6683333057.0
6692074435.0
6701056830.0
6710142215.0
6719088510.0
6728067720.0
6737041621.0
6746100108.0
6755103739.0
6764088965.0
6773041631.0
6782114983.0
6791091008.0
6800422010.0
6809303539.0
6818102606.0
6829073656.0
6838087196.0
6847086579.0
6856203109.0
6865095609.0
6874086852.0
6883085174.0
6892205950.0
6900943789.0
6911339372.0
6920358574.0
6929052882.0
6938100397.0
6947085624.0
6956075805.0
6965075188.0
6974100761.0
6983084572.0
6992077938.0
7001297104.0
7010148904.0
7019088829.0
7028656601.0
7038305421.0
7048207645.0
7057397081.0
7066491313.0
7076146857.0
7085081120.0
7095375129.0
7104095980.0
7113050062.0
7122417871.0
7131114302.0
7141071737.0
7151403261.0
7160426002.0
7171102241.0
7181368290.0
7190423946.0
7199339451.0
7209359175.0
7218097014.0
7227426955.0
7236401564.0
7245079237.0
7254411301.0
7263116934.0
7272404405.0
7281365211.0
7290096680.0
7299112343.0
7308412555.0
7317049882.0
7326658001.0
7336318146.0
7346133306.0
7355398834.0
7364377690.0
7373068458.0
7382104649.0
7391091998.0
7400630396.0
7410140126.0
7419419457.0
7429111101.0
7438092788.0
7447403971.0
7456551645.0
7465076427.0
7474431496.0
7483103506.0
7492517679.0
7501627484.0
7511098992.0
7520078202.0
7529366381.0
7538590501.0
7548371331.0
7557235164.0
7566220390.0
7575369834.0
7593266672.0
7603364258.0
7612337805.0
7621461767.0
7631570323.0
7641340182.0
7650361862.0
7659224634.0
7669348055.0
7678217905.0
7687239938.0
7696336294.0
7705345587.0
7714205881.0
7723355325.0
7732332411.0
7741343120.0
7752246572.0
7761311076.0
7770360362.0
7779228442.0
7789350093.0
7798365403.0
7807503167.0
7816336917.0
7825347626.0
7834361520.0
7847401919.0
7856196030.0
7865319992.0
7874227357.0
7883363352.0
7892216567.0
7901244618.0
7910302043.0
7921261415.0
7930369096.0
7939261597.0
7948489256.0
7957227449.0
7966398127.0
7975208873.0
7984477940.0
7999121580.0
8009350468.0
8018270574.0
8027357021.0
8036343309.0
8045180599.0
8054381714.0
8063216526.0
8072341549.0
8083254558.0
8092477616.0
8101352067.0
8110415155.0
8119214575.0
8128542747.0
8137196707.0
8146362431.0
8157639620.0
8167455134.0
8176333477.0
8185349848.0
8195125370.0
8204368247.0
8213172623.0
8222237480.0
8233270113.0
8242640400.0
8253326548.0
8262245592.0
8271250992.0
8281338668.0
8290353623.0
8299099956.0
8308240198.0
8317080319.0
8329118073.0
8339126471.0
8348085508.0
8357073212.0
8366117188.0
8375116926.0
8384327243.0
8393191430.0
8403113473.0
8412107193.0
8421086049.0
8430115869.0
8439140734.0
8448101894.0
8457058100.0
8466137822.0
8475110307.0
8484103674.0
8494958286.0
8503099068.0
8512217367.0
8521079431.0
8530113852.0
8539127392.0
8548217731.0
8557099968.0
8566097228.0
8575095549.0
8584214202.0
8593086175.0
8602953007.0
8612332142.0
8621082722.0
8630130238.0
8639133160.0
8648084411.0
8657056189.0
8668222247.0
8677100945.0
8694594319.0
8705062454.0
8714113509.0
8723405227.0
8732088209.0
8741076975.0
8750432752.0
8759405945.0
8768117594.0
8777378521.0
8786112821.0
8795661836.0
8805397719.0
8814109014.0
8823431523.0
8832108135.0
8841382865.0
8850428611.0
8859114070.0
8869103357.0
8878440730.0
8887104601.0
8896592388.0
8906431615.0
8915534341.0
8924119996.0
8933393665.0
8942136458.0
8951415082.0
8960444194.0
8969060639.0
8978146378.0
8987411906.0
8997343505.0
9007111240.0
9020191632.0
9029091211.0
9038123508.0
9047474684.0
9056407177.0
9065068570.0
9074432133.0
9083414882.0
9092096094.0
9101347820.0
9112232869.0
9121095640.0
9130108472.0
9139451154.0
9148927970.0
9158120238.0
9167428236.0
9176087506.0
9185391257.0
9195353646.0
9204110243.0
9213660319.0
9223216413.0
9232538921.0
9241394969.0
9250172446.0
9259506634.0
9268218991.0
9277178028.0
9286105212.0
9295182457.0
9304229265.0
9313089205.0
9322105222.0
9331107436.0
9340239538.0
9349136285.0
9358111248.0
9367107800.0
9376355279.0
9385098426.0
9395352443.0
9404103730.0
9413094620.0
9422438717.0
9431145765.0
9440417310.0
9449394397.0
9459147267.0
9469432075.0
9478419071.0
9487104176.0
9497078952.0
9506443931.0
9515109217.0
9524091612.0
9533389701.0
9542440048.0
9551432707.0
9560134446.0
9569095252.0
9578563221.0
9588422266.0
9597368208.0
9606377855.0
9615369806.0
9638617858.0
9648388779.0
9657182537.0
9666385776.0
9675239699.0
9685390726.0
9695146782.0
9706275679.0
9718388464.0
9727465709.0
9736345114.0
9745395815.0
9754221779.0
9763389273.0
9774278569.0
9783391205.0
9792230972.0
9801186115.0
9810425454.0
9819271591.0
9828249385.0
9837393874.0
9846225855.0
9855399719.0
9866294324.0
9878399676.0
9887230949.0
9896217237.0
9905404550.0
9914244317.0
9923397299.0
9934278809.0
9943396754.0
9952348359.0
9961408616.0
9970239888.0
9979481704.0
9988393670.0
9998612295.0
10008403035.0
10017251295.0
10026400739.0
10037189523.0
10046632009.0
10057415484.0
10066418761.0
10075109883.0
10084246939.0
10093406292.0
10103108199.0
10112409827.0
10122143586.0
10132235155.0
10141409019.0
10150114652.0
10159447424.0
10168225963.0
10177092274.0
10186111122.0
10195337012.0
10204239068.0
10213425319.0
10222114317.0
10231110515.0
10240271284.0
10249095125.0
10258118574.0
10267112295.0
10276225993.0
10285097966.0
10294177334.0
10303109120.0
10312385619.0
10321097268.0
10330150093.0
10339122578.0
10348231675.0
10357096570.0
10366110818.0
10377148759.0
10386403316.0
10395496840.0
10404117533.0
10413078339.0
10422118777.0
10431153552.0
10440152227.0
10449077288.0
10458125511.0
10467141882.0
10476317870.0
10485081191.0
10495025530.0
10504237263.0
10513120562.0
10522114636.0
10531122159.0
10540289653.0
10549097567.0
10558132696.0
10567120753.0
10576262411.0
10585102532.0
10595041916.0
10604100050.0
10613204900.0
10622134562.0
10631133945.0
10640137221.0
10649073961.0
10658126785.0
10667112720.0
10676114934.0
10685075740.0
10703420283.0
10712098664.0
10721077166.0
10730133529.0
10739138221.0
10748110353.0
10757092394.0
10766180256.0
10775135754.0
10784099038.0
10793073647.0
10802129656.0
10811120545.0
10820118159.0
10829115772.0
10838142053.0
10847125156.0
10856107551.0
10865078621.0
10874130384.0
10883113487.0
10892107915.0
10901424053.0
10910173218.0
10919177202.0
10928100847.0
10937078287.0
10946135359.0
10955114568.0
10964100149.0
10973079005.0
10982140323.0
10991119533.0
11000425054.0
11009103789.0
11018132193.0
11027113173.0
11036108309.0
11045101321.0
11054140697.0
11065102900.0
11074117855.0
11083124671.0
11092238015.0
11101440192.0
11110164936.0
11119141315.0
11128231300.0
11137101504.0
11146119645.0
11155116904.0
11164235557.0
11173118148.0
11182118947.0
11191115499.0
11200534272.0
11209127006.0
11218236457.0
11227568167.0
11236249734.0
11245278492.0
11254118259.0
11263118704.0
11272234525.0
11281099420.0
11290119684.0
11299144903.0
11308235597.0
11317107924.0
11326486705.0
11335122616.0
11344244455.0
11353099086.0
11362121474.0
11371119441.0
11380239864.0
11389154307.0
11400448483.0
11409108461.0
11418130848.0
11427141911.0
11436128553.0
11445115195.0
11454125903.0
11463139797.0
11472125731.0
11481080521.0
11490188556.0
11499591404.0
11509449388.0
11518128831.0
11527141663.0
11536561852.0
11545112824.0
11554470016.0
11563549738.0
11573079642.0
11582455592.0
11592454788.0
11601480008.0
11611556358.0
11620563527.0
11629110251.0
11638143964.0
11647432497.0
11656249967.0
11665401888.0
11674122385.0
11683119291.0
11692554345.0
11701499579.0
11711489574.0
11720110267.0
11729085583.0
11738460118.0
11747592927.0
11757477455.0
11766284662.0
11775527539.0
11784248036.0
11793476757.0
11803247678.0
11812507189.0
11823314731.0
11833488408.0
11842241112.0
11851577423.0
11860398786.0
11869489834.0
11878238998.0
11887481522.0
11899129260.0
11908563960.0
11917432748.0
11926127763.0
11935436823.0
11944279068.0
11953449746.0
11962438866.0
11971148391.0
11980244748.0
11989430291.0
11998476391.0
12008432056.0
12017142997.0
12026144150.0
12035434452.0
12044426049.0
12053092043.0
12064299510.0
12074478142.0
12083475048.0
12092120868.0
12101527963.0
12110178385.0
12119122911.0
12128109199.0
12137118492.0
12146142295.0
12155122213.0
12164109917.0
12172248576.0
12181132582.0
12190143998.0
12199521010.0
12208246108.0
12217104633.0
12226236734.0
12237123553.0
12246133200.0
12255141431.0
12264131612.0
12273117192.0
12282134625.0
12291164091.0
12300144717.0
12309117910.0
12318254259.0
12327495367.0
12336164546.0
12345485285.0
12354133229.0
12363140753.0
12372133057.0
12380489021.0
12389153245.0
12399309227.0
12408166335.0
12417107322.0
12426528220.0
12435266767.0
12444134847.0
12453207844.0
12462493900.0
12471174404.0
12480146536.0
12489183080.0
12498136454.0
12507138669.0
12516139114.0
12525188753.0
12534493566.0
12543146111.0
12552146910.0
12561247867.0
12572200514.0
12581242367.0
12590559213.0
12599132481.0
12608116646.0
12616246810.0
12625114537.0
12634129846.0
12643131706.0
12652248590.0
12661170819.0
12671161522.0
12680121266.0
12688256386.0
12705118727.0
12713193681.0
12722143516.0
12731126972.0
12740121401.0
12750140771.0
12759171298.0
12768137413.0
12777187053.0
12786505314.0
12795591407.0
12805176168.0
12814139451.0
12823130340.0
12832261734.0
12841146095.0
12850137338.0
12859157602.0
12868248295.0
12877149290.0
12886132747.0
12895610271.0
12905195031.0
12916515751.0
12925150955.0
12934136889.0
12943131317.0
12952247493.0
12961145656.0
12970150702.0
12979176628.0
12988251750.0
12997543468.0
13006513830.0
13015130629.0
13024254237.0
13033212212.0
13042514547.0
13051137717.0
13060293178.0
13069249737.0
13080160268.0
13089551436.0
13099969316.0
13109567171.0
13118269265.0
13127537624.0
13136234055.0
13144380854.0
13153544808.0
13162250087.0
13171539681.0
13182333066.0
13191548692.0
13200548783.0
13209240259.0
13218267248.0
13227632580.0
13239296953.0
13250357898.0
13259634752.0
13268238103.0
13276389502.0
13285573276.0
13298646235.0
13309584726.0
13318253905.0
13327549516.0
13336380081.0
13345556422.0
13354256746.0
13363546695.0
13374340787.0
13383554997.0
13396444274.0
13408668189.0
13418564750.0
13427363108.0
13437246928.0
13447252849.0
13456377165.0
13465561292.0
13474255599.0
13483616331.0
13496063921.0
13505554186.0
13514270790.0
13524395980.0
13533304761.0
13542555071.0
13551284062.0
13561688139.0
13573643784.0
13583555210.0
13592249163.0
13600563364.0
13609274660.0
13618554698.0
13627254314.0
13636600889.0
13645301921.0
13654598594.0
13663255386.0
13672595944.0
13683341197.0
13702661840.0
13711257051.0
13720567526.0
13731275263.0
13741629438.0
13751236141.0
13760546971.0
13769229599.0
13779209684.0
13788559444.0
13798553686.0
13808540850.0
13817197288.0
13826494668.0
13835232507.0
13844222689.0
13853543074.0
13862185356.0
13871546441.0
13880223053.0
13891205429.0
13901126764.0
13910194807.0
13919553061.0
13928224364.0
13937205697.0
13946566075.0
13955550239.0
13964234991.0
13973517861.0
13982252869.0
13991572192.0
14001111298.0
14010182526.0
14019250569.0
14028567415.0
14037200140.0
14046246240.0
14055574058.0
14064561762.0
14073193780.0
14082245543.0
14091674226.0
14100564603.0
14110185817.0
14119557520.0
14128566105.0
14137219358.0
14146550007.0
14155608494.0
14164257500.0
14173224323.0
14182549663.0
14191264143.0
14200572849.0
14209222917.0
14218236457.0
14228145051.0
14238567885.0
14247259007.0
14256554618.0
14265530289.0
14274253264.0
14283252647.0
14292558167.0
14301227701.0
14310305653.0
14319629931.0
14328645241.0
14338590996.0
14347282826.0
14356593301.0
14365251155.0
14374595607.0
14383257000.0
14397382506.0
14407348789.0
14416595913.0
14425254121.0
14435319854.0
14444619712.0
14455634648.0
14464484679.0
14474280374.0
14483653138.0
14492250827.0
14500382053.0
14509413996.0
14519596876.0
14530668085.0
14540364329.0
14550601003.0
14559341674.0
14569607723.0
14578265223.0
14586307971.0
14596608704.0
14608483657.0
14618283598.0
14628581147.0
14638613611.0
14647282790.0
14655295101.0
14666077161.0
14675602463.0
14684267749.0
14692378449.0
14701641853.0
14725292309.0
14737618151.0
14746266449.0
14754308135.0
14763678422.0
14775410747.0
14785257405.0
14793599920.0
14803378273.0
14812674238.0
14821321474.0
14830612130.0
14841334378.0
14850610878.0
14859337037.0
14869653697.0
14878346589.0
14888620424.0
14902397677.0
14912614532.0
14922415890.0
14932390312.0
14941625403.0
14951616814.0
14962639890.0
14972251902.0
14980414981.0
14989625299.0
14998265103.0
15006619650.0
15015622927.0
15026625830.0
15036283851.0
15044264663.0
15054705193.0
15064629714.0
15073622372.0
15082267485.0
15090324036.0
15100439671.0
15110667851.0
15120301452.0
15128254305.0
15136383762.0
15145647874.0
15156654317.0
15166273407.0
15174273331.0
15182301214.0
15191641772.0
15200661328.0
15211297574.0
15220669277.0
15232535028.0
15242289669.0
15251660310.0
15260356741.0
15269661908.0
15278295341.0
15287632715.0
15296252699.0
15304407284.0
15313659010.0
15322347654.0
15332256249.0
15340672378.0
15349650172.0
15358271218.0
15366279990.0
15377640702.0
15386289001.0
15396275102.0
15404284228.0
15412404129.0
15421710004.0
15432670791.0
15442315009.0
15452317745.0
15460468083.0
15470329606.0
15479643975.0
15488248741.0
15496402618.0
15505655760.0
15517112383.0
15527660150.0
15538273392.0
15546310476.0
15556404522.0
15565665096.0
15576664460.0
15586299123.0
15595202948.0
15604411142.0
15613537227.0
15623653216.0
15632306115.0
15640446544.0
15653001016.0
15662314323.0
15671278668.0
15679296641.0
15687675609.0
15697646139.0
15706278157.0
15714285159.0
15723165272.0
15738710690.0
15748415783.0
15757667862.0
15766316160.0
15774359969.0
15783692742.0
15792294323.0
15800681785.0
15809648254.0
15818313186.0
15826276656.0
15834306663.0
15842473281.0
15853714723.0
15862699950.0
15871310025.0
15880456991.0
15890293032.0
15898285170.0
15906331103.0
15914303775.0
15924677061.0
15934285534.0
15942290058.0
15950305554.0
15958309725.0
15966331237.0
15975690907.0
15990566716.0
16000691553.0
16010346743.0
16020279403.0
16028303393.0
16036395335.0
16046682619.0
16056282952.0
16064667583.0
16074310386.0
16082325174.0
16092321539.0
16102271187.0
16110325260.0
16118303595.0
16126282637.0
16134281853.0
16142678871.0
16152290175.0
16160300716.0
16168410354.0
16177662079.0
16186663232.0
16195662969.0
16204689250.0
16214302323.0
16222697572.0
16232675533.0
16244229130.0
16254273274.0
16262665691.0
16272692139.0
16281709572.0
16291716201.0
16301700179.0
16310345646.0
16319678064.0
16328676031.0
16338681245.0
16348460659.0
16358594344.0
16368696176.0
16378678031.0
16387710682.0
16399681900.0
16410717010.0
16420419979.0
16430694168.0
16440685225.0
16449672575.0
16458683991.0
16467712395.0
16476341582.0
16484686574.0
16495591088.0
16505679472.0
16515255031.0
16524711320.0
16534688220.0
16543685479.0
16553202288.0
16562337575.0
16572323323.0
16581703520.0
16591697054.0
16603699063.0
16612986534.0
16623286913.0
16632722675.0
16644195933.0
16654250694.0
16666564503.0
16676700665.0
16686692784.0
16695442302.0
16704704291.0
16722628027.0
16732437524.0
16742718792.0
16760473710.0
16771610394.0
16782686912.0
16792429873.0
16804423388.0
16813708381.0
16825567054.0
16835707109.0
16845711615.0
16856696114.0
16865710716.0
16876426593.0
16887593359.0
16896604775.0
16906728197.0
16916716776.0
16926663239.0
16935724203.0
16945711013.0
16956300188.0
16966327344.0
16974706312.0
16985692935.0
16995421032.0
17004696823.0
17013713548.0
17023704605.0
17033711234.0
17045052481.0
17054400472.0
17066389032.0
17076717724.0
17088117014.0
17100055318.0
17110711029.0
17121190490.0
17130552637.0
17139714822.0
17148363120.0
17157701555.0
17166709078.0
17177037771.0
17187284355.0
17197257362.0
17207708155.0
17217709829.0
17228262197.0
17238608232.0
17248557172.0
17258722002.0
17268712350.0
17278710131.0
17289551295.0
17299089692.0
17308727187.0
17318712226.0
17328730535.0
17338717344.0
17348725389.0
17359370129.0
17369033813.0
17379264116.0
17388322604.0
17397724390.0
17407717923.0
17418286925.0
17428391943.0
17437443352.0
17448693288.0
17459269369.0
17468330333.0
17478297677.0
17488403049.0
17497234322.0
17506703706.0
17516146546.0
17524317057.0
17532343524.0
17541730092.0
17550702931.0
17559720010.0
17571718126.0
17582482136.0
17591702362.0
17602452216.0
17612147044.0
17621713047.0
17632637381.0
17641703654.0
17651703559.0
17662457659.0
17671704429.0
17681716367.0
17693141492.0
17703631217.0
17713640323.0
17723116785.0
17733241622.0
17743277980.0
17752438041.0
17777112730.0
17787276852.0
17797261892.0
17807255426.0
17817208967.0
17827288857.0
17837218686.0
17847280172.0
17857506228.0
17867247774.0
17877211579.0
17886731573.0
17897178828.0
17907285615.0
17916345871.0
17926309676.0
17936240921.0
17945624657.0
17954682083.0
17969017108.0
17979264046.0
17989244485.0
17999255361.0
18009218458.0
18019257293.0
18029185706.0
18039266304.0
18049237541.0
18059263281.0
18070631780.0
18080227158.0
18089355013.0
18099297583.0
18108436763.0
18117405355.0
18127266525.0
18136410305.0
18145265999.0
18155291385.0
18165320664.0
18174373135.0
18184415156.0
18193271910.0
18205252684.0
18215289396.0
18226236734.0
18236249026.0
18246241852.0
18256153985.0
18266332263.0
18277278186.0
18287274551.0
18297210751.0
18307637124.0
18317253384.0
18327312392.0
18337269473.0
18346577117.0
18355361673.0
18365266374.0
18375316180.0
18384361573.0
18395204860.0
18405250773.0
18414575759.0
18424428081.0
18433260769.0
18444616173.0
18453641038.0
18462662364.0
18471701386.0
18482311796.0
18492371866.0
18502294971.0
18512257360.0
18522661437.0
18533240702.0
18543308205.0
18553265993.0
18563288902.0
18573225101.0
18582294914.0
18593053615.0
18603420530.0
18613280992.0
18623284082.0
18632375483.0
18642298588.0
18652344147.0
18662231860.0
18672658588.0
18681604175.0
18692272628.0
18702292705.0
18712421435.0
18729081690.0
18738298378.0
18748583893.0
18759285967.0
18769283040.0
18779283299.0
18796541318.0
18806302683.0
18816288077.0
18826283734.0
18836649234.0
18846295576.0
18856427492.0
18865220895.0
18875281674.0
18889321178.0
18899221986.0
18908238357.0
18917177221.0
18926233231.0
18936295424.0
18945393196.0
18955355585.0
18966391049.0
18976432715.0
18984399017.0
18995201604.0
19005214249.0
19015286352.0
19025259359.0
19034395354.0
19048593059.0
19058579161.0
19068399276.0
19078351402.0
19088649658.0
19099284488.0
19109175740.0
19118238828.0
19128299606.0
19138297387.0
19149623770.0
19159482815.0
19168415308.0
19177396996.0
19189309464.0
19198404404.0
19207401664.0
19216473246.0
19225402908.0
19235286727.0
19246291754.0
19255399436.0
19264515965.0
19274405802.0
19284261308.0
19294306514.0
19304208737.0
19313183700.0
19321715914.0
19334284543.0
19344409734.0
19353435306.0
19366224779.0
19374409093.0
19383407414.0
19393211603.0
19404321389.0
19414222905.0
19424205113.0
19432418448.0
19441436943.0
19450414029.0
19460368633.0
19469416148.0
19478413762.0
19487409252.0
19497211671.0
19505410496.0
19514416249.0
19523474382.0
19534417120.0
19543416149.0
19552427919.0
19562312093.0
19572360838.0
19581450116.0
19590417292.0
19600365171.0
19609419057.0
19618426935.0
19627420655.0
19636416145.0
19645418006.0
19654417035.0
19664214145.0
19672441991.0
19682304576.0
19693314911.0
19704295872.0
19713422665.0
19722427003.0
19731458238.0
19740424707.0
19749431522.0
19758440107.0
19767298986.0
19776426487.0
19785426224.0
19796585204.0
19811463844.0
19820430313.0
19830266708.0
19839426769.0
19848431815.0
19857425889.0
19866429520.0
19875430318.0
19884436426.0
19893427669.0
19902432715.0
19911479169.0
19920451654.0
19929429095.0
19938429185.0
19948428736.0
19958318572.0
19967434040.0
19978434466.0
19987437388.0
19997246178.0
