1322939.0
28242166.0
39045106.0
48511305.0
61369083.0
69574632.0
79363248.0
87554287.0
98055337.0
107395187.0
116209826.0
127511788.0
147563977.0
158380366.0
167084583.0
178025905.0
187394423.0
196346381.0
206401850.0
215370443.0
223561481.0
232560156.0
242389119.0
251360189.0
259560783.0
270057586.0
279447339.0
288592536.0
298383275.0
306566882.0
316607840.0
325357712.0
334240657.0
343564581.0
354565361.0
364592517.0
374049160.0
382566155.0
391566954.0
402041106.0
410597032.0
420568624.0
430411743.0
438596765.0
448524470.0
457236827.0
466569954.0
476448465.0
484571905.0
495344055.0
504572776.0
513577821.0
524424648.0
532576047.0
543573642.0
553376061.0
562402342.0
571071167.0
581021523.0
590272895.0
598601960.0
606576048.0
614576679.0
622601377.0
630576880.0
638610426.0
655919056.0
665211481.0
673579124.0
681581879.0
689581448.0
698263015.0
706580047.0
714581033.0
723069714.0
732302328.0
740581846.0
748589909.0
756583463.0
764583386.0
773188860.0
782277430.0
790585969.0
799368755.0
807587399.0
816273920.0
824585290.0
832585922.0
840587261.0
850067616.0
860114945.0
868587347.0
877261481.0
886026572.0
893588701.0
903066579.0
910588715.0
918589347.0
926594933.0
935045038.0
944276590.0
952591145.0
960591777.0
968591700.0
976592332.0
984592963.0
992994582.0
1001222427.0
1010349220.0
1020470164.0
1028593958.0
1037598296.0
1047444601.0
1056094669.0
1065005219.0
1074417622.0
1083447796.0
1093032911.0
1103409382.0
1112403456.0
1120602281.0
1129599187.0
1139408330.0
1148442043.0
1157066983.0
1166057518.0
1174258466.0
1183117345.0
1191420928.0
1200351652.0
1208603564.0
1216604195.0
1224605534.0
1233006091.0
1242274804.0
1250609887.0
1258604148.0
1266605133.0
1275149734.0
1284284667.0
1293233440.0
1301066669.0
1310332905.0
1319263274.0
1327607204.0
1336173748.0
1346167636.0
1354269487.0
1362608816.0
1371289321.0
1380286227.0
1388609984.0
1397231384.0
1405156277.0
1414298997.0
1423281392.0
1432395090.0
1440612318.0
1448612949.0
1456612873.0
1464613504.0
1472872495.0
1481379580.0
1490054422.0
1498317305.0
1506615227.0
1517128310.0
1525034799.0
1532998623.0
1542041184.0
1551313437.0
1559617021.0
1568014038.0
1576183488.0
1585033164.0
1592999466.0
1600969660.0
1609023025.0
1617912694.0
1626351828.0
1635060646.0
1643474297.0
1652994645.0
1661012973.0
1669048642.0
1676999371.0
1685009912.0
1693036379.0
1701087267.0
1710334391.0
1719063028.0
1727056581.0
1735062168.0
1743057136.0
1751039718.0
1759046012.0
1767103270.0
1776320666.0
1785255636.0
1794956127.0
1803068596.0
1812059485.0
1820040297.0
1828174355.0
1837073934.0
1845132961.0
1854054837.0
1862313119.0
1871048481.0
1879296500.0
1888173074.0
1897291019.0
1906084423.0
1914063111.0
1922103381.0
1930058712.0
1938076331.0
1947308591.0
1956333456.0
1965021747.0
1973007160.0
1981033981.0
1989034966.0
1997572135.0
2006320945.0
2015072587.0
2023048444.0
2031064294.0
2039048645.0
2047079006.0
2055078221.0
2063073898.0
2072279968.0
2081152649.0
2089038612.0
2097151788.0
2105016870.0
2113041568.0
2121031581.0
2129095564.0
2138315791.0
2147324730.0
2157600689.0
2166303490.0
2175074951.0
2183051162.0
2191183450.0
2200420311.0
2209033218.0
2217037388.0
2225017847.0
2233035466.0
2240999644.0
2250308704.0
2259069194.0
2267076903.0
2275301918.0
2284177430.0
2293034893.0
2301015351.0
2309032616.0
2317194987.0
2326303377.0
2335057142.0
2343068745.0
2351055219.0
2359195294.0
2367367929.0
2377100272.0
2385007824.0
2393110383.0
2403360506.0
2412312465.0
2421014558.0
2429030762.0
2437102530.0
2445022469.0
2453021331.0
2461040366.0
2469015515.0
2477047291.0
2485350167.0
2495117548.0
2503068632.0
2511118811.0
2521036253.0
2529259144.0
2537293043.0
2546070167.0
2554070799.0
2562075323.0
2570074539.0
2578059598.0
2586176668.0
2596537921.0
2605310443.0
2614073057.0
2622069441.0
2630074319.0
2638059024.0
2646052224.0
2654321124.0
2672038526.0
2680180724.0
2689041372.0
2697269572.0
2706068992.0
2715099166.0
2724058910.0
2732290649.0
2741014332.0
2749041861.0
2758063187.0
2766105580.0
2774072235.0
2783303434.0
2792040565.0
2800429796.0
2809038810.0
2817026346.0
2825052814.0
2833047074.0
2841263241.0
2849266350.0
2857292463.0
2866058261.0
2874065971.0
2882097393.0
2890070065.0
2898137587.0
2907320299.0
2916311896.0
2925051150.0
2933018867.0
2941043919.0
2949041365.0
2957022177.0
2965080143.0
2973007160.0
2984288595.0
2993019002.0
3001288964.0
3010099001.0
3018066719.0
3026325001.0
3035083721.0
3043310505.0
3052189910.0
3061053744.0
3069004473.0
3078313887.0
3087076500.0
3095276386.0
3104181627.0
3113019979.0
3121045384.0
3129020534.0
3137057264.0
3145295728.0
3154323070.0
3163061263.0
3171069681.0
3179067834.0
3187058556.0
3195220573.0
3204315514.0
3213025040.0
3221025671.0
3229045768.0
3237069758.0
3245033936.0
3253045892.0
3261033783.0
3269098119.0
3278325424.0
3287063617.0
3295057170.0
3303086469.0
3311062680.0
3319062604.0
3327331150.0
3336096948.0
3344041307.0
3353322761.0
3362074403.0
3370066894.0
3378069295.0
3386106380.0
3394969151.0
3403062863.0
3411081190.0
3419085714.0
3428297447.0
3437022899.0
3445081927.0
3453027701.0
3463069368.0
3471080970.0
3479071692.0
3487064183.0
3495154002.0
3504326804.0
3513275223.0
3522079598.0
3530079168.0
3538062457.0
3546098480.0
3554088494.0
3562075677.0
3570075954.0
3578071985.0
3587073138.0
3594997677.0
3603077940.0
3612067413.0
3620078662.0
3628198209.0
3637045054.0
3645040377.0
3653047733.0
3661062167.0
3670314246.0
3679075444.0
3687082799.0
3695279500.0
3704128469.0
3712473107.0
3721046375.0
3729027895.0
3737135055.0
3746358113.0
3755315734.0
3764050388.0
3772441389.0
3781089333.0
3789026260.0
3797273925.0
3806260213.0
3815069897.0
3823318624.0
3832430906.0
3841045228.0
3849034535.0
3858326252.0
3867082141.0
3876097097.0
3884057382.0
3892187546.0
3901314339.0
3910136410.0
3918072629.0
3927335326.0
3936102186.0
3944051853.0
3952276868.0
3961050098.0
3969027371.0
3977025171.0
3985058009.0
3993044838.0
4003327167.0
4012186046.0
4021049171.0
4029274185.0
4037292513.0
4046109983.0
4054081947.0
4062077977.0
4070092058.0
4078062252.0
4087315039.0
4096473331.0
4105067126.0
4113027411.0
4121037244.0
4129047785.0
4137028951.0
4145028521.0
4153054634.0
4161047125.0
4170325041.0
4179082699.0
4187063157.0
4195264813.0
4203331273.0
4212069820.0
4220060541.0
4228188229.0
4237053124.0
4245050216.0
4253143573.0
4262475638.0
4271318236.0
4280056783.0
4288186947.0
4297049011.0
4305032301.0
4313033994.0
4321063292.0
4329042689.0
4337282568.0
4346107470.0
4354071648.0
4362075818.0
4370089191.0
4378317744.0
4387070802.0
4395286968.0
4404080372.0
4412159219.0
4420438382.0
4431090908.0
4439101449.0
4447070936.0
4455128194.0
4463086356.0
4471071415.0
4479098236.0
4487208227.0
4496083740.0
4504437226.0
4513053671.0
4521036961.0
4529281441.0
4538093956.0
4546101666.0
4554086725.0
4563343405.0
4572379595.0
4581108940.0
4590276434.0
4599352617.0
4608084439.0
4616086840.0
4624194708.0
4633055710.0
4641012810.0
4650328948.0
4659330101.0
4678083770.0
4687484848.0
4696202160.0
4705500603.0
4714105015.0
4723495476.0
4732618376.0
4741080514.0
4750486901.0
4759068663.0
4768624402.0
4777466293.0
4786071767.0
4795277837.0
4805477350.0
4814509294.0
4823074422.0
4832468775.0
4841445154.0
4850090267.0
4859625479.0
4869053101.0
4878560000.0
4887591943.0
4897306945.0
4907541142.0
4916319328.0
4926496190.0
4936270650.0
4947092348.0
4956550407.0
4967099943.0
4976056856.0
4985479877.0
4995113124.0
5004324857.0
5013281771.0
5021043862.0
5029324795.0
5038318516.0
5047333117.0
5056447877.0
5065336838.0
5074318172.0
5083350469.0
5092439393.0
5101066810.0
5109341727.0
5118353851.0
5127338723.0
5136327843.0
5145311300.0
5154328379.0
5163342272.0
5172344841.0
5181286536.0
5189062784.0
5197057399.0
5205074310.0
5214516797.0
5223096435.0
5232080600.0
5241443809.0
5250085737.0
5259598652.0
5269054941.0
5278075206.0
5289443704.0
5299017493.0
5309033678.0
5318505893.0
5327086593.0
5336479178.0
5346108886.0
5355171266.0
5364186929.0
5373549784.0
5382071380.0
5391248783.0
5400438927.0
5409049357.0
5418116338.0
5427459373.0
5437391326.0
5446348593.0
5455488127.0
5464302412.0
5473149257.0
5482064054.0
5491127850.0
5500937348.0
5510202522.0
5519137138.0
5528095113.0
5537190408.0
5557298515.0
5566197386.0
5574380638.0
5583372943.0
5592355338.0
5601318268.0
5610402945.0
5619359504.0
5630366654.0
5639342679.0
5648321889.0
5657298267.0
5666357816.0
5675369232.0
5684321899.0
5693311372.0
5703382414.0
5712345343.0
5721333047.0
5730349772.0
5739361896.0
5748351370.0
5757295188.0
5765309976.0
5774220526.0
5782346444.0
5793527367.0
5804457010.0
5813161581.0
5821342355.0
5830351648.0
5839340414.0
5848464729.0
5857333871.0
5866346349.0
5875403067.0
5884472171.0
5893352639.0
5903243537.0
5911376533.0
5920505803.0
5929341677.0
5938344599.0
5947348230.0
5956466529.0
5965377079.0
5974344255.0
5983343639.0
5992462999.0
6001351253.0
6010406555.0
6019462210.0
6028469026.0
6037348431.0
6046348876.0
6055374449.0
6064486732.0
6073336762.0
6082345701.0
6091354994.0
6100469046.0
6109374641.0
6118348542.0
6127344386.0
6138352598.0
6147360475.0
6156351364.0
6165338714.0
6174351900.0
6183357654.0
6192364823.0
6201313242.0
6210393318.0
6219359433.0
6228352800.0
6237310775.0
6246352274.0
6255395896.0
6264356349.0
6273310431.0
6282354053.0
6291368655.0
6300399183.0
6309312918.0
6318215682.0
6326433618.0
6335150576.0
6344116691.0
6353191812.0
6362116873.0
6371117672.0
6380435225.0
6389209518.0
6398431868.0
6407193420.0
6416126974.0
6425227577.0
6434119370.0
6443113798.0
6452131231.0
6461239267.0
6470186978.0
6479144953.0
6488369073.0
6497489849.0
6506126114.0
6515109925.0
6524214775.0
6533229731.0
6542139219.0
6551154174.0
6571451627.0
6580487110.0
6589355544.0
6598210883.0
6606212222.0
6614367161.0
6623364067.0
6632338676.0
6641357878.0
6650372480.0
6659346735.0
6668337978.0
6685397450.0
6694985396.0
6703348084.0
6712470630.0
6721339064.0
6730362513.0
6739349863.0
6748476656.0
6757364910.0
6766395084.0
6775375001.0
6784474543.0
6793336606.0
6803240246.0
6811358731.0
6821398982.0
6830143545.0
6839168764.0
6848103381.0
6857199029.0
6866149572.0
6875133383.0
6884109407.0
6893220628.0
6903392536.0
6913021890.0
6921383870.0
6930096227.0
6939303005.0
6948121537.0
6957066771.0
6966156756.0
6975177020.0
6984115530.0
6993082707.0
7002429990.0
7011105185.0
7019621473.0
7028352587.0
7039016439.0
7048621019.0
7057081387.0
7066177390.0
7075364702.0
7084456104.0
7095053773.0
7104508646.0
7113457773.0
7122101470.0
7132078724.0
7141483341.0
7151089691.0
7160111725.0
7171520216.0
7181055074.0
7190108961.0
7200122314.0
7209049144.0
7218509680.0
7227112677.0
7236090117.0
7245486241.0
7254098793.0
7263527123.0
7272091897.0
7281054827.0
7290505099.0
7299522178.0
7308097923.0
7317454762.0
7326352925.0
7337026686.0
7346548804.0
7355088803.0
7364072968.0
7372492990.0
7382515191.0
7391501834.0
7400326382.0
7410553147.0
7419105534.0
7429526245.0
7438501915.0
7447090048.0
7456233829.0
7465486616.0
7474091028.0
7483598989.0
7492203402.0
7501323824.0
7511511304.0
7520489806.0
7529053165.0
7538110944.0
7546339144.0
7555101757.0
7563115483.0
7571338020.0
7580097448.0
7588212748.0
7597377056.0
7606091891.0
7614105263.0
7622199682.0
7631098199.0
7639341263.0
7648208989.0
7657097951.0
7665301022.0
7675303758.0
7684208645.0
7692349074.0
7701298555.0
7709302725.0
7718112055.0
7726094991.0
7734100223.0
7742089883.0
7751340193.0
7760117317.0
7768209258.0
7777106006.0
7785302707.0
7793302630.0
7803106819.0
7812095585.0
7820086660.0
7828233813.0
7837094461.0
7845330093.0
7854101200.0
7862122712.0
7870100339.0
7878101325.0
7886119298.0
7895002950.0
7903129576.0
7911123129.0
7920354681.0
7929062791.0
7937086781.0
7945080688.0
7953053714.0
7961055761.0
7969090722.0
7977086399.0
7985140472.0
7995319812.0
8007366414.0
8016104253.0
8024079048.0
8032214876.0
8041104191.0
8049072616.0
8057067585.0
8065084850.0
8073063539.0
8082348532.0
8091110791.0
8099352440.0
8108225829.0
8117085061.0
8125085338.0
8133055533.0
8141076692.0
8149084047.0
8157182360.0
8165368797.0
8174113714.0
8182096650.0
8190105775.0
8198415376.0
8207102251.0
8215209411.0
8223128288.0
8232353469.0
8241055917.0
8249317030.0
8258140871.0
8266156367.0
8275350050.0
8284217423.0
8293103906.0
8301310517.0
8310399795.0
8320270874.0
8329563300.0
8340166631.0
8349114343.0
8358111602.0
8367174690.0
8376160979.0
8385382267.0
8395178316.0
8405346684.0
8414387476.0
8423434991.0
8432346957.0
8441365098.0
8450386424.0
8459402795.0
8468445710.0
8477381388.0
8487244681.0
8496512686.0
8505340420.0
8514397492.0
8523524992.0
8532371484.0
8541340430.0
8550380514.0
8559425552.0
8568370786.0
8577340440.0
8586392557.0
8607035431.0
8615222577.0
8623483336.0
8632490506.0
8641354693.0
8650369648.0
8660086066.0
8669228431.0
8678078108.0
8695299320.0
8704463982.0
8714529007.0
8723097674.0
8732500168.0
8741487164.0
8750119536.0
8759096268.0
8768529199.0
8777066367.0
8786523718.0
8795272174.0
8805085919.0
8814520265.0
8823117953.0
8832521155.0
8841066463.0
8850113271.0
8859640698.0
8869517439.0
8878129638.0
8887515144.0
8897414182.0
8906117337.0
8915222541.0
8924531955.0
8933081157.0
8942546647.0
8951105051.0
8960129916.0
8969463042.0
8978560106.0
8987100106.0
8998140878.0
9009613428.0
9019386826.0
9029502815.0
9038537236.0
9047157929.0
9056093961.0
9065481236.0
9074117147.0
9083105559.0
9092505929.0
9102120773.0
9111382054.0
9121513615.0
9130519015.0
9139136169.0
9148376569.0
9158534320.0
9167116790.0
9176496633.0
9185074502.0
9195034060.0
9204519370.0
9213350289.0
9223634034.0
9232224998.0
9241083876.0
9250582989.0
9259132191.0
9268629888.0
9278271983.0
9287155989.0
9299513684.0
9308375748.0
9317396720.0
9326446005.0
9335505554.0
9344373280.0
9355594904.0
9364491651.0
9373575620.0
9385512154.0
9395033564.0
9404519582.0
9413509056.0
9422122316.0
9431555247.0
9440101971.0
9450146115.0
9459566304.0
9469115673.0
9478107624.0
9487515427.0
9496480480.0
9506122221.0
9515578864.0
9524502509.0
9533071176.0
9542125770.0
9551121260.0
9560542866.0
9569506149.0
9578239033.0
9588109051.0
9598110725.0
9607114001.0
9616241855.0
9638124499.0
9646387382.0
9655101863.0
9663120544.0
9671111974.0
9679397508.0
9688224533.0
9696150135.0
9705374962.0
9714372222.0
9723127403.0
9732109798.0
9740101228.0
9748223606.0
9756116293.0
9764105245.0
9773374313.0
9782119938.0
9790116676.0
9798377436.0
9807129785.0
9815107412.0
9823377728.0
9832250409.0
9840120091.0
9848093117.0
9856245579.0
9865383343.0
9874381311.0
9883111363.0
9891128983.0
9899469728.0
9908110594.0
9916235096.0
9924131676.0
9933380216.0
9942113454.0
9950132843.0
9958111178.0
9966151801.0
9974126243.0
9982115195.0
9990171038.0
9998127075.0
10006383942.0
10015192918.0
10023133738.0
10031137555.0
10039148450.0
10047188366.0
10057101207.0
10066108730.0
10075607135.0
10084658190.0
10093091307.0
10103514849.0
10112096611.0
10122559084.0
10132675427.0
10141092618.0
10150521301.0
10159134562.0
10168636506.0
10178199324.0
10187151282.0
10196429551.0
10205258701.0
10214597490.0
10224419728.0
10233412741.0
10242414247.0
10251497863.0
10260461146.0
10269424430.0
10278429122.0
10287420365.0
10296417624.0
10305414884.0
10314418160.0
10323526196.0
10332424005.0
10341440730.0
10350512312.0
10359423570.0
10369199091.0
10378220063.0
10387466834.0
10397405511.0
10406429668.0
10415426574.0
10424424895.0
10433430295.0
10442427909.0
10451678926.0
10461203875.0
10469448355.0
10478536217.0
10487452430.0
10496277686.0
10505239554.0
10514187619.0
10523143825.0
10532136837.0
10541321319.0
10550203201.0
10559178518.0
10568138263.0
10577326991.0
10586205335.0
10596090924.0
10605093139.0
10614313012.0
10623210467.0
10643359275.0
10652223816.0
10660569515.0
10669443966.0
10678578899.0
10697235596.0
10706398842.0
10717364938.0
10726239035.0
10734435382.0
10743437242.0
10752439457.0
10761434239.0
10770442470.0
10779625182.0
10788438051.0
10797433895.0
10806438941.0
10815444341.0
10826400881.0
10835447335.0
10844441409.0
10853442208.0
10862441591.0
10871440266.0
10880441419.0
10889504153.0
10898267120.0
10906234483.0
10914442510.0
10923507367.0
10932446231.0
10941442783.0
10950444289.0
10959479418.0
10968447656.0
10977441023.0
10986448900.0
10995249028.0
11004449790.0
11013465807.0
11022443601.0
11031531109.0
11040448738.0
11049472895.0
11058485373.0
11067554478.0
11076451225.0
11085450254.0
11095337260.0
11104356462.0
11112464330.0
11121451680.0
11130471590.0
11139484068.0
11148464694.0
11157450274.0
11166451427.0
11175453995.0
11184452317.0
11193449576.0
11203249164.0
11211521603.0
11220464714.0
11230399498.0
11239276780.0
11247464633.0
11256506486.0
11265457028.0
11274459597.0
11283461457.0
11292465795.0
11301479689.0
11310461022.0
11320603909.0
11329514105.0
11338254422.0
11346463510.0
11355568006.0
11364465107.0
11373461305.0
11382464227.0
11392478996.0
11401478379.0
11410188967.0
11419197198.0
11428356905.0
11437199149.0
11446171635.0
11455158277.0
11464357977.0
11473143595.0
11482150764.0
11491231194.0
11501143327.0
11509131217.0
11518539728.0
11527552914.0
11536244390.0
11545531507.0
11554157154.0
11564263587.0
11573491954.0
11582138837.0
11592135556.0
11602183593.0
11611147231.0
11620248542.0
11629523626.0
11638553092.0
11647118219.0
11656665111.0
11665064606.0
11674532928.0
11683529480.0
11692240067.0
11702225107.0
11711176004.0
11720520102.0
11729496126.0
11738140177.0
11747119387.0
11755533747.0
11764251413.0
11772131005.0
11780111463.0
11788273480.0
11796466996.0
11805090520.0
11813187416.0
11822465686.0
11831494798.0
11840133186.0
11848248486.0
11856130910.0
11864108537.0
11872244010.0
11880134220.0
11888166350.0
11900241973.0
11908247913.0
11917115993.0
11926535475.0
11935122900.0
11944922841.0
11953134053.0
11962123880.0
11971559996.0
11980656706.0
11989118491.0
11999177853.0
12008118132.0
12017555310.0
12026557170.0
12035124421.0
12044112833.0
12053502586.0
12063630962.0
12075611382.0
12085505465.0
12095336198.0
12104231530.0
12112518125.0
12121532373.0
12130498134.0
12139561222.0
12148519905.0
12157511502.0
12166247217.0
12174520010.0
12183503821.0
12192502496.0
12201527008.0
12210498785.0
12219635488.0
12229300588.0
12238155219.0
12247167343.0
12256322803.0
12265160801.0
12274160184.0
12283171600.0
12292339447.0
12301206466.0
12310179659.0
12319351753.0
12328689834.0
12338268932.0
12346513058.0
12355175513.0
12364383707.0
12373162954.0
12381500513.0
12390208270.0
12400502632.0
12409200833.0
12418683312.0
12428512628.0
12437514489.0
12446516703.0
12455249234.0
12463665363.0
12473514145.0
12482539364.0
12491274725.0
12499174137.0
12508421261.0
12517211126.0
12527249607.0
12535520631.0
12544367830.0
12553167250.0
12564411170.0
12573235719.0
12582604945.0
12591672634.0
12601557161.0
12610286152.0
12618517537.0
12627584164.0
12636612215.0
12645524888.0
12654543029.0
12663182125.0
12681633904.0
12691345721.0
12707259567.0
12715590756.0
12724526788.0
12733544928.0
12743528199.0
12752522627.0
12761522364.0
12770535904.0
12779273743.0
12787530256.0
12797197479.0
12806221636.0
12815177134.0
12824148911.0
12833267564.0
12842189086.0
12851162279.0
12860337559.0
12869294118.0
12878193343.0
12887176092.0
12897203248.0
12908660579.0
12917515919.0
12926201024.0
12935165723.0
12944151304.0
12953245183.0
12962190063.0
12971176351.0
12980210064.0
12989294387.0
12998593537.0
13008542478.0
13017533013.0
13026538766.0
13035264926.0
13044538241.0
13053536562.0
13062538422.0
13072393221.0
13081213523.0
13090570715.0
13099164156.0
13107527552.0
13116139751.0
13124150646.0
13132251081.0
13140140229.0
13148153248.0
13156252976.0
13164142831.0
13172224863.0
13181523306.0
13190152492.0
13198523320.0
13207159939.0
13215533952.0
13224150398.0
13232536798.0
13241226858.0
13249562648.0
13258168477.0
13266172647.0
13274147797.0
13282160461.0
13290535182.0
13299559693.0
13308151011.0
13316216763.0
13324257387.0
13332168477.0
13340218303.0
13348252910.0
13356144182.0
13364234354.0
13373533858.0
13382152073.0
13390532457.0
13399254016.0
13407585559.0
13416569370.0
13425196787.0
13433204496.0
13443158746.0
13451598587.0
13460177164.0
13468259550.0
13476171702.0
13484225067.0
13495288844.0
13503591720.0
13512171358.0
13520458308.0
13528325513.0
13537226861.0
13546539106.0
13555538843.0
13564387458.0
13573239612.0
13581539657.0
13590164242.0
13598547103.0
13607281403.0
13615253367.0
13623273818.0
13631255338.0
13639343033.0
13647307919.0
13655636276.0
13665220329.0
13673579832.0
13682545593.0
13691670262.0
13700546483.0
13709228049.0
13717219478.0
13725216217.0
13733217556.0
13741228097.0
13749224481.0
13757198215.0
13765257951.0
13773204079.0
13781158701.0
13789282141.0
13799288062.0
13808225510.0
13817614555.0
13826183930.0
13835700385.0
13844635001.0
13853225257.0
13862594129.0
13871234287.0
13880636781.0
13891653487.0
13900564037.0
13910607473.0
13919238429.0
13928639153.0
13937622256.0
13946251089.0
13955238085.0
13964646949.0
13973201106.0
13982666243.0
13991260746.0
14000557419.0
14010592007.0
14019677038.0
14028248536.0
14037610329.0
14046659615.0
14055256241.0
14064249608.0
14073604677.0
14082659625.0
14091283856.0
14101419311.0
14110594236.0
14119244304.0
14128253597.0
14137630963.0
14146237145.0
14155235466.0
14164671228.0
14173637343.0
14182238570.0
14191675394.0
14200261049.0
14209634876.0
14218643814.0
14227570645.0
14238248653.0
14247689370.0
14256242464.0
14265216011.0
14274664868.0
14284132129.0
14292245305.0
14301638951.0
14310709472.0
14319255488.0
14328243900.0
14336571196.0
14345203922.0
14353223311.0
14361224296.0
14369201569.0
14377225913.0
14385229375.0
14396543725.0
14405262806.0
14413232647.0
14421265131.0
14429261161.0
14437231710.0
14445205444.0
14455236139.0
14463579715.0
14472251372.0
14480227229.0
14488263960.0
14496262821.0
14504228769.0
14512246742.0
14520574038.0
14530268513.0
14538259589.0
14546644219.0
14555252525.0
14565655186.0
14574256060.0
14582262708.0
14590259092.0
14598320951.0
14607587187.0
14616242209.0
14624242487.0
14632594557.0
14641264444.0
14649201371.0
14657203418.0
14665235548.0
14673585140.0
14682248657.0
14690262029.0
14698247796.0
14714610762.0
14723242426.0
14731665279.0
14740268630.0
14748270323.0
14756232024.0
14764328566.0
14774598863.0
14783249992.0
14791239298.0
14799332302.0
14807300727.0
14815241547.0
14823281463.0
14831338367.0
14840597878.0
14849236621.0
14857299895.0
14865596401.0
14874245407.0
14882605263.0
14891277981.0
14901489882.0
14910634371.0
14919606502.0
14928326291.0
14936227118.0
14944272343.0
14952253155.0
14962243150.0
14970306071.0
14978268125.0
14986239028.0
14995050127.0
15004325211.0
15012252936.0
15020634381.0
15029598373.0
15038262243.0
15046254734.0
15054277663.0
15062609914.0
15072262272.0
15080260072.0
15088274152.0
15096258504.0
15104613405.0
15113598986.0
15122268519.0
15130280122.0
15138258810.0
15146292356.0
15156250144.0
15164257500.0
15172268041.0
15180283183.0
15188230019.0
15196620312.0
15205267903.0
15213223233.0
15221244037.0
15231613430.0
15240285441.0
15248338098.0
15256266531.0
15264284504.0
15272265670.0
15280423794.0
15289104298.0
15297636512.0
15306291535.0
15315190406.0
15324314367.0
15333127944.0
15342112109.0
15351615469.0
15360353308.0
15369685726.0
15379124673.0
15388650684.0
15397645112.0
15406283147.0
15414341113.0
15424381718.0
15432293870.0
15440288839.0
15448423250.0
15456278068.0
15464262066.0
15472398955.0
15481133254.0
15490281990.0
15498263510.0
15506298825.0
15516317133.0
15524250521.0
15532642937.0
15542161516.0
15550286372.0
15558277447.0
15566306038.0
15576253563.0
15584236853.0
15592278538.0
15600308899.0
15608616729.0
15617635578.0
15626286353.0
15634366616.0
15642342827.0
15652280442.0
15660329206.0
15668630666.0
15677236141.0
15685677752.0
15695060072.0
15703630155.0
15712286239.0
15720290410.0
15728635048.0
15737647880.0
15746459687.0
15754249385.0
15762270543.0
15770298426.0
15778257649.0
15786284471.0
15795087430.0
15803253340.0
15811625584.0
15820305381.0
15828255402.0
15836271252.0
15844393984.0
15852269329.0
15860309953.0
15868652822.0
15877692905.0
15886254494.0
15895060285.0
15904363328.0
15912303086.0
15920636399.0
15930161347.0
15938273816.0
15946650661.0
15955658184.0
15964320639.0
15972281985.0
15980494966.0
15989648303.0
15998273597.0
16006262549.0
16014262826.0
16022331056.0
16030261966.0
16038298697.0
16046270661.0
16054261382.0
16062266615.0
16070277510.0
16078264692.0
16086279126.0
16095411228.0
16104263028.0
16112641288.0
16124144275.0
16132276209.0
16140446721.0
16148642360.0
16157646344.0
16166271638.0
16174653437.0
16183653174.0
16192280591.0
16200269543.0
16208657005.0
16217659573.0
16226280620.0
16234451131.0
16242274804.0
16250652711.0
16262188258.0
16270647211.0
16279648717.0
16288276134.0
16296651563.0
16305652008.0
16314652099.0
16323665993.0
16332274652.0
16341171400.0
16349401723.0
16357675223.0
16366650894.0
16375650631.0
16384277694.0
16392300623.0
16400292406.0
16410302574.0
16418283032.0
16426285079.0
16435154575.0
16443275538.0
16451685651.0
16460655305.0
16469517722.0
16478286706.0
16486535786.0
16495068708.0
16504279379.0
16512663656.0
16523138870.0
16531674976.0
16540329999.0
16548661896.0
16557662341.0
16566659954.0
16575667478.0
16584664029.0
16593527155.0
16602692879.0
16611691200.0
16620660854.0
16629660591.0
16638341096.0
16646703430.0
16655332262.0
16665663432.0
16674664939.0
16684331454.0
16692668660.0
16701694587.0
16710308201.0
16726678245.0
16735669842.0
16744458999.0
16752528998.0
16761456890.0
16770678532.0
16780312133.0
16788670928.0
16797537946.0
16806668632.0
16815566442.0
16824673061.0
16833668198.0
16842680322.0
16852322417.0
16860291903.0
16868676180.0
16877382874.0
16886676008.0
16895675745.0
16904678314.0
16913714858.0
16922677788.0
16931704776.0
16940673015.0
16949688678.0
16958692662.0
16967680720.0
16976540660.0
16984380967.0
16992678888.0
17001708354.0
17010354529.0
17018692443.0
17027298271.0
17035606102.0
17044402337.0
17052502065.0
17061715213.0
17070682390.0
17080334041.0
17088648242.0
17098684600.0
17107685045.0
17116553479.0
17124688952.0
17133687274.0
17142717447.0
17151348050.0
17159685256.0
17168534932.0
17176386919.0
17184560615.0
17193688470.0
17203683773.0
17212532742.0
17220694405.0
17229529217.0
17237701144.0
17246376694.0
17254691603.0
17263686739.0
17272410068.0
17280560052.0
17288696941.0
17298348946.0
17306692522.0
17315612628.0
17324691288.0
17333705182.0
17342724384.0
17351694392.0
17360395070.0
17368384376.0
17376703178.0
17385694067.0
17395073911.0
17404406329.0
17412731148.0
17421699740.0
17430700539.0
17439317692.0
17448262926.0
17456698167.0
17465712768.0
17474703657.0
17484161716.0
17492729675.0
17501723750.0
17510383373.0
17518701821.0
17527708283.0
17536713329.0
17545702802.0
17554711387.0
17563515408.0
17572987624.0
17581707767.0
17592575828.0
17601706160.0
17612599703.0
17622605624.0
17632272493.0
17642572165.0
17652562867.0
17661705941.0
17672544981.0
17682590540.0
17692553637.0
17702734393.0
17713137054.0
17722155903.0
17730711121.0
17740303314.0
17748713426.0
17758160160.0
17766713962.0
17775733518.0
17784718391.0
17795075043.0
17804159012.0
17812412340.0
17820328739.0
17828585252.0
17836349821.0
17844435039.0
17852671024.0
17862166598.0
17871172352.0
17879715891.0
17888400642.0
17896336153.0
17904720076.0
17914157253.0
17923187427.0
17932299709.0
17940333255.0
17948727441.0
17958209566.0
17967724252.0
17976733544.0
17985723372.0
17995072424.0
18004284157.0
18012367605.0
18020557227.0
18028344801.0
18036338708.0
18044336154.0
18052456056.0
18060378471.0
18069717968.0
18078339015.0
18087527743.0
18096345213.0
18104723827.0
18114162774.0
18123181623.0
18132165788.0
18140719944.0
18150161369.0
18159183048.0
18167726233.0
18177122711.0
18185729955.0
18195027689.0
18204344181.0
18212700852.0
18221734211.0
18230385341.0
18238736703.0
18247411545.0
18255359443.0
18263727793.0
18273120378.0
18282161877.0
18290368134.0
18298516702.0
18306728975.0
18315392846.0
18323733591.0
18332379057.0
18340397385.0
18348360147.0
18356430854.0
18364425115.0
18372735069.0
18381735514.0
18390353021.0
18399225702.0
18408165274.0
18417140944.0
18425740402.0
18434656615.0
18444185103.0
18453117950.0
18462162634.0
18471190331.0
18479361550.0
18487739456.0
18496401203.0
18505152137.0
18513557648.0
18522163476.0
18530738160.0
18540176399.0
18549124111.0
18558186491.0
18566740647.0
18575363110.0
18583649351.0
18592392499.0
18601140602.0
18610158035.0
18619212275.0
18628278194.0
18637146628.0
18646157337.0
18655162736.0
18663430221.0
18672159212.0
18681114709.0
18690179213.0
18699231684.0
18708163115.0
18716367602.0
18733164822.0
18742171992.0
18750374709.0
18758367908.0
18767174053.0
18775368631.0
18784290506.0
18792375016.0
18801123118.0
18810209211.0
18818376537.0
18826492191.0
18836149858.0
18844370980.0
18852374796.0
18860376136.0
18868374290.0
18876608860.0
18886373056.0
18897130341.0
18906180688.0
18915197059.0
18924177331.0
18933132828.0
18942232370.0
18951230337.0
18959613906.0
18969130361.0
18978182831.0
18987206635.0
18995712659.0
19004379007.0
19012378222.0
19021155700.0
19030174194.0
19038507153.0
19046402671.0
19054492490.0
19062387300.0
19071413581.0
19079440048.0
19088238407.0
19096411749.0
19105159144.0
19114168791.0
19122383542.0
19131194287.0
19139665273.0
19149131826.0
19157384800.0
19166184574.0
19175170508.0
19184153257.0
19192399507.0
19201167075.0
19210212467.0
19219256090.0
19228318824.0
19236636564.0
19244388038.0
19253132248.0
19262239929.0
19271169591.0
19279390358.0
19288292061.0
19297179252.0
19307169247.0
19315391784.0
19323713771.0
19333393028.0
19342244120.0
19351181214.0
19359397026.0
19367653539.0
19377145574.0
19386190612.0
19395154250.0
19403400145.0
19412251945.0
19420458202.0
19428423088.0
19437144646.0
19446192516.0
19455223752.0
19465174816.0
19474182339.0
19483227377.0
19492348154.0
19501172348.0
19510233313.0
19519188456.0
19528423548.0
19537218367.0
19546193684.0
19554402772.0
19562434548.0
19571428622.0
19579410142.0
19588314322.0
19596404140.0
19605151889.0
19614191618.0
19623222854.0
19632242764.0
19641150483.0
19650196937.0
19659231712.0
19668198889.0
19676407269.0
19685211644.0
19693437012.0
19703409311.0
19711450643.0
19720330402.0
19729207685.0
19738192911.0
19747197603.0
19756345277.0
19765197785.0
19774193983.0
19783206107.0
19792358736.0
19801216906.0
19809418916.0
19818225061.0
19826414683.0
19835230738.0
19846210637.0
19855160825.0
19864347784.0
19873219049.0
19882249931.0
19891227725.0
19900348148.0
19909222599.0
19918236846.0
19927214286.0
19936355236.0
19945250568.0
19954155101.0
19963267030.0
19972469207.0
19981230405.0
19990239343.0
19998500457.0
