4013057.0
12456792.0
20425217.0
28426202.0
37180321.0
46426384.0
57427163.0
66427962.0
75538829.0
84441239.0
96547299.0
106097376.0
119018505.0
129039645.0
137431354.0
146430737.0
156079202.0
165380476.0
174460198.0
183432330.0
193038679.0
202171489.0
211434186.0
221064602.0
229528863.0
239070800.0
252273293.0
262192151.0
271486346.0
281066860.0
290078276.0
299248247.0
309158610.0
317438836.0
327100396.0
336073589.0
344439816.0
353440261.0
365563309.0
374447670.0
383441744.0
393061542.0
401468824.0
411079420.0
419442816.0
428443968.0
438140567.0
447091463.0
455447427.0
465517052.0
475107830.0
483445035.0
492446188.0
502091115.0
510446724.0
520086696.0
531115789.0
540448561.0
550082516.0
558449097.0
577361321.0
586457323.0
594458662.0
603458045.0
613233567.0
621459289.0
629493896.0
638459658.0
646463474.0
655484092.0
665275540.0
675285354.0
686241186.0
695492558.0
704467875.0
712467090.0
722290745.0
730464087.0
739493199.0
748475948.0
759191118.0
767515582.0
776474973.0
784466049.0
793466139.0
801467125.0
810472524.0
819493850.0
829204959.0
838505525.0
847468809.0
857144880.0
873207724.0
881470253.0
890470344.0
899502642.0
908477959.0
916471158.0
925472310.0
933502317.0
942472679.0
951473124.0
961113803.0
969504096.0
978474812.0
987556658.0
996474994.0
1005475793.0
1014475884.0
1024191947.0
1032476774.0
1040477405.0
1048477682.0
1059213025.0
1067487234.0
1077097476.0
1086209405.0
1097238144.0
1106479960.0
1115480758.0
1124480849.0
1133481648.0
1142479616.0
1151474752.0
1159539796.0
1169501831.0
1178475732.0
1187168978.0
1195480702.0
1204482208.0
1213481238.0
1222478143.0
1231478234.0
1240489297.0
1249505668.0
1259191294.0
1267480368.0
1276483290.0
1285484089.0
1294502937.0
1303489579.0
1312481530.0
1321101869.0
1329510212.0
1338535785.0
1347482788.0
1357483401.0
1366484553.0
1375172844.0
1383484214.0
1392485013.0
1400498739.0
1410233560.0
1419139156.0
1427496181.0
1436487424.0
1444487347.0
1453487084.0
1461533017.0
1470488514.0
1479513380.0
1488489404.0
1496490036.0
1504489959.0
1513542076.0
1523135330.0
1531491294.0
1540491739.0
1549520143.0
1558513509.0
1572500281.0
1582287128.0
1591524342.0
1600520540.0
1609530895.0
1618502673.0
1628243510.0
1636503916.0
1645503653.0
1655162382.0
1664248829.0
1672504988.0
1682213265.0
1690538792.0
1699681157.0
1710226093.0
1718506672.0
1728157615.0
1736517117.0
1744528366.0
1753507930.0
1762516161.0
1772372375.0
1781513679.0
1790537128.0
1799512445.0
1809168697.0
1817511211.0
1826511302.0
1836215333.0
1844513254.0
1853512637.0
1863177383.0
1872351601.0
1887698472.0
1897514340.0
1907185810.0
1915523016.0
1924515675.0
1933515412.0
1943176618.0
1951517363.0
1961210776.0
1969517191.0
1979176274.0
1987522328.0
1996519588.0
2006223618.0
2014524370.0
2024325728.0
2032520305.0
2042181866.0
2051215933.0
2060338125.0
2068523147.0
2077522530.0
2087493413.0
2096524295.0
2104523864.0
2114181886.0
2122524400.0
2132293905.0
2140555019.0
2149590501.0
2159300902.0
2168350896.0
2176526715.0
2186290912.0
2195538744.0
2204528571.0
2212530618.0
2221528232.0
2231224830.0
2239686614.0
2249530442.0
2259661649.0
2269530605.0
2279206676.0
2288296307.0
2296531585.0
2306207656.0
2314532121.0
2324387274.0
2332533719.0
2342211913.0
2350595836.0
2359549564.0
2369267397.0
2378535403.0
2386611772.0
2396306601.0
2404623987.0
2415320045.0
2424537087.0
2432538072.0
2441538871.0
2450574353.0
2460198045.0
2468540205.0
2477539942.0
2486540387.0
2495541540.0
2503541463.0
2512541908.0
2522213379.0
2530572527.0
2539543243.0
2548542626.0
2557543071.0
2566544224.0
2575608373.0
2594231094.0
2602546003.0
2611545740.0
2621280561.0
2630546090.0
2640234548.0
2648547333.0
2656553273.0
2665548056.0
2675210678.0
2683549653.0
2692549390.0
2701549835.0
2711221305.0
2719574437.0
2729283422.0
2738550720.0
2746638061.0
2756416768.0
2765211587.0
2773556579.0
2782553485.0
2792319805.0
2800554021.0
2810215581.0
2818554911.0
2828342111.0
2836558278.0
2845589513.0
2854555982.0
2863575892.0
2873285232.0
2881572889.0
2890650842.0
2909314971.0
2917705618.0
2927224196.0
2935562110.0
2944560077.0
2952569202.0
2961186002.0
2969585497.0
2980176796.0
2988562134.0
2996562411.0
3005562502.0
3014563655.0
3022590830.0
3031586320.0
3040564114.0
3050228506.0
3059176925.0
3067614290.0
3077224178.0
3086230994.0
3094566784.0
3104335227.0
3112567673.0
3120567243.0
3128568228.0
3136568506.0
3148599182.0
3157573437.0
3167226150.0
3176656603.0
3186307900.0
3194654307.0
3204225973.0
3213575379.0
3222572285.0
3232312061.0
3241572280.0
3249618921.0
3259251814.0
3268624225.0
3278603956.0
3287575734.0
3296397097.0
3305576270.0
3314584855.0
3324269420.0
3332582559.0
3342371530.0
3351577954.0
3361212617.0
3369608926.0
3379269071.0
3387581149.0
3397217935.0
3405585932.0
3415277575.0
3424580972.0
3432581250.0
3442249535.0
3450582139.0
3462429487.0
3470670427.0
3480238554.0
3488583900.0
3496594441.0
3505583914.0
3515248660.0
3523650986.0
3533607713.0
3543245561.0
3551586306.0
3559588353.0
3568609679.0
3578587287.0
3586592873.0
3595613137.0
3605241783.0
3614528193.0
3624418383.0
3634262918.0
3645428977.0
3655283422.0
3664286344.0
3672595944.0
3680621350.0
3690313701.0
3698595342.0
3708246993.0
3716594108.0
3725594199.0
3734594290.0
3742594568.0
3752376460.0
3762403970.0
3772352910.0
3782285570.0
3790653213.0
3800373170.0
3808597476.0
3817597921.0
3826598720.0
3835602350.0
3845535364.0
3857350859.0
3868275547.0
3876600012.0
3885603642.0
3894605856.0
3903608071.0
3922007116.0
3931318299.0
3939605603.0
3948606048.0
3956607741.0
3965604293.0
3974604738.0
3984258866.0
3992605627.0
4000634926.0
4010266050.0
4020673666.0
4030300189.0
4038607665.0
4047607756.0
4056608201.0
4065235618.0
4073609277.0
4083363564.0
4092631923.0
4102286052.0
4115254606.0
4124405465.0
4132612430.0
4142637108.0
4151614903.0
4160643307.0
4170327518.0
4178613406.0
4188263287.0
4198675858.0
4208474030.0
4216618705.0
4226278496.0
4234616056.0
4244387684.0
4252617300.0
4261621638.0
4275253077.0
4284268740.0
4292619395.0
4302344306.0
4311619390.0
4320651688.0
4330286704.0
4338620725.0
4348292549.0
4359623886.0
4369250763.0
4377622299.0
4387309695.0
4396546910.0
4405202994.0
4414315277.0
4422624169.0
4436093869.0
4445284367.0
4454411160.0
4463626078.0
4473251185.0
4481626614.0
4491377361.0
4502508028.0
4512283196.0
4520662871.0
4530559078.0
4539628891.0
4548630043.0
4558379021.0
4567316823.0
4575630670.0
4595293197.0
4604400171.0
4614695949.0
4624643828.0
4634305388.0
4644675135.0
4654305551.0
4663310597.0
4671634708.0
4681261938.0
4689635951.0
4699330780.0
4707666216.0
4720451088.0
4731640151.0
4741266674.0
4749638917.0
4759258362.0
4768641390.0
4782566226.0
4792392004.0
4800640730.0
4810315740.0
4818641974.0
4828351667.0
4836646757.0
4845645432.0
4857267335.0
4867323158.0
4875649392.0
4885278039.0
4893644973.0
4903336617.0
4911645509.0
4921276279.0
4943295180.0
4952434714.0
4961653172.0
4971318271.0
4979654769.0
4989286247.0
4997684680.0
5009248540.0
5018354806.0
5026653081.0
5036450192.0
5044661049.0
5054318363.0
5063326948.0
5071652828.0
5083307645.0
5092654220.0
5105321946.0
5114330530.0
5122654641.0
5132432286.0
5143295039.0
5151717184.0
5160708073.0
5170384852.0
5178657291.0
5188371232.0
5196658181.0
5206344516.0
5214671104.0
5224382213.0
5235238241.0
5244337074.0
5252661893.0
5263664088.0
5273336266.0
5282344851.0
5291337864.0
5302274231.0
5311160361.0
5320656642.0
5329657087.0
5339268038.0
5347701155.0
5356658422.0
5366658680.0
5375666557.0
5384659570.0
5393659307.0
5402713901.0
5411661966.0
5421665764.0
5433388533.0
5442420830.0
5450664248.0
5459663631.0
5469374032.0
5477663813.0
5487382000.0
5495666118.0
5505664607.0
5515393766.0
5524425001.0
5532665234.0
5542392623.0
5551407224.0
5563050008.0
5575178365.0
5584382312.0
5592711732.0
5602720130.0
5611669257.0
5621428144.0
5630403461.0
5638670592.0
5647684131.0
5657374713.0
5666671386.0
5675677139.0
5685398866.0
5694727037.0
5703672979.0
5713337725.0
5722429834.0
5731206250.0
5740674926.0
5750425319.0
5759259423.0
5768676782.0
5780536870.0
5788676591.0
5798399378.0
5806698715.0
5815680403.0
5825391865.0
5834387001.0
5842679260.0
5851681120.0
5863153316.0
5872185968.0
5881132263.0
5889712964.0
5898686511.0
5907684124.0
5916681738.0
5925689969.0
5934707756.0
5944572818.0
5964641641.0
5973711807.0
5982689247.0
5991685091.0
6001351960.0
6009713940.0
6018687841.0
6028398950.0
6037406473.0
6045690592.0
6055417627.0
6064359322.0
6074422223.0
6083390108.0
6091694753.0
6101462135.0
6109718647.0
6119392949.0
6128520096.0
6136692730.0
6145692114.0
6155398975.0
6164439413.0
6174493466.0
6182695476.0
6191694151.0
6201365268.0
6210660525.0
6219725029.0
6230582472.0
6239396049.0
6247698217.0
6256697246.0
6267398613.0
6275704674.0
6284704411.0
6294456220.0
6304699973.0
6314405065.0
6322701925.0
6331702723.0
6341454179.0
6350472319.0
6359307131.0
6369367909.0
6378464619.0
6386709453.0
6395703174.0
6405460645.0
6413704417.0
6423415880.0
6431704599.0
6440705398.0
6450502154.0
6459582938.0
6467709564.0
6477373956.0
6485706914.0
6495408467.0
6504413513.0
6512710373.0
6523178508.0
6531708598.0
6541380068.0
6550468638.0
6559188428.0
6567710732.0
6577627112.0
6586715682.0
6603145891.0
6613436715.0
6622180217.0
6631217115.0
6639713229.0
6650714009.0
6660668258.0
6669715420.0
6679482801.0
6687715602.0
6697111725.0
6706447682.0
6716532527.0
6724726750.0
6734441398.0
6743438658.0
6751725608.0
6761377612.0
6771441929.0
6779720031.0
6789488121.0
6797720921.0
6807161284.0
6817679322.0
6827241432.0
6836635431.0
6845725771.0
6856723365.0
6867437827.0
6875723715.0
6884724514.0
6894489064.0
6902724696.0
6912429434.0
6920726293.0
6931192659.0
6940401207.0
6949727609.0
6959658145.0
6969382703.0
6979210958.0
6988459144.0
6997476577.0
7005732382.0
7015463310.0
7024673981.0
7033409697.0
7042453320.0
7050731775.0
7061185754.0
7069732125.0
7079482164.0
7088545960.0
7097349981.0
7107454999.0
7115734162.0
7125478185.0
7134508359.0
7142735143.0
7152145777.0
7161668956.0
7173112485.0
7181737425.0
7191466937.0
7200458180.0
7209143286.0
7218509680.0
7227454560.0
7236140019.0
7245110028.0
7254515353.0
7263005450.0
7272692847.0
7282171786.0
7291214701.0
7300163828.0
7309143392.0
7318174981.0
7327192414.0
7336179056.0
7345113673.0
7354173222.0
7363445120.0
7372165264.0
7381139519.0
7390173939.0
7399209068.0
7408171290.0
7417121479.0
7426172534.0
7435187489.0
7444167761.0
7453119365.0
7462422409.0
7471214043.0
7480172372.0
7489151582.0
7498175739.0
7507189279.0
7516170612.0
7525131064.0
7534180704.0
7543188581.0
7552173807.0
7561130366.0
7570181067.0
7579213719.0
7589051175.0
7598175137.0
7607176998.0
7616251765.0
7625160546.0
7634174793.0
7643312204.0
7652251775.0
7661709126.0
7671180633.0
7683487718.0
7692162560.0
7701506303.0
7711521426.0
7721513898.0
7730349772.0
7739481166.0
7748375790.0
7759217307.0
7769650051.0
7779437606.0
7788279850.0
7797463624.0
7806359310.0
7815455312.0
7824323392.0
7833407361.0
7846603130.0
7856535436.0
7865424751.0
7874325392.0
7883288321.0
7892515627.0
7901447412.0
7911447670.0
7920308672.0
7929517220.0
7940596569.0
7950524628.0
7959368288.0
7968281316.0
7977403154.0
7992156154.0
8001399385.0
8010428851.0
8020478658.0
8030659060.0
8041560743.0
8051450933.0
8061286267.0
8070504016.0
8079289634.0
8088438016.0
8097251947.0
8106345825.0
8115433687.0
8126282637.0
8135443052.0
8144376253.0
8153430493.0
8162510215.0
8171478454.0
8183441886.0
8194296144.0
8203464345.0
8212300573.0
8221431613.0
8230344640.0
8239486652.0
8248296690.0
8257393754.0
8268436296.0
8277259428.0
8286495228.0
8295299957.0
8304444445.0
8313251652.0
8322505147.0
8335546254.0
8344180042.0
8353149696.0
8363513072.0
8373459889.0
8382373979.0
8391452285.0
8400290282.0
8409400795.0
8418345321.0
8427437431.0
8438622247.0
8448431036.0
8457255939.0
8467480226.0
8476301943.0
8485502705.0
8498316244.0
8507444098.0
8516382254.0
8526408702.0
8536299600.0
8545393833.0
8559306636.0
8569300524.0
8578302384.0
8587596580.0
8596431392.0
8613481662.0
8622229411.0
8631191279.0
8640202341.0
8649141559.0
8659142525.0
8670491204.0
8680539241.0
8689156041.0
8698506863.0
8707507662.0
8716271337.0
8725508905.0
8734201443.0
8743197641.0
8752197732.0
8761711001.0
8771528993.0
8780263647.0
8789548994.0
8798190568.0
8807496796.0
8816640577.0
8826248697.0
8838593650.0
8847535699.0
8856179396.0
8865686649.0
8875205227.0
8884519950.0
8894500389.0
8903180186.0
8912310164.0
8921530745.0
8930180459.0
8939180196.0
8948578089.0
8957474836.0
8967182759.0
8976484033.0
8985154274.0
8994540488.0
9006574349.0
9027353482.0
9036450900.0
9045266246.0
9054368265.0
9063352076.0
9072478161.0
9081298816.0
9090495685.0
9099293690.0
9108440656.0
9119656970.0
9129411965.0
9138551853.0
9149685705.0
9160314872.0
9171370155.0
9183452503.0
9192293332.0
9201471089.0
9210350494.0
9219440126.0
9230339686.0
9239449137.0
9248389062.0
9257430915.0
9267299163.0
9276437281.0
9285261121.0
9294502937.0
9305334545.0
9314454260.0
9323314554.0
9332409848.0
9344396285.0
9353443446.0
9363654993.0
9373515100.0
9382316998.0
9391528731.0
9400303731.0
9409403273.0
9418316654.0
9427546083.0
9438381938.0
9447457059.0
9456339296.0
9465433882.0
9474394334.0
9483487505.0
9494626312.0
9504437226.0
9513259651.0
9522541105.0
9531327431.0
9540434758.0
9549266385.0
9563516470.0
9573516020.0
9582356495.0
9591483642.0
9602385679.0
9611483097.0
9620386215.0
9629451426.0
9638312074.0
9647472489.0
9656445329.0
9665297483.0
9674502137.0
9685352503.0
9694457353.0
9704438146.0
9713439652.0
9722308087.0
9731544594.0
9740384006.0
9749508322.0
9759575825.0
9769408327.0
9778362762.0
9787479292.0
9796311272.0
9805410814.0
9814306853.0
9827398924.0
9837266110.0
9846510757.0
9855311947.0
9864301067.0
9873409810.0
9882356814.0
9891331423.0
9900294352.0
9909479896.0
9919580312.0
9929526775.0
9938310977.0
9947460067.0
9956388313.0
9967348038.0
9976459259.0
9988701931.0
9998460111.0
10007304832.0
10016674412.0
10031638346.0
10040396712.0
10049446705.0
10059432453.0
10068456256.0
10077262047.0
10086511649.0
10097355644.0
10106460494.0
10115307693.0
10124574637.0
10133370872.0
10143332908.0
10152471026.0
10161448466.0
10170427322.0
10181515873.0
10191509407.0
10200295733.0
10209412262.0
10218362451.0
10227445004.0
10236470223.0
10245519863.0
10254375556.0
10263322559.0
10272450414.0
10283353159.0
10292689116.0
10303419504.0
10313476743.0
10322308724.0
10331463122.0
10342373299.0
10351525928.0
10360497706.0
10369161576.0
10378446924.0
10387221924.0
10396194409.0
10405191315.0
10414252280.0
10423126376.0
10432456317.0
10441153456.0
10450198848.0
10460279092.0
10469193181.0
10478198227.0
10487180268.0
10496419252.0
10505173018.0
10514530564.0
10523190895.0
10532282651.0
10541497215.0
10550504384.0
10559192321.0
10568598354.0
10577175869.0
10586502270.0
10595500946.0
10604301782.0
10621402662.0
10631572093.0
10640281972.0
10649184029.0
10659409378.0
10668501487.0
10677153678.0
10686563250.0
10695535028.0
10704189343.0
10713157581.0
10722585203.0
10731502477.0
10740186521.0
10749475408.0
10759515305.0
10768221645.0
10777147768.0
10786532212.0
10795233597.0
10804515406.0
10813179984.0
10824235621.0
10833522030.0
10842558574.0
10851207226.0
10860748455.0
10870518314.0
10879210144.0
10888200679.0
10897478948.0
10906208647.0
10915209092.0
10924545404.0
10933633266.0
10942210781.0
10952280761.0
10961739527.0
10971200063.0
10980184228.0
10989619636.0
10998253423.0
11007510812.0
11016665210.0
11026512930.0
11037422400.0
11055189705.0
11064187318.0
11073183162.0
11082560528.0
11091197855.0
11100509392.0
11109159106.0
11118255816.0
11128519742.0
11138207846.0
11147510535.0
11156280227.0
11167528040.0
11177496800.0
11186200309.0
11195510431.0
11204279060.0
11213208368.0
11222514243.0
11231511856.0
11240281902.0
11249246955.0
11259199081.0
11268501062.0
11277467531.0
11286255980.0
11295195905.0
11304503196.0
11313183346.0
11322252097.0
11331508069.0
11340516654.0
11349164599.0
11361163776.0
11372607305.0
11381185174.0
11390515469.0
11399508481.0
11408365944.0
11417180229.0
11426550162.0
11435513446.0
11444297294.0
11453492393.0
11464508037.0
11473152088.0
11482205621.0
11491530253.0
11500199786.0
11511181808.0
11520526614.0
11529169957.0
11538568558.0
11547195267.0
11556213761.0
11565475043.0
11574617408.0
11583199170.0
11593700574.0
11603512902.0
11612297812.0
11621186066.0
11630520254.0
11639198281.0
11648595112.0
11657180767.0
11667199783.0
11676526892.0
11685164219.0
11694599273.0
11703201562.0
11712229967.0
11721482400.0
11730605300.0
11739239087.0
11748509216.0
11757158222.0
11767538233.0
11776604860.0
11785157601.0
11794223166.0
11803531518.0
11812207068.0
11821177784.0
11830525421.0
11839538607.0
11848333780.0
11859481081.0
11868551248.0
11877158491.0
11886256617.0
11895523561.0
11904204419.0
11913474902.0
11922248487.0
11931203631.0
11940508090.0
11949495793.0
11959178235.0
11968211948.0
11977463673.0
11986213546.0
11995228501.0
12004513495.0
12013156484.0
12022539512.0
12031270627.0
12040248421.0
12049171712.0
12059347513.0
12068287792.0
12077187725.0
12086257183.0
12095221529.0
12104287802.0
12113184196.0
12122227464.0
12131317450.0
12140322142.0
12149196947.0
12159113681.0
12168200481.0
12177187831.0
12186260121.0
12195220573.0
12204196952.0
12213162713.0
12222254114.0
12231287473.0
12241178372.0
12250237213.0
12259464518.0
12268208727.0
12277179089.0
12286212802.0
12295239083.0
12304212630.0
12313157510.0
12322219537.0
12331370396.0
12340484448.0
12349165306.0
12359128757.0
12370215539.0
12379541233.0
12388523982.0
12397161662.0
12406531950.0
12415564601.0
12424248999.0
12433218299.0
12442526651.0
12451243609.0
12461221217.0
12472219165.0
12481496372.0
12490222178.0
12499749958.0
12509590954.0
12518214478.0
12527226249.0
12538283655.0
12547234198.0
12556215531.0
12565551842.0
12574564320.0
12583223590.0
12592529111.0
12601436830.0
12611555296.0
12628765891.0
12638272082.0
12647559553.0
12656604591.0
12665441173.0
12675209262.0
12684517614.0
12693182546.0
12703239785.0
12712533273.0
12723222252.0
12732516448.0
12741174302.0
12750261456.0
12759711021.0
12769500345.0
12778220134.0
12787595376.0
12796211822.0
12805575739.0
12814552471.0
12823249964.0
12832528587.0
12841166622.0
12850245282.0
12859506917.0
12869629276.0
12878520361.0
12887234842.0
12896608668.0
12905191138.0
12914522141.0
12923573550.0
12932292277.0
12941199642.0
12950518611.0
12959713710.0
12969538072.0
12978738480.0
12988483211.0
12997384205.0
13006483393.0
13015345456.0
13024539493.0
13033291843.0
13042482341.0
13053438173.0
13062569213.0
13072487363.0
13093496187.0
13103734985.0
13113457065.0
13122378587.0
13131478482.0
13140456630.0
13150624645.0
13161299468.0
13170554732.0
13181381739.0
13190525520.0
13199349361.0
13208617720.0
13217360160.0
13226475982.0
13235329905.0
13244585878.0
13255503133.0
13264509594.0
13273279994.0
13282485002.0
13291356622.0
13300629228.0
13309295930.0
13318496337.0
13329345641.0
13338165235.0
13347488451.0
13356474031.0
13365507744.0
13376532944.0
13386551960.0
13395333331.0
13404483836.0
13415393660.0
13424622027.0
13433374730.0
13443474439.0
13452319514.0
13462533538.0
13471538230.0
13482437436.0
13491504063.0
13500323657.0
13509566534.0
13518382943.0
13527476821.0
13536348795.0
13545449044.0
13556655095.0
13570360857.0
13579511716.0
13589543119.0
13598339000.0
13607542947.0
13618352966.0
13627502410.0
13636341115.0
13645443134.0
13654346251.0
13663348112.0
13673323242.0
13682509493.0
13693673074.0
13703241555.0
13712703860.0
13722424879.0
13732505122.0
13741298172.0
13750539634.0
13760568914.0
13769346745.0
13778476723.0
13789344431.0
13798579522.0
13808568809.0
13817323636.0
13826506348.0
13835341160.0
13844571650.0
13853358330.0
13862350988.0
13874736642.0
13884493052.0
13893415990.0
13902532165.0
13911343619.0
13920466872.0
13929300623.0
13938550579.0
13949364137.0
13959412528.0
13968324139.0
13977445978.0
13986395812.0
13995492169.0
14004356356.0
14013461914.0
14024546925.0
14034276438.0
14043230874.0
14052209022.0
14061440928.0
14070279279.0
14079336351.0
14088210093.0
14097182933.0
14106287075.0
14115228062.0
14124251512.0
14133277792.0
14142272575.0
14151228780.0
14160459624.0
14169186846.0
14178270107.0
14187233745.0
14198223907.0
14207219397.0
14216314691.0
14225212500.0
14234234534.0
14243301869.0
14252324965.0
14261528204.0
14270219680.0
14279219063.0
14288303032.0
14297206504.0
14306231369.0
14315236768.0
14324344804.0
14333226687.0
14342272787.0
14351483812.0
14361237745.0
14370272873.0
14379219523.0
14388213597.0
14397176881.0
14406293410.0
14415253155.0
14424252538.0
14433252983.0
14442276078.0
14451235115.0
14460457465.0
14469183271.0
14478270779.0
14487220614.0
14496222475.0
14505190006.0
14514272913.0
14523227349.0
14532216822.0
14541189662.0
14550274338.0
14559222404.0
14568229219.0
14577494747.0
14586521736.0
14595233385.0
14604228521.0
14613177648.0
14622280729.0
14639466903.0
14648338877.0
14657205187.0
14667234821.0
14676235973.0
14685144754.0
14694530260.0
14703287210.0
14714481582.0
14723236055.0
14732344090.0
14741269859.0
14750222525.0
14759458324.0
14768308355.0
14777207580.0
14786237400.0
14795223688.0
14804305887.0
14813218915.0
14822259352.0
14831254842.0
14840310498.0
14849211846.0
14859151231.0
14868218920.0
14877195299.0
14886292009.0
14895265556.0
14904215037.0
14913185399.0
14922292373.0
14931226635.0
14940215755.0
14949185409.0
14959222828.0
14968236014.0
14977188680.0
14986707613.0
14995566137.0
15004226822.0
15013594632.0
15022231959.0
15031594106.0
15040539340.0
15051227966.0
15060788306.0
15070232562.0
15079564981.0
15088401916.0
15097512783.0
15106368476.0
15115555435.0
15133672763.0
15142409186.0
15151580573.0
15161710364.0
15171502520.0
15180338394.0
15189567822.0
15198403696.0
15208448194.0
15218748220.0
15228529050.0
15237643102.0
15246400052.0
15256353594.0
15266574342.0
15275514267.0
15284447822.0
15293538515.0
15304434890.0
15313514258.0
15322372428.0
15331571066.0
15340361993.0
15349605932.0
15359314564.0
15370794900.0
15380464600.0
15389344714.0
15398514331.0
15407370378.0
15416581049.0
15425336937.0
15434528851.0
15445428765.0
15454603336.0
15464598994.0
15473340018.0
15482518483.0
15491349402.0
15500599357.0
15509412581.0
15520556342.0
15532556936.0
15541406966.0
15550521018.0
15559558978.0
15568363353.0
15577526600.0
15588737960.0
15598674159.0
15607399257.0
15616531713.0
15625313083.0
15634564809.0
15643382633.0
15652530661.0
15663568602.0
15672345372.0
15681556751.0
15690465531.0
15700563470.0
15709311219.0
15718536755.0
15729365885.0
15738551782.0
15747348017.0
15756534268.0
15765604434.0
15774683803.0
15786761903.0
15798472285.0
15808610217.0
15818530844.0
15827365302.0
15836647819.0
15845456087.0
15855690638.0
15864551994.0
15873317084.0
15882570933.0
15891370000.0
15900537139.0
15909421853.0
15918557494.0
15929413522.0
15939540129.0
15948348397.0
15957612509.0
15967381660.0
15977346527.0
15986536317.0
15997365801.0
16006546390.0
16019552105.0
16028446021.0
16037670849.0
16048737811.0
16059453334.0
16068343711.0
16077549781.0
16086413614.0
16095539346.0
16104360001.0
16113553330.0
16124550571.0
16134524639.0
16148730839.0
16160515897.0
16171254779.0
16180554283.0
16189317604.0
16198557650.0
16207412989.0
16217354143.0
16226560214.0
16237367047.0
16246549405.0
16255372538.0
16264380061.0
16273550032.0
16282375288.0
16291582420.0
16300358128.0
16309614101.0
16320418103.0
16331578853.0
16340588145.0
16349396060.0
16359557704.0
16368348277.0
16377560363.0
16388504162.0
16398569188.0
16407383472.0
16416554859.0
16425567691.0
16434440372.0
16444382588.0
16453719607.0
16465514221.0
16475571814.0
16485355122.0
16494584550.0
16503353888.0
16512591103.0
16521598980.0
16530444409.0
16540367868.0
16549716566.0
16562480911.0
16571585053.0
16580444993.0
16590487368.0
16600374373.0
16609572657.0
16618699804.0
16628452321.0
16647404891.0
16656608838.0
16665577785.0
16674502845.0
16684367200.0
16693642284.0
16702417638.0
16711580176.0
16722485399.0
16732380898.0
16741671200.0
16750369046.0
16759361351.0
16769406557.0
16778575112.0
16788722600.0
16798579522.0
16807386375.0
16818578623.0
16827389723.0
16836581636.0
16847444035.0
16856611528.0
16865601001.0
16874404315.0
16886134870.0
16896130881.0
16906736337.0
16917394525.0
16926563080.0
16935238984.0
16944233058.0
16953201651.0
16962576893.0
16971333490.0
16982246498.0
16991250836.0
17000347900.0
17009227659.0
17018240137.0
17027241998.0
17036323136.0
17045283942.0
17054243333.0
17063579998.0
17072325623.0
17081225556.0
17090264577.0
17099240956.0
17108323156.0
17117235121.0
17126249369.0
17135259723.0
17144331306.0
17153246457.0
17162572504.0
17171318130.0
17180627189.0
17189285043.0
17198244788.0
17207245587.0
17216328848.0
17225226657.0
17234260370.0
17243256214.0
17252324965.0
17261582353.0
17270266043.0
17279247376.0
17288326390.0
17297223492.0
17306252958.0
17315251279.0
17324364977.0
17333299594.0
17342244828.0
17351245980.0
17360608481.0
17369437631.0
17378250146.0
17387252007.0
17396323589.0
17405231661.0
17414269975.0
17423282099.0
17432330677.0
17441229548.0
17450266092.0
17459423322.0
17470232987.0
17479271301.0
17488246972.0
17497224766.0
17506256001.0
17515255384.0
17524282727.0
17533238578.0
17542254242.0
17551293971.0
17562666717.0
17575325240.0
17584456988.0
17593619527.0
17602380370.0
17611619709.0
17620435409.0
17629619183.0
17638572203.0
17647648386.0
17660589335.0
17670721958.0
17680639753.0
17689354234.0
17698613038.0
17707392639.0
17717812642.0
17728652390.0
17738620442.0
17747374207.0
17756630179.0
17765715210.0
17775643270.0
17786418605.0
17795616889.0
17804467273.0
17813439051.0
17822624594.0
17831387207.0
17840655920.0
17849364384.0
17860421791.0
17870399398.0
17879627765.0
17888524513.0
17897643520.0
17906361893.0
17915632022.0
17926461506.0
17935631123.0
17944251816.0
17953307118.0
17963299944.0
17972330826.0
17981368078.0
17992271884.0
18002480953.0
18011280728.0
18020646414.0
18029546701.0
18038250564.0
18047556438.0
18056338517.0
18066301968.0
18075558648.0
18084243046.0
18093318521.0
18102613778.0
18111277295.0
18120550963.0
18129308975.0
18141622784.0
18151660912.0
18160619240.0
18170294250.0
18180245314.0
18189310525.0
18198616046.0
18207249126.0
18216244616.0
18225704798.0
18234626320.0
18243261169.0
18252581200.0
18261631901.0
18271622604.0
18280573146.0
18289305323.0
18298568374.0
18307282854.0
18316572095.0
18325588466.0
18334253752.0
18343291358.0
18352588031.0
18361617851.0
18371253929.0
18380648637.0
18389616521.0
18398257741.0
18407583081.0
18416334015.0
18425577247.0
18434557872.0
18443266690.0
18452351367.0
18462334283.0
18471258990.0
18482257646.0
18491574846.0
18500340291.0
18509584584.0
18518253055.0
18527254208.0
18536647500.0
18545560528.0
18554252357.0
18563280762.0
18572648218.0
18582306239.0
18591630871.0
18601630776.0
18610577779.0
18619278811.0
18628574422.0
18637634325.0
18654329263.0
18664646277.0
18674670955.0
18683486302.0
18692338102.0
18701613540.0
18710569391.0
18719280333.0
18728690967.0
18737268128.0
18746638415.0
18755253799.0
18764653815.0
18773315562.0
18782259381.0
18790642949.0
18799303989.0
18808261963.0
18817329652.0
18828642586.0
18837462888.0
18846310087.0
18855266646.0
18864645427.0
18873319915.0
18882650564.0
18892594904.0
18901298059.0
18910264882.0
18919608272.0
18928597037.0
18937304439.0
18946598635.0
18955278078.0
18965324345.0
18974602968.0
18983332667.0
18992410620.0
19001786216.0
19010347097.0
19019346480.0
19028652000.0
19037602897.0
19046290126.0
19055595293.0
19064654134.0
19074649437.0
19083655191.0
19092504514.0
19102659787.0
19113305943.0
19122614295.0
19131689770.0
19140339838.0
19149627309.0
19159469720.0
19171597370.0
19180670013.0
19189273718.0
19198613569.0
19207607289.0
19216379812.0
19225371763.0
19234611809.0
19243719137.0
19252321780.0
19262456172.0
19271673922.0
19280342039.0
19289676935.0
19298359917.0
19307667207.0
19316652788.0
19325300024.0
19335611729.0
19344339304.0
19353630668.0
19363522628.0
19372387169.0
19381303736.0
19390617397.0
19399598376.0
19408364174.0
19417623686.0
19426669078.0
19435293664.0
19444358168.0
19453624050.0
19462699525.0
19472363563.0
19481659174.0
19490656080.0
19499351803.0
19512253467.0
19521626585.0
19530337881.0
19539345758.0
19548676053.0
19557304885.0
19566318425.0
19575352492.0
19584677124.0
19593309496.0
19601360030.0
19610677230.0
19619357380.0
19628679889.0
19637302351.0
19646352698.0
19657549548.0
19667385235.0
19676684031.0
19685347902.0
19694369582.0
19703687135.0
19712366932.0
19721355698.0
19730683869.0
19739357649.0
19748694669.0
19757695467.0
19767802254.0
19777356224.0
19786691828.0
19795381534.0
19806694468.0
19815690312.0
19824375418.0
19833312865.0
19841699266.0
19850374461.0
19859300584.0
19867532676.0
19878710768.0
19887356943.0
19896696440.0
19905309700.0
19913348200.0
19924784651.0
19934673072.0
19943671393.0
19952364993.0
19962386840.0
19971700501.0
19981696158.0
19992502638.0
20001750824.0
