1358685.0
10424958.0
18428067.0
26425513.0
35221748.0
44312442.0
53127435.0
62227684.0
71258919.0
80215833.0
96198338.0
105429536.0
119506910.0
128430555.0
138155820.0
147093976.0
155431182.0
165075754.0
175168385.0
184102647.0
192491879.0
202622378.0
212208201.0
220434631.0
230239527.0
238434813.0
253088362.0
262615434.0
272244081.0
280437243.0
289436980.0
299669053.0
308600484.0
318164718.0
326438927.0
335460960.0
345066956.0
355650114.0
365244077.0
375111617.0
384109230.0
392454222.0
402193998.0
410442017.0
420099684.0
429078540.0
437458924.0
446448043.0
456110666.0
465198528.0
474445298.0
484114291.0
493108366.0
501490873.0
511149956.0
519446815.0
531565262.0
541081009.0
549484751.0
559619852.0
576643579.0
584452741.0
592450541.0
601080436.0
609477453.0
617451541.0
625451111.0
634249469.0
642454664.0
651244529.0
659480869.0
667453541.0
676089098.0
685454077.0
693600168.0
702301199.0
710463924.0
718455708.0
726455985.0
735242665.0
744239570.0
752462461.0
761114299.0
770144119.0
778479201.0
787159351.0
795464351.0
804102385.0
813076287.0
820485170.0
828465628.0
836464136.0
845129068.0
854132344.0
863467948.0
871468933.0
879487614.0
888231116.0
897073714.0
904463486.0
912485706.0
921079502.0
929275849.0
938115262.0
947112521.0
956200737.0
965109164.0
974178269.0
983124210.0
992202871.0
1001131825.0
1010150319.0
1019127406.0
1028209251.0
1036469657.0
1044469581.0
1052470212.0
1061124173.0
1069513758.0
1078337599.0
1088643995.0
1096479701.0
1104479979.0
1113103149.0
1122211538.0
1131147570.0
1140390094.0
1149110237.0
1159389735.0
1170604280.0
1179529341.0
1188366985.0
1198143568.0
1207231430.0
1216162153.0
1225109865.0
1234171183.0
1243187908.0
1252163933.0
1261111998.0
1270204107.0
1279213754.0
1288168544.0
1297115193.0
1306230661.0
1315309675.0
1323488680.0
1332146180.0
1341150164.0
1351274647.0
1360190506.0
1369111320.0
1377596817.0
1386492148.0
1394492426.0
1403227787.0
1412225755.0
1421628603.0
1430493851.0
1438607736.0
1447494928.0
1456170477.0
1464519009.0
1473120590.0
1482220485.0
1490496463.0
1498505235.0
1507200958.0
1515498171.0
1524336522.0
1532618871.0
1541643736.0
1550633563.0
1564186787.0
1573581849.0
1581505680.0
1589536395.0
1598160273.0
1607166734.0
1616245041.0
1624502261.0
1632527313.0
1641243563.0
1649534052.0
1657506724.0
1666505045.0
1674505677.0
1683396053.0
1691574705.0
1702259791.0
1711470462.0
1720535674.0
1729283776.0
1738179462.0
1747193002.0
1755510388.0
1763556321.0
1771511297.0
1779509805.0
1788159519.0
1797129527.0
1805510618.0
1813514435.0
1822219360.0
1830540285.0
1838565337.0
1849133631.0
1859269439.0
1867625403.0
1887296777.0
1895515421.0
1903517822.0
1911517038.0
1920183032.0
1929143130.0
1937516789.0
1945516359.0
1954188369.0
1963194477.0
1971517526.0
1980334642.0
1988664062.0
1998349689.0
2007438259.0
2016202287.0
2025415436.0
2034250248.0
2043335987.0
2052372885.0
2061435265.0
2069622411.0
2078544994.0
2086614993.0
2094545903.0
2102523176.0
2110558845.0
2118523731.0
2126544889.0
2134558615.0
2143230980.0
2152210544.0
2161188692.0
2172182039.0
2180556406.0
2189353349.0
2198213997.0
2206534923.0
2215232415.0
2223528567.0
2232387445.0
2241621121.0
2250630768.0
2259282251.0
2267546196.0
2275535148.0
2284246797.0
2292537286.0
2300562338.0
2308532179.0
2316532456.0
2325494678.0
2334534054.0
2343384792.0
2352437970.0
2360977616.0
2368535852.0
2376693622.0
2386211493.0
2394535604.0
2402549684.0
2411237267.0
2420303894.0
2428537048.0
2437161280.0
2446215874.0
2455237200.0
2464234106.0
2473165537.0
2482217300.0
2491258091.0
2499540794.0
2508206080.0
2517007978.0
2524551349.0
2533163902.0
2542209648.0
2551267428.0
2560219032.0
2568543497.0
2584999542.0
2595389108.0
2603633234.0
2612655976.0
2620546185.0
2628546109.0
2636546740.0
2644590549.0
2652546941.0
2661173650.0
2669549079.0
2677582271.0
2686231631.0
2695237738.0
2703555832.0
2712405509.0
2720702014.0
2728550816.0
2736572682.0
2744701077.0
2754698858.0
2763552074.0
2771552351.0
2780308594.0
2788553074.0
2796553351.0
2804553983.0
2812554260.0
2822554518.0
2830579216.0
2839255828.0
2848256626.0
2856556317.0
2864704885.0
2872556872.0
2881178980.0
2890249147.0
2907702174.0
2917178636.0
2925563621.0
2933565668.0
2942223168.0
2950566036.0
2959269545.0
2967604274.0
2976216826.0
2984564650.0
2992570944.0
3001182788.0
3010233489.0
3018563263.0
3027223948.0
3036233949.0
3044565138.0
3052572494.0
3061188586.0
3069573216.0
3078557381.0
3087389362.0
3096235853.0
3105524740.0
3114567654.0
3122567578.0
3130568563.0
3141205517.0
3149659515.0
3159500511.0
3168663757.0
3178448835.0
3187470515.0
3196571118.0
3206240111.0
3214648100.0
3223659162.0
3231572376.0
3239576193.0
3247573993.0
3255573208.0
3264231770.0
3272573931.0
3281237447.0
3291284069.0
3300330877.0
3308577126.0
3316576342.0
3325384256.0
3333687840.0
3341577341.0
3349610887.0
3359169458.0
3367271309.0
3375578432.0
3383629320.0
3391580403.0
3399607578.0
3408279942.0
3417202526.0
3426314808.0
3434581585.0
3443408610.0
3451644596.0
3461122474.0
3470244666.0
3478582934.0
3486583565.0
3494583842.0
3503283105.0
3511694279.0
3521326464.0
3529585808.0
3537586086.0
3545630603.0
3553592304.0
3562277409.0
3571271130.0
3580263080.0
3589210084.0
3597589406.0
3607265123.0
3616494198.0
3626582935.0
3634689741.0
3644338561.0
3653227522.0
3662243539.0
3670690813.0
3678584562.0
3686680397.0
3694610599.0
3702631403.0
3710612215.0
3719250604.0
3728349437.0
3736586839.0
3744626401.0
3753096325.0
3761588546.0
3770242507.0
3778590330.0
3786589546.0
3794591593.0
3802591871.0
3811305997.0
3820276359.0
3829203190.0
3837591005.0
3845697458.0
3856592770.0
3864598357.0
3872592971.0
3881278431.0
3890369478.0
3899240744.0
3908372491.0
3916600337.0
3925204396.0
3933595397.0
3942311293.0
3950644252.0
3961245106.0
3970252629.0
3978597975.0
3986597899.0
3994598176.0
4002599161.0
4010706676.0
4020239764.0
4028607053.0
4036600252.0
4045204665.0
4052606824.0
4061289806.0
4069604715.0
4078257614.0
4086605437.0
4094602529.0
4102704735.0
4112371250.0
4122609694.0
4130630145.0
4138604586.0
4147145294.0
4155604955.0
4164249714.0
4172606031.0
4180634976.0
4188677369.0
4198269562.0
4206630126.0
4214608107.0
4222608031.0
4230642284.0
4238631590.0
4246609217.0
4254616573.0
4263111271.0
4274323339.0
4282610996.0
4290637818.0
4298611551.0
4307274006.0
4315694028.0
4324620859.0
4332620074.0
4340643710.0
4348710878.0
4359225377.0
4367293960.0
4375614886.0
4383616225.0
4392278680.0
4400644907.0
4408616163.0
4416616794.0
4424624504.0
4432624781.0
4443617775.0
4451618406.0
4459628240.0
4467642320.0
4475618885.0
4483683221.0
4492685082.0
4501623237.0
4510308697.0
4518665722.0
4526624591.0
4535278198.0
4544385879.0
4552622573.0
4561108424.0
4569246728.0
4577113226.0
4593349135.0
4602630589.0
4610625204.0
4618708652.0
4626626113.0
4634717701.0
4644273794.0
4652671874.0
4661283718.0
4669626941.0
4677657655.0
4685628203.0
4693628835.0
4701629112.0
4710417207.0
4718654609.0
4728320062.0
4737247600.0
4745280438.0
4753631093.0
4762291778.0
4771340002.0
4781632949.0
4790297881.0
4798640749.0
4806633949.0
4814663955.0
4822635211.0
4830634781.0
4838635058.0
4847169042.0
4856410150.0
4865278230.0
4873636317.0
4881637302.0
4889637225.0
4897666170.0
4905637780.0
4913638766.0
4921690007.0
4930645859.0
4940646117.0
4949294061.0
4959257866.0
4967301321.0
4975646313.0
4983641282.0
4991641560.0
5000232523.0
5008342515.0
5016642559.0
5024642837.0
5032647361.0
5040643392.0
5048644023.0
5056644655.0
5065266055.0
5073005142.0
5082366582.0
5090645745.0
5099326250.0
5107674427.0
5116647266.0
5124647898.0
5133116053.0
5142374502.0
5151320444.0
5160308148.0
5168650309.0
5176650232.0
5184652633.0
5192650433.0
5200651065.0
5208650988.0
5216656928.0
5225151273.0
5234336816.0
5242652433.0
5250652710.0
5259288621.0
5267682454.0
5275659019.0
5283659650.0
5292143377.0
5301291405.0
5310340337.0
5318656308.0
5327353092.0
5336420427.0
5345316467.0
5354330361.0
5362657303.0
5371356211.0
5380335421.0
5389290211.0
5398363208.0
5407394444.0
5415659805.0
5424472320.0
5432661235.0
5441661680.0
5451463391.0
5460447202.0
5468699468.0
5478525599.0
5486682662.0
5496457121.0
5506476491.0
5514664698.0
5523664789.0
5533422261.0
5541669218.0
5550687713.0
5563495235.0
5574433018.0
5583668109.0
5593480084.0
5602387449.0
5612577406.0
5620669348.0
5629697044.0
5639535563.0
5648572461.0
5656678560.0
5667468759.0
5676472035.0
5684672276.0
5694402850.0
5704484863.0
5712673424.0
5721700058.0
5731623163.0
5741469822.0
5749705100.0
5759708189.0
5769445134.0
5779724632.0
5789471840.0
5797685883.0
5807507768.0
5816598461.0
5824678724.0
5833678461.0
5843484419.0
5852592101.0
5862416463.0
5871368067.0
5880361080.0
5889303482.0
5896680867.0
5905296605.0
5912684253.0
5921339276.0
5930368742.0
5939342997.0
5947702500.0
5964337980.0
5973383727.0
5983508210.0
5992496621.0
6000687660.0
6010532903.0
6019503972.0
6027687579.0
6036687316.0
6046506015.0
6054688559.0
6065157049.0
6073688555.0
6082689353.0
6092597240.0
6100692721.0
6110531593.0
6118690779.0
6127707150.0
6137490104.0
6146492318.0
6154695390.0
6165116809.0
6173693616.0
6183499928.0
6192498957.0
6200694950.0
6210341292.0
6220608757.0
6230266425.0
6238696003.0
6248595749.0
6257493558.0
6266697505.0
6276505941.0
6285489044.0
6293698132.0
6305502655.0
6313699710.0
6323527257.0
6332605918.0
6340700691.0
6349728387.0
6360163255.0
6368702547.0
6377702638.0
6387523814.0
6396502316.0
6404702911.0
6414571512.0
6422704154.0
6432523207.0
6441480121.0
6449730263.0
6459282109.0
6468519678.0
6476707531.0
6486198504.0
6494707005.0
6503707804.0
6513490404.0
6522452980.0
6532527207.0
6540709043.0
6550157546.0
6559602864.0
6568535003.0
6577326637.0
6587527566.0
6603557142.0
6612712602.0
6621345682.0
6630430359.0
6640542455.0
6651530847.0
6660366367.0
6670542168.0
6678715511.0
6688541642.0
6697521206.0
6705717907.0
6715717811.0
6725622512.0
6733717639.0
6742718792.0
6752631279.0
6762209669.0
6770719232.0
6780532977.0
6788719768.0
6798589078.0
6807569703.0
6817363628.0
6827656575.0
6836319030.0
6846590035.0
6857540912.0
6866723624.0
6876528167.0
6885579929.0
6893724251.0
6903528085.0
6911725140.0
6921501370.0
6930454390.0
6941160711.0
6950551172.0
6959355547.0
6970212637.0
6979625040.0
6987728661.0
6997101780.0
7006554176.0
7014732473.0
7024351918.0
7033102144.0
7041730976.0
7051571619.0
7060474383.0
7070551441.0
7079170364.0
7087735138.0
7098103469.0
7106733718.0
7116541799.0
7124734961.0
7133734698.0
7143550566.0
7152555612.0
7161364942.0
7173582132.0
7182607351.0
7190737516.0
7200145318.0
7209554183.0
7218198942.0
7227146653.0
7236547731.0
7245521278.0
7254203552.0
7263421656.0
7272388833.0
7281354947.0
7289174020.0
7297350194.0
7305115117.0
7313384017.0
7322409944.0
7331407203.0
7340494004.0
7349502235.0
7359372252.0
7368153623.0
7376489413.0
7385393592.0
7394406424.0
7403407577.0
7412489069.0
7421421208.0
7430420237.0
7439457489.0
7448490848.0
7457397505.0
7467174088.0
7475408305.0
7484497229.0
7493500505.0
7503056598.0
7511418932.0
7520595627.0
7529436102.0
7538415666.0
7547415403.0
7556504681.0
7565403198.0
7574456022.0
7583415059.0
7592258719.0
7600438432.0
7609499042.0
7618424811.0
7627442952.0
7636421808.0
7645381552.0
7653203456.0
7661407235.0
7671587991.0
7683172732.0
7692574164.0
7701133276.0
7710455430.0
7719455875.0
7728186282.0
7736257343.0
7744222582.0
7752164110.0
7761148982.0
7769162709.0
7777381352.0
7785384461.0
7794232722.0
7802180266.0
7810231154.0
7818239217.0
7826192070.0
7834180668.0
7845628090.0
7854505372.0
7863422293.0
7872161547.0
7880289235.0
7889160500.0
7897126448.0
7905377298.0
7913416860.0
7922241763.0
7930291588.0
7939549684.0
7948423781.0
7957126228.0
7965378848.0
7973513260.0
7982022823.0
7990056369.0
7998221925.0
8006178671.0
8014437661.0
8023214077.0
8032095252.0
8041079063.0
8049534830.0
8059136933.0
8067177911.0
8075175711.0
8083188021.0
8091207764.0
8099400572.0
8108266175.0
8116166294.0
8125373780.0
8133513147.0
8142244615.0
8150183311.0
8159131376.0
8167231458.0
8176185186.0
8184165644.0
8193377731.0
8201440298.0
8210180968.0
8218190448.0
8226226824.0
8234188525.0
8242187033.0
8250234735.0
8259060699.0
8267179893.0
8275194327.0
8283174431.0
8291206207.0
8299191620.0
8307175971.0
8315184743.0
8323309599.0
8335186675.0
8344593062.0
8353558469.0
8363198441.0
8372284179.0
8380182175.0
8388172543.0
8396258822.0
8404182300.0
8412199565.0
8420266379.0
8428173576.0
8437642606.0
8446428224.0
8455193669.0
8463444165.0
8472195807.0
8480267221.0
8488563019.0
8497374472.0
8504992874.0
8513419621.0
8522209485.0
8530231706.0
8538238708.0
8546191560.0
8555423112.0
8567180919.0
8575457959.0
8584188366.0
8592204570.0
8609299788.0
8617376511.0
8625141434.0
8633432631.0
8642427059.0
8651429627.0
8662286717.0
8671253186.0
8680222132.0
8689565168.0
8698190462.0
8707193030.0
8716684003.0
8725139063.0
8734619772.0
8743613493.0
8752612168.0
8761410527.0
8771212238.0
8780678437.0
8789170658.0
8798600049.0
8807181811.0
8816322053.0
8826666672.0
8838247520.0
8847223191.0
8856591709.0
8865383697.0
8875623910.0
8884204611.0
8894189297.0
8903591436.0
8912724954.0
8921210451.0
8930588878.0
8939591092.0
8948265580.0
8957163390.0
8967592594.0
8976170817.0
8985565879.0
8994226918.0
9006243791.0
9015030117.0
9026458073.0
9035185295.0
9043228042.0
9051387936.0
9060421649.0
9069141792.0
9077173922.0
9085135269.0
9093143686.0
9101219702.0
9109428082.0
9119180599.0
9127462240.0
9136188400.0
9144178060.0
9153149837.0
9161332736.0
9170431923.0
9179443340.0
9188270719.0
9196186057.0
9204177486.0
9212269074.0
9220172025.0
9229394021.0
9238193796.0
9246233004.0
9254188334.0
9262443785.0
9271267272.0
9279191811.0
9287191381.0
9295248285.0
9304437013.0
9313139107.0
9321189640.0
9329428811.0
9338202750.0
9346195241.0
9354238342.0
9363183222.0
9371462386.0
9380270300.0
9388196255.0
9396174944.0
9404269009.0
9412194964.0
9420180377.0
9428354782.0
9437415392.0
9446188623.0
9454192085.0
9462239434.0
9470185916.0
9478206721.0
9486256546.0
9494100747.0
9502439368.0
9511237727.0
9519202259.0
9527183071.0
9535199982.0
9543187165.0
9551236637.0
9559298496.0
9568198428.0
9576175701.0
9584272952.0
9592212710.0
9601464081.0
9610216785.0
9618236527.0
9626184779.0
9634208769.0
9642235944.0
9650189505.0
9659107133.0
9667207923.0
9675340919.0
9684421349.0
9693142908.0
9701560453.0
9710189993.0
9718198411.0
9726236911.0
9734205336.0
9742068294.0
9750266057.0
9759094498.0
9767432766.0
9776272533.0
9784192825.0
9792180716.0
9800276197.0
9808207460.0
9817304878.0
9826454676.0
9835209503.0
9843202348.0
9851242618.0
9859470464.0
9868194146.0
9876182036.0
9884431117.0
9893174973.0
9902192405.0
9910221350.0
9919159860.0
9927474061.0
9936178986.0
9944268096.0
9952189450.0
9960430745.0
9969150888.0
9977176647.0
9988204325.0
9996422968.0
10005144527.0
10013175242.0
10021530851.0
10030234006.0
10038247379.0
10046189260.0
10054197323.0
10062548332.0
10071228483.0
10079187706.0
10087247795.0
10096440063.0
10105141448.0
10113151989.0
10121203938.0
10129161038.0
10137148929.0
10147223155.0
10155194412.0
10163442431.0
10172296000.0
10180439614.0
10189392988.0
10197462633.0
10206237279.0
10214193671.0
10222196426.0
10230345348.0
10239192547.0
10248190161.0
10257394462.0
10265178850.0
10273137365.0
10282446071.0
10291256109.0
10299187373.0
10307445656.0
10316282237.0
10324241106.0
10332186881.0
10341500895.0
10350261385.0
10359110354.0
10367187077.0
10375225224.0
10383233287.0
10391439898.0
10400572354.0
10409479365.0
10418478040.0
10427207385.0
10435233144.0
10443467007.0
10452429936.0
10462446829.0
10471491867.0
10480449488.0
10489394014.0
10497298026.0
10505587100.0
10514219472.0
10523601084.0
10532694963.0
10541184353.0
10550194707.0
10559602864.0
10568282660.0
10577587473.0
10586191886.0
10595190207.0
10604715156.0
10622232242.0
10631193402.0
10640696762.0
10649605189.0
10659092977.0
10668187917.0
10677628988.0
10686246849.0
10695222874.0
10704600947.0
10713582281.0
10722268802.0
10731193509.0
10740597064.0
10749159007.0
10759158557.0
10768633250.0
10777555833.0
10786212979.0
10795646264.0
10804201482.0
10813643614.0
10824651472.0
10833204567.0
10842245712.0
10851614230.0
10860446211.0
10870203683.0
10879622103.0
10888614761.0
10897166440.0
10906619190.0
10915623174.0
10924232542.0
10933316157.0
10942623447.0
10952712892.0
10961436575.0
10971607421.0
10980591939.0
10989268905.0
10998667505.0
11007199719.0
11016188839.0
11024564267.0
11033270962.0
11042207702.0
11050207271.0
11064601046.0
11073594413.0
11082244127.0
11091606982.0
11100195468.0
11109667330.0
11118668836.0
11128202987.0
11138619097.0
11147196612.0
11156693601.0
11168398320.0
11177180399.0
11186608375.0
11195197569.0
11204692081.0
11213623158.0
11222202442.0
11231199348.0
11240693860.0
11249661391.0
11259615286.0
11268189262.0
11277155377.0
11286669000.0
11295605386.0
11304190334.0
11313593889.0
11322667595.0
11331198039.0
11340198130.0
11349652295.0
11360550085.0
11372290196.0
11381664376.0
11390203668.0
11399196681.0
11409052896.0
11417592895.0
11426239778.0
11435201292.0
11444709253.0
11453179885.0
11463738623.0
11473560154.0
11482616164.0
11491215267.0
11500609621.0
11511628097.0
11520212690.0
11529580854.0
11538255342.0
11547603686.0
11556623950.0
11565163242.0
11574304192.0
11583606174.0
11593397975.0
11603199687.0
11612709771.0
11621698536.0
11630209161.0
11639609885.0
11648283312.0
11657585293.0
11667606787.0
11676211553.0
11685709250.0
11694284288.0
11703609628.0
11712642279.0
11721166707.0
11730289606.0
11739647507.0
11748194939.0
11757571243.0
11767218647.0
11776291998.0
11785563897.0
11794635125.0
11803216887.0
11812619735.0
11821587973.0
11830211851.0
11839223975.0
11849086560.0
11859161495.0
11868233785.0
11877671670.0
11886669637.0
11895213884.0
11904615670.0
11913162394.0
11922662569.0
11931612050.0
11940195935.0
11949182931.0
11959630540.0
11968623553.0
11977154704.0
11986625504.0
11995643291.0
12004201694.0
12013563134.0
12022219218.0
12031687894.0
12041287165.0
12050223198.0
12071403317.0
12080432075.0
12089316790.0
12097486947.0
12106486330.0
12115506594.0
12124515887.0
12133747793.0
12145287233.0
12153426954.0
12162380682.0
12170489965.0
12179517662.0
12188600569.0
12199575159.0
12208479693.0
12217420326.0
12226480582.0
12235370959.0
12243585710.0
12252462992.0
12261542714.0
12270546344.0
12279470343.0
12288458047.0
12297426640.0
12306526535.0
12315480971.0
12324499819.0
12333428773.0
12342533269.0
12351477795.0
12362240389.0
12370629621.0
12379224832.0
12388211120.0
12397570082.0
12406217672.0
12415248554.0
12424659896.0
12433626364.0
12442214497.0
12451661938.0
12461638130.0
12471499299.0
12481185280.0
12490636260.0
12499413738.0
12509271368.0
12518623606.0
12527638207.0
12537520965.0
12547650049.0
12556628551.0
12565175276.0
12574250397.0
12583639796.0
12592216603.0
12602269241.0
12611241372.0
12628459045.0
12638686518.0
12647243860.0
12656290667.0
12666267567.0
12675616266.0
12684205814.0
12693663165.0
12703659176.0
12712218287.0
12723634565.0
12732203232.0
12741693851.0
12750675184.0
12759409130.0
12769189252.0
12778633862.0
12787223410.0
12796624488.0
12805168381.0
12814239963.0
12823669355.0
12832214309.0
12841574687.0
12850656179.0
12860364456.0
12869220857.0
12878210331.0
12887656002.0
12896292621.0
12905603097.0
12914211048.0
12923258918.0
12932702820.0
12941611954.0
12950213890.0
12959408988.0
12969222379.0
12978257508.0
12986453855.0
12995209743.0
13003200819.0
13011215961.0
13019232873.0
13027229965.0
13035213608.0
13043225211.0
13052550197.0
13061559844.0
13070465085.0
13079091441.0
13087228684.0
13095214451.0
13103250474.0
13111489291.0
13120218989.0
13128202633.0
13136295636.0
13144544363.0
13153183459.0
13163217340.0
13171276014.0
13180481376.0
13189169667.0
13197169944.0
13205196765.0
13213169083.0
13221177501.0
13229205384.0
13237295910.0
13245258318.0
13254303711.0
13262471037.0
13271215600.0
13279241359.0
13287211554.0
13295238729.0
13303234406.0
13311229021.0
13319238146.0
13328544728.0
13337194442.0
13346216122.0
13354382386.0
13363489006.0
13372223306.0
13380478403.0
13389176603.0
13397203071.0
13405165833.0
13414487634.0
13423249539.0
13431222919.0
13439455012.0
13448298318.0
13456229582.0
13465198882.0
13473367623.0
13481472660.0
13490212269.0
13498225995.0
13506266973.0
13514216994.0
13522222580.0
13530299304.0
13538222074.0
13546222705.0
13555516192.0
13564519115.0
13573566984.0
13584065203.0
13592301897.0
13600222543.0
13608239100.0
13617440216.0
13626265826.0
13634238144.0
13642224619.0
13650264181.0
13659119874.0
13667223495.0
13675283585.0
13683243162.0
13693274565.0
13702449136.0
13711260944.0
13719220521.0
13728448888.0
13737175402.0
13745214610.0
13753032266.0
13762474045.0
13771240551.0
13779211100.0
13788453623.0
13797176952.0
13806531313.0
13815235530.0
13823249610.0
13831244579.0
13839240963.0
13847234516.0
13855250012.0
13865275752.0
13874258855.0
13882476083.0
13891233388.0
13899216677.0
13907327023.0
13915244838.0
13923225296.0
13931223096.0
13939267967.0
13948465189.0
13957170468.0
13965439368.0
13974308156.0
13982218893.0
13990226602.0
13998268996.0
14006233528.0
14014234513.0
14023572948.0
14035369685.0
14044275988.0
14053308994.0
14064499118.0
14073325790.0
14081480729.0
14090482236.0
14110606269.0
14119517527.0
14128513017.0
14137455774.0
14146512845.0
14155524616.0
14164490731.0
14173469587.0
14182495867.0
14191621599.0
14200492510.0
14209453670.0
14218491276.0
14227508355.0
14236499244.0
14245644087.0
14254639223.0
14263532078.0
14272491468.0
14281459707.0
14290492004.0
14299511914.0
14308528285.0
14317459717.0
14326511125.0
14335527850.0
14345563147.0
14354350180.0
14362369215.0
14371359750.0
14380260745.0
14389276054.0
14398379488.0
14407405061.0
14416328706.0
14425267570.0
14434303760.0
14445406822.0
14453577333.0
14462490007.0
14471555218.0
14480568404.0
14489478600.0
14498486123.0
14507482321.0
14516578324.0
14525547270.0
14536654578.0
14545507086.0
14554492667.0
14563591146.0
14572496388.0
14582407105.0
14590491261.0
14599529929.0
14608500291.0
14617472068.0
14634428197.0
14643490931.0
14652492438.0
14661414667.0
14669492099.0
14678493605.0
14687351422.0
14695606165.0
14706765499.0
14716547391.0
14725591368.0
14734502626.0
14743549080.0
14752511656.0
14761483787.0
14770495203.0
14779532102.0
14788491846.0
14797484151.0
14806586524.0
14815532466.0
14824535388.0
14833500087.0
14842523890.0
14851536369.0
14860206256.0
14869283854.0
14878263418.0
14887399059.0
14896321288.0
14905410920.0
14914230868.0
14923387744.0
14932206983.0
14941215214.0
14950340592.0
14960379427.0
14969271219.0
14978225301.0
14986385195.0
14995252567.0
15004639135.0
15013190106.0
15022642502.0
15031230634.0
15040228602.0
15051640986.0
15060486062.0
15070646644.0
15079255304.0
15087512171.0
15096227713.0
15104309037.0
15112238531.0
15120225714.0
15128327211.0
15136246796.0
15144232209.0
15152376884.0
15161213112.0
15169484135.0
15178236839.0
15186294097.0
15194231377.0
15202271293.0
15210289267.0
15218257338.0
15226484829.0
15235256644.0
15244232669.0
15252222329.0
15261196230.0
15269347276.0
15278238007.0
15286257750.0
15294307575.0
15303489933.0
15312225295.0
15320319714.0
15328232220.0
15336219049.0
15344335411.0
15352269860.0
15360314377.0
15370243852.0
15378287661.0
15386509490.0
15395234588.0
15403255393.0
15411232312.0
15419324254.0
15427248085.0
15435260042.0
15444507874.0
15453267656.0
15462291813.0
15471283056.0
15479233078.0
15487243973.0
15495227262.0
15503249483.0
15511255777.0
15519234465.0
15528499286.0
15537191115.0
15545212274.0
15553190255.0
15562247326.0
15570283703.0
15578258853.0
15588338742.0
15596560925.0
15605274344.0
15613187912.0
15621297549.0
15629216072.0
15637186975.0
15645191853.0
15653323079.0
15662237169.0
15670239924.0
15678287272.0
15686348069.0
15694525305.0
15703258543.0
15711265899.0
15719237509.0
15728559664.0
15737212563.0
15745186296.0
15753192237.0
15761602703.0
15770236845.0
15778614751.0
15787283930.0
15797589618.0
15806237208.0
15814532652.0
15823283586.0
15831292003.0
15839232469.0
15847274155.0
15855274786.0
15863230824.0
15871276757.0
15879232441.0
15887258908.0
15895260601.0
15903235397.0
15911259033.0
15919299657.0
15928518822.0
15937517143.0
15946263476.0
15954299853.0
15962517081.0
15971255628.0
15979254844.0
15987245919.0
15996522773.0
16005283970.0
16013533051.0
16022242223.0
16030276476.0
16038424691.0
16048241974.0
16056519368.0
16065521229.0
16074330559.0
16082243065.0
16090242635.0
16098288213.0
16106237881.0
16114274612.0
16123540140.0
16132281872.0
16140525290.0
16149289673.0
16159498742.0
16168245428.0
16179290802.0
16187237638.0
16195277200.0
16203295881.0
16211260767.0
16219249719.0
16227258137.0
16236568258.0
16245260442.0
16253217542.0
16261679680.0
16270243038.0
16278290740.0
16286243593.0
16294256965.0
16302291927.0
16310322995.0
16319533666.0
16328324946.0
16336247716.0
16344549530.0
16353201368.0
16362301263.0
16370241375.0
16378278106.0
16387539387.0
16396535231.0
16405252189.0
16413191592.0
16421334852.0
16430243633.0
16438246034.0
16446311786.0
16454324450.0
16464556170.0
16473539981.0
16484415828.0
16493220203.0
16501279585.0
16509204832.0
16517336058.0
16526240238.0
16534259981.0
16542293526.0
16550252750.0
16561571346.0
16570271670.0
16578286104.0
16586217368.0
16594563068.0
16603544755.0
16612398325.0
16621574312.0
16630257294.0
16646550184.0
16655232104.0
16663559400.0
16672260078.0
16680234165.0
16688337786.0
16696248877.0
16704236767.0
16712403386.0
16721555307.0
16730274388.0
16738247060.0
16746290161.0
16754238059.0
16762570310.0
16771261078.0
16779296393.0
16788231718.0
16796580603.0
16805310656.0
16813199096.0
16821288560.0
16829232565.0
16837326630.0
16846554997.0
16855288235.0
16863556781.0
16872242948.0
16880599973.0
16889252518.0
16897218820.0
16906246870.0
16914564257.0
16923238745.0
16931242207.0
16939591800.0
16948564286.0
16957558006.0
16967238678.0
16975640651.0
16984566065.0
16993575358.0
17002566955.0
17011569877.0
17020586956.0
17029649336.0
17038564488.0
17047569533.0
17056567501.0
17065565114.0
17074564497.0
17083697307.0
17092571404.0
17101565124.0
17110590343.0
17119577693.0
17128572121.0
17139639084.0
17148593519.0
17170697007.0
17181693893.0
17190438810.0
17199298397.0
17208312998.0
17217593745.0
17226342555.0
17235302300.0
17244313008.0
17253410780.0
17262687633.0
17272600828.0
17281605520.0
17290634278.0
17299601809.0
17308609332.0
17317703565.0
17326609160.0
17335608189.0
17344657121.0
17353624652.0
17362605985.0
17371610323.0
17380635896.0
17389607320.0
17398609888.0
17407612102.0
17416607592.0
17425602729.0
17434606713.0
17443629808.0
17452638747.0
17461662904.0
17471370474.0
17480471431.0
17489289255.0
17498257140.0
17507307841.0
17516398180.0
17525388008.0
17534278384.0
17543326608.0
17552456232.0
17564261464.0
17573695456.0
17583624223.0
17592235714.0
17600351014.0
17608247948.0
17616285741.0
17624380868.0
17632256567.0
17640229239.0
17648453545.0
17657648290.0
17668597044.0
17677245696.0
17685264377.0
17693244836.0
17701342086.0
17709212476.0
17717302295.0
17725593137.0
17734598891.0
17743300631.0
17751259500.0
17759453016.0
17768340207.0
17776352518.0
17785607782.0
17794255019.0
17802323248.0
17810616215.0
17819262743.0
17827281070.0
17835245602.0
17843262160.0
17851289335.0
17859455245.0
17868238386.0
17876328912.0
17884326004.0
17892295845.0
17900372214.0
17908250744.0
17916385510.0
17925657763.0
17936776750.0
17945293392.0
17953718369.0
17962642721.0
17972744200.0
17981789946.0
17991630942.0
18001743392.0
18011695518.0
18020333198.0
18029234901.0
18038660045.0
18047244992.0
18057061568.0
18065615017.0
18075245432.0
18084656066.0
18093735080.0
18102299147.0
18111685006.0
18120240578.0
18129722703.0
18142370609.0
18151342741.0
18161342291.0
18170705147.0
18179611450.0
18189727793.0
18198299999.0
18207657899.0
18216657636.0
18225382026.0
18234311334.0
18243671712.0
18252262322.0
18262397776.0
18271285322.0
18280260284.0
18289723652.0
18298255512.0
18307701183.0
18316256401.0
18325274188.0
18334664649.0
18343706502.0
18352274107.0
18362343025.0
18371665180.0
18380336483.0
18389298351.0
18398665453.0
18407271635.0
18416744558.0
18425266862.0
18434249611.0
18443679356.0
18452763325.0
18461631052.0
18473696058.0
18482669605.0
18491260569.0
18500756142.0
18509272430.0
18518661829.0
18527664043.0
18536333222.0
18545244834.0
18554661131.0
18563694490.0
18572332878.0
18582721029.0
18592356754.0
18601316852.0
18610265271.0
18619688646.0
18628258021.0
18637320047.0
18654755733.0
18665342784.0
18674333319.0
18684185287.0
18692751830.0
18701299970.0
18710257237.0
18719708571.0
18728379874.0
18736323171.0
18744636664.0
18753309383.0
18761306475.0
18769363733.0
18779647478.0
18788643676.0
18797344708.0
18805640859.0
18814641658.0
18823317208.0
18831320671.0
18839643366.0
18848650181.0
18857652750.0
18867259453.0
18875261854.0
18883383879.0
18892285227.0
18901709664.0
18910677548.0
18919292578.0
18928284883.0
18937715690.0
18946287896.0
18955690036.0
18964652966.0
18974291522.0
18983742148.0
18993081999.0
19001465921.0
19010756578.0
19019758438.0
19028336661.0
19037288973.0
19046695714.0
19055285262.0
19065312418.0
19074336929.0
19083345160.0
19093262956.0
19103731446.0
19113721087.0
19122301787.0
19131377262.0
19140752504.0
19149310908.0
19160263909.0
19171281322.0
19180353612.0
19189684615.0
19198299291.0
19207291950.0
19216794956.0
19225788322.0
19234301778.0
19243399550.0
19252733738.0
19261658445.0
19271356813.0
19280763907.0
19289359472.0
19298789217.0
19307351160.0
19316338510.0
19325715876.0
19335284356.0
19344752324.0
19353314975.0
19362710390.0
19372802313.0
19381711093.0
19390307366.0
19399284452.0
19408776487.0
19417308701.0
19426354801.0
19435703853.0
19444770480.0
19453311188.0
19463393909.0
19472779415.0
19481344188.0
19490346403.0
19501663938.0
19511672690.0
19521310538.0
19530753024.0
19540704796.0
19549676928.0
19558456175.0
19567454850.0
19576723210.0
19585673399.0
19594694371.0
19603414868.0
19611721283.0
19620711110.0
19629694567.0
19638428513.0
19647709259.0
19659628098.0
19668793822.0
19677693400.0
19686515118.0
19695752686.0
19704734374.0
19713391520.0
19722806755.0
19731732523.0
19740721289.0
19749821184.0
19759758445.0
19769421068.0
19778757025.0
19787756054.0
19799443078.0
19807794440.0
19817719668.0
19826722944.0
19835753472.0
19844463706.0
19852436378.0
19860717311.0
19870648909.0
19880720305.0
19889397978.0
19897721027.0
19906702714.0
19915390297.0
19925699171.0
19934361626.0
19943355700.0
19952780844.0
19961706259.0
19971384100.0
19982415316.0
19991703141.0
20000336221.0
