1283654.0
9406741.0
30232590.0
39408932.0
56131122.0
70091703.0
80624252.0
89410577.0
99081340.0
107411113.0
125511807.0
134412448.0
143412893.0
153081531.0
162217880.0
171194967.0
181086927.0
190089849.0
199313261.0
208416695.0
218108339.0
226416170.0
238199458.0
248102036.0
256417299.0
266223965.0
276102122.0
285130880.0
293419953.0
304102916.0
313152909.0
321420747.0
330421546.0
340130885.0
349093815.0
357421819.0
367505956.0
376434555.0
390624829.0
399431681.0
411109503.0
419424766.0
429192501.0
438236832.0
446426100.0
455426191.0
465535810.0
474448130.0
483430171.0
493123230.0
502119782.0
510429382.0
519434428.0
529119347.0
539168445.0
548430434.0
558239578.0
567500859.0
576586598.0
585432381.0
594432826.0
604142519.0
613113235.0
621433453.0
631517943.0
640597312.0
649434247.0
658435046.0
669091465.0
677528475.0
686436548.0
696136685.0
705133237.0
713452039.0
723124571.0
731437711.0
741135017.0
750274197.0
758439399.0
768174220.0
779100678.0
787441423.0
796447176.0
806174919.0
815097502.0
823442494.0
832442939.0
842137060.0
850445598.0
859444274.0
869568049.0
878445685.0
888143345.0
896454361.0
905500815.0
915130877.0
924157157.0
932450124.0
941447737.0
952947893.0
961499926.0
971062743.0
980533189.0
989537527.0
999192717.0
1007449938.0
1016450737.0
1026269790.0
1034451272.0
1044146809.0
1052452516.0
1061454023.0
1071522587.0
1081177423.0
1089454109.0
1099209103.0
1108166724.0
1116460045.0
1125456596.0
1135181862.0
1145480472.0
1154456850.0
1165042132.0
1174135303.0
1182460830.0
1192169461.0
1200459242.0
1210178845.0
1219145667.0
1227460223.0
1235460146.0
1243460424.0
1252145175.0
1260460792.0
1268461777.0
1276462409.0
1284550811.0
1294129555.0
1303130354.0
1311514277.0
1320147357.0
1329124089.0
1337487131.0
1345464404.0
1354101377.0
1363121287.0
1372204902.0
1380633064.0
1389468230.0
1398241815.0
1406471076.0
1414558063.0
1424263863.0
1432469058.0
1441124788.0
1450107538.0
1458469871.0
1467125602.0
1476140911.0
1484648351.0
1493471483.0
1502583058.0
1511481221.0
1519472651.0
1527473282.0
1536244389.0
1545130519.0
1553477988.0
1561494546.0
1570109576.0
1578483235.0
1586581901.0
1596140826.0
1605128530.0
1614242582.0
1622488124.0
1630519546.0
1640477688.0
1648478673.0
1656478597.0
1664478874.0
1672485522.0
1681140899.0
1690140990.0
1699134710.0
1708153559.0
1717136662.0
1726150555.0
1735172235.0
1743482543.0
1751482467.0
1760211104.0
1769122008.0
1777483280.0
1786348883.0
1794490727.0
1802484988.0
1810505792.0
1818485543.0
1826486174.0
1834486452.0
1842486375.0
1850487007.0
1858565146.0
1868154507.0
1876488174.0
1884488451.0
1892491206.0
1900491838.0
1908489284.0
1917159171.0
1926290211.0
1935222704.0
1944167938.0
1952491695.0
1960619028.0
1971163610.0
1979494799.0
1988168579.0
1996496583.0
2004493321.0
2012495014.0
2020494584.0
2028494861.0
2037373559.0
2046304282.0
2054499214.0
2063163084.0
2072170254.0
2080502858.0
2089159297.0
2098150540.0
2106500133.0
2115498454.0
2130911154.0
2139151741.0
2147499918.0
2155504088.0
2163501181.0
2172500918.0
2180511459.0
2188603400.0
2198502439.0
2206602875.0
2215164463.0
2223503085.0
2232503530.0
2241157490.0
2250275435.0
2259144223.0
2268164488.0
2276505586.0
2284505864.0
2292507557.0
2301166119.0
2310285480.0
2319149667.0
2328169223.0
2337173561.0
2346302124.0
2355155693.0
2363509179.0
2372509624.0
2380515918.0
2388517965.0
2396522843.0
2404521351.0
2413183098.0
2422177173.0
2431200976.0
2439522610.0
2448306812.0
2457183032.0
2466316903.0
2474521390.0
2482522729.0
2491249597.0
2500210403.0
2508522835.0
2516529483.0
2524597004.0
2532524021.0
2541190723.0
2550318932.0
2559183827.0
2568253639.0
2577201704.0
2586470418.0
2601467266.0
2611213059.0
2620247480.0
2628528059.0
2637604950.0
2646330755.0
2655194589.0
2663530025.0
2672329091.0
2680538179.0
2690449251.0
2700208138.0
2709204336.0
2718325820.0
2726532785.0
2735199841.0
2743541293.0
2752466000.0
2762211085.0
2771161274.0
2780244535.0
2789190123.0
2797535823.0
2816287723.0
2824536803.0
2833206690.0
2842188024.0
2851213951.0
2860226075.0
2868542399.0
2876539138.0
2884541185.0
2892539693.0
2901208164.0
2910341681.0
2918544399.0
2927198006.0
2936228888.0
2945202789.0
2954208189.0
2963176781.0
2972216864.0
2981201737.0
2990225186.0
2999167943.0
3008262883.0
3017197146.0
3026220949.0
3035219271.0
3043546213.0
3052238043.0
3060546935.0
3069210452.0
3078345031.0
3087246733.0
3095553856.0
3104260197.0
3114224355.0
3122585981.0
3131508919.0
3141220735.0
3149559357.0
3158225351.0
3167159613.0
3176227656.0
3185246505.0
3194247657.0
3203184397.0
3211554517.0
3220251302.0
3228554532.0
3237229020.0
3246357228.0
3254556407.0
3263183824.0
3271556067.0
3280333545.0
3289513425.0
3299183126.0
3308235596.0
3316559000.0
3324558569.0
3333230580.0
3341560707.0
3350258200.0
3358560722.0
3367232024.0
3376320948.0
3384560827.0
3393230714.0
3402372018.0
3410575797.0
3419189765.0
3427563071.0
3436257024.0
3445344532.0
3454215090.0
3465211976.0
3474380178.0
3483224545.0
3492237377.0
3500566443.0
3508566721.0
3517230945.0
3526218649.0
3534568242.0
3543266442.0
3551583121.0
3560241329.0
3569218769.0
3577590658.0
3586267978.0
3595282933.0
3603576961.0
3612241893.0
3621240215.0
3631141023.0
3641194368.0
3651629944.0
3660592166.0
3669610660.0
3679319646.0
3692161144.0
3701226001.0
3710252282.0
3719270069.0
3728332095.0
3737318737.0
3746257247.0
3755216991.0
3765168055.0
3773224960.0
3782254072.0
3790612866.0
3799612249.0
3809000940.0
3830388809.0
3840393668.0
3849581689.0
3858400221.0
3867240341.0
3876262375.0
3885298920.0
3894387136.0
3903247076.0
3912254245.0
3920597467.0
3929291067.0
3938248334.0
3947215157.0
3956353983.0
3965321160.0
3974322666.0
3983204903.0
3992239678.0
4001215703.0
4011070147.0
4019354974.0
4027582111.0
4037382761.0
4045582293.0
4055361354.0
4065344978.0
4073585919.0
4082584948.0
4092407894.0
4101414002.0
4110632459.0
4119589726.0
4128586278.0
4147464526.0
4155587967.0
4165182637.0
4174387291.0
4183409325.0
4191598948.0
4201403844.0
4209589928.0
4219416059.0
4228420751.0
4236590909.0
4245591707.0
4255408991.0
4263591889.0
4273592502.0
4283359175.0
4292463671.0
4300594190.0
4310101443.0
4318594372.0
4328430767.0
4337389450.0
4345600308.0
4354596152.0
4365342465.0
4373598978.0
4382597654.0
4392419538.0
4401417859.0
4409598634.0
4418599079.0
4428411054.0
4436602446.0
4445600060.0
4455401417.0
4465357790.0
4473603331.0
4483416368.0
4492425307.0
4500605020.0
4509602987.0
4519416378.0
4528460001.0
4536629450.0
4546397893.0
4555475492.0
4563605303.0
4574684652.0
4587097557.0
4595606413.0
4605415202.0
4613608010.0
4623408660.0
4633114460.0
4641609158.0
4650609249.0
4660436796.0
4670116407.0
4679375210.0
4688162952.0
4697136853.0
4707411396.0
4715611636.0
4725423257.0
4733627745.0
4742612617.0
4752437333.0
4761443087.0
4771134376.0
4781118708.0
4790441571.0
4800102070.0
4809616047.0
4818617200.0
4828451825.0
4837427850.0
4846167458.0
4855617731.0
4863621548.0
4872625532.0
4880626517.0
4888650507.0
4897642458.0
4905627517.0
4914465868.0
4922628239.0
4930638072.0
4938632333.0
4948511198.0
4957345656.0
4966437058.0
4975601012.0
4984658437.0
4993450425.0
5002454056.0
5011502633.0
5020476534.0
5029443003.0
5039219940.0
5048454324.0
5057536877.0
5066493790.0
5075391246.0
5084485124.0
5093436021.0
5102636783.0
5111389840.0
5120548485.0
5132447151.0
5141416097.0
5150478477.0
5159395752.0
5168540594.0
5177494322.0
5186453713.0
5195416289.0
5204456018.0
5213489377.0
5222455492.0
5232268175.0
5241511761.0
5250574849.0
5259643599.0
5268473457.0
5277455144.0
5286458420.0
5294639549.0
5303637870.0
5313448783.0
5322618046.0
5330640974.0
5340461089.0
5348639741.0
5358592574.0
5369139633.0
5377641056.0
5387265809.0
5396644945.0
5406569819.0
5415442146.0
5423645925.0
5432669375.0
5440643108.0
5448654357.0
5456646141.0
5464674378.0
5472644218.0
5480647327.0
5489103095.0
5498645739.0
5507275988.0
5515646462.0
5523647093.0
5531647017.0
5539647648.0
5547651465.0
5555652804.0
5565049635.0
5574433725.0
5582649538.0
5590649815.0
5598650447.0
5606657448.0
5614651709.0
5623655339.0
5632207372.0
5640651815.0
5649353200.0
5657673772.0
5668653317.0
5676653948.0
5685657224.0
5694427270.0
5702654408.0
5710654685.0
5718656024.0
5726655594.0
5734656579.0
5743164727.0
5752339298.0
5760657039.0
5769326926.0
5777659884.0
5786383921.0
5795364900.0
5803661759.0
5811667700.0
5820140455.0
5829353604.0
5837669575.0
5846661172.0
5854667466.0
5862667743.0
5871320642.0
5879662095.0
5888307208.0
5897357201.0
5908350549.0
5916664042.0
5924664319.0
5933204319.0
5941665396.0
5950315109.0
5958665764.0
5967339898.0
5975666132.0
5983672073.0
5991667749.0
5999670504.0
6008200948.0
6017512839.0
6026342697.0
6034669285.0
6043334571.0
6052358020.0
6060672929.0
6069341047.0
6077686393.0
6086671973.0
6095102259.0
6104345136.0
6113339919.0
6121672877.0
6129673509.0
6137680511.0
6154681587.0
6162682218.0
6171350336.0
6179688603.0
6187683218.0
6195688450.0
6204468052.0
6213544588.0
6222562375.0
6231685629.0
6240503099.0
6249545306.0
6258582204.0
6267454178.0
6276511603.0
6285491521.0
6294655121.0
6303572750.0
6312529309.0
6321468880.0
6331244402.0
6338693631.0
6347319633.0
6355692938.0
6363690738.0
6374304687.0
6382691441.0
6390692073.0
6398696951.0
6407323307.0
6415698381.0
6423694412.0
6432517545.0
6441471626.0
6451237592.0
6458696024.0
6466699133.0
6474698348.0
6482696148.0
6491199695.0
6498700596.0
6506700166.0
6515418540.0
6524557366.0
6533440311.0
6542553655.0
6552702204.0
6561224862.0
6569599583.0
6578465539.0
6587492882.0
6596594547.0
6605633569.0
6614466257.0
6623548103.0
6632466439.0
6641564565.0
6650468391.0
6659534664.0
6668484145.0
6677551126.0
6686494590.0
6695680487.0
6705229502.0
6713439652.0
6722568215.0
6731406566.0
6740550701.0
6749433999.0
6758549821.0
6767603353.0
6776477450.0
6785619462.0
6794465599.0
6803494711.0
6812468612.0
6821594343.0
6831374820.0
6840242192.0
6848489503.0
6857584798.0
6866534632.0
6886088861.0
6894415803.0
6903487739.0
6912249290.0
6920261601.0
6928272496.0
6936269234.0
6944504512.0
6953586712.0
6962473195.0
6971413474.0
6980589108.0
6989442324.0
7000335513.0
7010381780.0
7019409477.0
7028597497.0
7037443988.0
7047392929.0
7056311973.0
7065363736.0
7074365242.0
7083382675.0
7092401524.0
7101285176.0
7109239091.0
7117258126.0
7125462967.0
7135322013.0
7144421554.0
7153189476.0
7162382097.0
7171382896.0
7180158958.0
7188146848.0
7196148896.0
7204155190.0
7212145203.0
7220138403.0
7229378095.0
7238388449.0
7247099391.0
7255158418.0
7263128967.0
7271347611.0
7279312850.0
7288188363.0
7297149169.0
7305386217.0
7314256774.0
7323125916.0
7331096818.0
7339149122.0
7347130995.0
7355107914.0
7363140044.0
7371243312.0
7380394879.0
7389142981.0
7397121670.0
7405152030.0
7413144875.0
7421460492.0
7430479695.0
7439373257.0
7448165599.0
7456199498.0
7465061208.0
7473164829.0
7481127592.0
7489143441.0
7497164954.0
7505131255.0
7513139673.0
7522443424.0
7531137731.0
7539122790.0
7547096524.0
7555151659.0
7563126808.0
7571342620.0
7579397755.0
7588158598.0
7596149674.0
7605402107.0
7614259216.0
7623134021.0
7631103861.0
7639291715.0
7647378701.0
7656160426.0
7664222993.0
7672409076.0
7681147623.0
7689148962.0
7697160211.0
7707274785.0
7715349738.0
7723396379.0
7732158284.0
7740148298.0
7748153176.0
7756170442.0
7765328026.0
7775275197.0
7783142755.0
7791377679.0
7800397590.0
7809400512.0
7818513856.0
7827387599.0
7836440423.0
7845396275.0
7854504310.0
7863380177.0
7873146850.0
7881390622.0
7890517415.0
7899505119.0
7908398327.0
7917394525.0
7926512470.0
7935436823.0
7944400107.0
7953406568.0
7962529114.0
7971388700.0
7980467007.0
7989392067.0
7998628928.0
8007527799.0
8016410744.0
8025415790.0
8034516747.0
8043383057.0
8052402968.0
8061001718.0
8069143208.0
8077141008.0
8086545271.0
8095193569.0
8104301959.0
8114154634.0
8122136508.0
8130511229.0
8139392758.0
8156169451.0
8165192546.0
8174409942.0
8183349867.0
8191153013.0
8199380505.0
8208406786.0
8217423157.0
8226515266.0
8235428294.0
8244400779.0
8253399454.0
8262531202.0
8273380506.0
8282398646.0
8291347066.0
8299142072.0
8307385844.0
8316414248.0
8325467426.0
8334513172.0
8343400718.0
8352416381.0
8361394175.0
8370512828.0
8379402497.0
8388013280.0
8396158310.0
8404416592.0
8413391201.0
8422380675.0
8431430668.0
8440475706.0
8449395812.0
8458375730.0
8467418998.0
8476412011.0
8485432983.0
8494382464.0
8503404852.0
8512421223.0
8521420606.0
8530377519.0
8539403092.0
8548423002.0
8557397611.0
8566260383.0
8575222251.0
8584170670.0
8593556530.0
8602136168.0
8611158556.0
8620579807.0
8629554770.0
8638579989.0
8648570338.0
8657544947.0
8668218354.0
8678403002.0
8688169676.0
8697583849.0
8708234959.0
8717134892.0
8726658071.0
8735617108.0
8745150197.0
8754271681.0
8763553489.0
8773152053.0
8782143650.0
8791158959.0
8799120660.0
8807109612.0
8815278353.0
8824176517.0
8832167238.0
8840166454.0
8848174164.0
8856160992.0
8865061633.0
8873380789.0
8882159328.0
8890388236.0
8899161112.0
8907142986.0
8915115658.0
8923286877.0
8931400054.0
8940160544.0
8948161175.0
8956193305.0
8965096423.0
8973160405.0
8981133431.0
8989154236.0
8997155929.0
9005150544.0
9014404747.0
9023110379.0
9031148526.0
9039135708.0
9047110150.0
9055412672.0
9065058660.0
9073158034.0
9081177777.0
9089148679.0
9098404652.0
9107207965.0
9115292121.0
9124192761.0
9132159063.0
9140183761.0
9148200672.0
9156181838.0
9165099466.0
9173141152.0
9181152755.0
9190386431.0
9199160015.0
9207313184.0
9216571280.0
9226140115.0
9234258600.0
9243145438.0
9251365851.0
9260237117.0
9268428863.0
9277156792.0
9285190338.0
9294522402.0
9303167869.0
9311115059.0
9320163991.0
9328180548.0
9337182055.0
9345156850.0
9353142971.0
9361163776.0
9370142986.0
9378273858.0
9386414287.0
9395116734.0
9403168683.0
9412522337.0
9421191162.0
9429234971.0
9437136152.0
9445160850.0
9453484253.0
9462279780.0
9471405157.0
9480162108.0
9488207687.0
9496438718.0
9505154614.0
9513155245.0
9521166848.0
9529252419.0
9537158201.0
9545178298.0
9553173620.0
9562388893.0
9571414465.0
9580168938.0
9588430406.0
9597161167.0
9605137732.0
9613156767.0
9621161645.0
9629150597.0
9638413294.0
9647367376.0
9656172105.0
9664245643.0
9672165582.0
9680418556.0
9689165596.0
9697166228.0
9705160843.0
9713145548.0
9721155027.0
9730461963.0
9739167242.0
9747144869.0
9755119311.0
9763171968.0
9771401583.0
9780170213.0
9788164120.0
9797424693.0
9806170672.0
9814147945.0
9822298991.0
9831152206.0
9839368727.0
9848169563.0
9856193553.0
9865063049.0
9873164546.0
9881161992.0
9889159084.0
9897160070.0
9905147252.0
9913186107.0
9921177536.0
9929171443.0
9937025553.0
9947118538.0
9955171549.0
9963154484.0
9971405334.0
9980168301.0
9988176365.0
9996171334.0
10004173027.0
10012171181.0
10021414058.0
10030140218.0
10038273214.0
10046410811.0
10055260134.0
10063151051.0
10071413227.0
10080169823.0
10088166208.0
10096189136.0
10104166409.0
10113416365.0
10122283029.0
10131147216.0
10139136876.0
10147166529.0
10163309712.0
10171168423.0
10179142864.0
10188414409.0
10197162512.0
10205152880.0
10213176869.0
10221193781.0
10229152650.0
10237162837.0
10245160283.0
10254574103.0
10263397235.0
10273162847.0
10281412990.0
10290277885.0
10299146319.0
10309163565.0
10317463610.0
10326399642.0
10336229312.0
10344186766.0
10352300651.0
10360437540.0
10369484348.0
10378153881.0
10386284046.0
10395153187.0
10403120551.0
10411169315.0
10419148357.0
10427133416.0
10435285170.0
10444426120.0
10453416301.0
10462162634.0
10470538416.0
10479653884.0
10488171587.0
10496178235.0
10504181698.0
10512184807.0
10520174821.0
10529406727.0
10538165093.0
10546151921.0
10554282440.0
10563145919.0
10571375535.0
10579419344.0
10588181957.0
10596174802.0
10604184635.0
10612172172.0
10621161999.0
10629415681.0
10638277037.0
10646194144.0
10654189820.0
10662294503.0
10671155859.0
10679132070.0
10688431928.0
10697399105.0
10706171628.0
10714145715.0
10722284374.0
10731148915.0
10739121941.0
10747169643.0
10755162134.0
10763123127.0
10771204098.0
10780435650.0
10789415214.0
10798149867.0
10806289234.0
10815159438.0
10823134587.0
10831181581.0
10840191936.0
10848182304.0
10856181873.0
10865068711.0
10873569426.0
10882152958.0
10890284184.0
10899149079.0
10907124936.0
10915179009.0
10923153451.0
10931139218.0
10939244608.0
10958114716.0
10966292306.0
10974418931.0
10983434241.0
10992299844.0
11000293043.0
11008381091.0
11017442056.0
11026277930.0
11034405971.0
11043425881.0
11052291130.0
11060326445.0
11068453779.0
11077288237.0
11085536964.0
11094734186.0
11103575015.0
11112575459.0
11121493088.0
11131293738.0
11139478405.0
11148562021.0
11157491328.0
11166611751.0
11175604409.0
11184549643.0
11193667588.0
11202620962.0
11211621407.0
11220480286.0
11229621235.0
11238605754.0
11247225385.0
11256578684.0
11266480554.0
11276342785.0
11284451007.0
11293314132.0
11301390502.0
11310606482.0
11319329102.0
11327387422.0
11336483778.0
11345275059.0
11353341518.0
11361508490.0
11370633514.0
11379611308.0
11388507348.0
11397648297.0
11406608396.0
11416656787.0
11428726393.0
11438298413.0
11446494052.0
11455686320.0
11465622519.0
11474695871.0
11484447326.0
11498543104.0
11507576817.0
11516508602.0
11525637872.0
11537129180.0
11545320926.0
11553445074.0
11562418621.0
11571511085.0
11581293331.0
11589293254.0
11597272297.0
11605288500.0
11613300103.0
11621486187.0
11630243491.0
11638279160.0
11647266864.0
11655427112.0
11664367037.0
11672297593.0
11680313443.0
11688299563.0
11696325323.0
11705329661.0
11714326566.0
11722274818.0
11730410646.0
11739425601.0
11748294035.0
11756305992.0
11765200616.0
11773290788.0
11781300267.0
11789484227.0
11798612082.0
11807537851.0
11817324697.0
11825344440.0
11833319944.0
11841294031.0
11849271304.0
11857302018.0
11865410594.0
11874414932.0
11883470942.0
11892179052.0
11901217720.0
11910340266.0
11919237367.0
11928198527.0
11937225870.0
11946419199.0
11955209772.0
11972135464.0
11980451434.0
11992207471.0
12001258526.0
12010185003.0
12019334092.0
12028207127.0
12037269508.0
12046561226.0
12055336934.0
12065215091.0
12074270393.0
12083192976.0
12092231998.0
12101382149.0
12110201743.0
12119196879.0
12128290050.0
12137248025.0
12146216617.0
12155143802.0
12173400927.0
12182214150.0
12191161861.0
12200295379.0
12209317412.0
12218166735.0
12227143467.0
12236262120.0
12245208770.0
12254200721.0
12266498604.0
12275402076.0
12284448530.0
12293425262.0
12302448358.0
12311399608.0
12320455618.0
12329457478.0
12338530830.0
12347396079.0
12356458459.0
12365146042.0
12374209838.0
12383153656.0
12392235148.0
12401240547.0
12410229667.0
12419212416.0
12428395128.0
12437446891.0
12448369455.0
12457289915.0
12466557920.0
12475350970.0
12484231437.0
12493213478.0
12502201890.0
12511354519.0
12520566252.0
12530636940.0
12540306994.0
12548454855.0
12557516881.0
12566483704.0
12576469098.0
12585547758.0
12594563775.0
12603438580.0
12612454597.0
12621507068.0
12631517236.0
12642302480.0
12651421133.0
12660431842.0
12669738424.0
12679324247.0
12688458472.0
12697462456.0
12706426447.0
12715429370.0
12724049354.0
12732190137.0
12740441341.0
12749415950.0
12758434798.0
12767452939.0
12776446659.0
12785497006.0
12794451442.0
12803386767.0
12811318738.0
12819166832.0
12830598681.0
12839673095.0
12848191152.0
12857167176.0
12867175221.0
12876193008.0
12885631247.0
12894299011.0
12903185494.0
12912605330.0
12921616038.0
12931362893.0
12940301048.0
12949217261.0
12958217352.0
12967622323.0
12976357331.0
12995501016.0
13005367140.0
13014356260.0
13023222925.0
13032179130.0
13041312293.0
13050374320.0
13059211963.0
13068527039.0
13077237273.0
13086401227.0
13095213389.0
13104273999.0
13113243653.0
13122410439.0
13131329483.0
13140186238.0
13149233046.0
13158260034.0
13166440101.0
13176605993.0
13185633689.0
13196221802.0
13205579703.0
13214600321.0
13223140320.0
13232194915.0
13241681994.0
13251183939.0
13260605544.0
13269435047.0
13279190041.0
13288657656.0
13297601120.0
13306211903.0
13315607319.0
13324609533.0
13333184925.0
13342171213.0
13351602374.0
13360616621.0
13369449310.0
13381607396.0
13390600055.0
13399191726.0
13408623949.0
13417598558.0
13426172534.0
13435221819.0
13444607679.0
13453594321.0
13462175375.0
13472222350.0
13481581312.0
13491168904.0
13500596526.0
13509185720.0
13518706422.0
13531689133.0
13541176920.0
13550190106.0
13559193736.0
13569201427.0
13578717174.0
13587171880.0
13596607288.0
13605595700.0
13614296023.0
13623595528.0
13633458820.0
13642171177.0
13651377248.0
13661587732.0
13670191791.0
13680310257.0
13689209482.0
13698306900.0
13707596848.0
13716611804.0
13725190381.0
13734726301.0
13744619322.0
13753187989.0
13765100457.0
13774583290.0
13783293170.0
13793171681.0
13802603550.0
13811135410.0
13820607625.0
13830361911.0
13839220790.0
13848180534.0
13857240083.0
13866642223.0
13875216907.0
13884183729.0
13893229122.0
13902356268.0
13911216209.0
13920570924.0
13930439525.0
13940352366.0
13949231064.0
13958234694.0
13967609582.0
13976235584.0
13985262572.0
13994211699.0
14009424791.0
14018313044.0
14026428698.0
14035506297.0
14044471350.0
14053452683.0
14062434725.0
14071494627.0
14080478084.0
14089476406.0
14098436858.0
14107482250.0
14116481987.0
14125478893.0
14134443946.0
14143596575.0
14152470318.0
14161476072.0
14170295311.0
14186461499.0
14195437170.0
14204487871.0
14213441599.0
14222458678.0
14231439657.0
14240462045.0
14249443732.0
14258461873.0
14267269079.0
14275498695.0
14284473304.0
14293456761.0
14302443757.0
14311494104.0
14321468172.0
14330466140.0
14339451012.0
14348464198.0
14357451902.0
14366141962.0
14375173198.0
14384331843.0
14393282032.0
14402232575.0
14411180640.0
14420249391.0
14429263992.0
14438220198.0
14447182420.0
14456265681.0
14466303100.0
14475222852.0
14484177288.0
14493229759.0
14504344145.0
14513254342.0
14522264342.0
14531162859.0
14540234795.0
14550582953.0
14559536681.0
14568470236.0
14577460771.0
14586579070.0
14595466262.0
14604462460.0
14613471752.0
14622574479.0
14631473350.0
14640502108.0
14649465038.0
14658579444.0
14667491410.0
14676478052.0
14685497608.0
14696334879.0
14704350728.0
14713324276.0
14721467889.0
14730654140.0
14739712273.0
14749483194.0
14758468420.0
14767703512.0
14776501516.0
14785503731.0
14794469138.0
14803519839.0
14812478168.0
14821470827.0
14830470210.0
14839749541.0
14849324392.0
14857475084.0
14866129044.0
14877406940.0
14886556384.0
14896360219.0
14904476227.0
14913485520.0
14922591786.0
14931484286.0
14940478006.0
14949483406.0
14958599936.0
14967489959.0
14976480848.0
14985497573.0
14994586851.0
15003487491.0
15012481212.0
15031412547.0
15040349641.0
15048491131.0
15057492992.0
15068330970.0
15076501481.0
15085521391.0
15094514758.0
15103607221.0
15112503614.0
15121486364.0
15130494595.0
15139542110.0
15148505394.0
15157498407.0
15166133256.0
15175450456.0
15184374455.0
15193191217.0
15201197865.0
15210729538.0
15219605405.0
15228205216.0
15237205307.0
15245489780.0
15254200367.0
15262228604.0
15270564748.0
15279194996.0
15287470621.0
15296214122.0
15304216877.0
15312316251.0
15321495424.0
15330316787.0
15338205581.0
15346188163.0
15354460248.0
15363194194.0
15373200822.0
15381200392.0
15389197484.0
15397203778.0
15405204056.0
15413188053.0
15426356570.0
15435227835.0
15444618650.0
15453619095.0
15462317649.0
15471584593.0
15481631922.0
15490187848.0
15499198557.0
15508626179.0
15517607158.0
15526195998.0
15536063184.0
15544230156.0
15553639374.0
15563157245.0
15572210069.0
15581186448.0
15590624687.0
15599163271.0
15608212557.0
15617598062.0
15626626113.0
15635212829.0
15644209381.0
15653595595.0
15663190265.0
15672213361.0
15681616208.0
15690733446.0
15699188152.0
15709227695.0
15718622048.0
15727264684.0
15736254511.0
15745694166.0
15754600469.0
15763210545.0
15773719027.0
15782623206.0
15791170992.0
15800228772.0
15809191347.0
15817493869.0
15826193485.0
15834597935.0
15843220751.0
15852212702.0
15860213688.0
15868505592.0
15877210871.0
15885258219.0
15894572588.0
15903187972.0
15911161352.0
15919646494.0
15928503603.0
15937500863.0
15946500954.0
15955549531.0
15965406807.0
15974214014.0
15982500610.0
15991562282.0
16000507162.0
16009502298.0
16018502389.0
16027548843.0
16036508942.0
16045503016.0
16054504169.0
16063612912.0
16073184932.0
16081510458.0
16090509133.0
16099560188.0
16108510023.0
16117505513.0
16126504542.0
16135599837.0
16144518527.0
16153553656.0
16162514462.0
16171648687.0
16188523061.0
16197523860.0
16206587302.0
16215530767.0
16224518470.0
16233520331.0
16242586250.0
16251616778.0
16260518126.0
16269145897.0
16277210234.0
16286642457.0
16295176086.0
16304232449.0
16313639190.0
16322645652.0
16331171495.0
16342365513.0
16351717397.0
16360235100.0
16369524694.0
16379588303.0
16388226692.0
16397207671.0
16406642372.0
16415653434.0
16424229533.0
16433629903.0
16442221221.0
16451591155.0
16460661675.0
16469533294.0
16479301737.0
16488222905.0
16496536045.0
16505202392.0
16513218596.0
16521428746.0
16529212073.0
16537235001.0
16545202364.0
16553338192.0
16561587272.0
16570531090.0
16579225398.0
16587211519.0
16595175697.0
16603264807.0
16611543617.0
16620219166.0
16628226522.0
16636271393.0
16644227785.0
16652228770.0
16660545095.0
16670223289.0
16678251172.0
16687696490.0
16698678866.0
16707568181.0
16716230990.0
16724250733.0
16732238269.0
16740232176.0
16748227499.0
16756238040.0
16765208402.0
16774547545.0
16785637865.0
16794693875.0
16803329078.0
16812244937.0
16821292807.0
16830412875.0
16839318117.0
16848535512.0
16857344842.0
16866693541.0
16875436335.0
16884276102.0
16893277962.0
16902388475.0
16911253370.0
16920203559.0
16929304516.0
16938593402.0
16949058353.0
16959417836.0
16967601088.0
16976576051.0
16985602686.0
16994627551.0
17003570661.0
17012575353.0
17021576860.0
17030576243.0
17039682155.0
17048425657.0
17067742761.0
17077572786.0
17087385468.0
17095770807.0
17106617279.0
17115586933.0
17124576407.0
17133569419.0
17142595700.0
17151654541.0
17160572523.0
17169574384.0
17178618360.0
17187590492.0
17196597307.0
17205576163.0
17214600321.0
17223616338.0
17232586346.0
17241625368.0
17250613779.0
17259602545.0
17268590249.0
17277587155.0
17286612020.0
17295705191.0
17304584596.0
17313346855.0
17321597352.0
17330594257.0
17339619830.0
17348595501.0
17357601609.0
17366574094.0
17375658417.0
17384599758.0
17393658953.0
17402597816.0
17411593306.0
17420600830.0
17429598089.0
17438592518.0
17447643572.0
17456590222.0
17465645170.0
17474617655.0
17483593680.0
17492593417.0
17501599525.0
17510599262.0
17519700927.0
17528650762.0
17537609444.0
17546604226.0
17555677224.0
17565426202.0
17574469117.0
17582602113.0
17591599726.0
17602252606.0
17610759338.0
17620609536.0
17629600425.0
17638604763.0
17647708905.0
17656612023.0
17665607513.0
17674606189.0
17683599555.0
17692620173.0
17701341024.0
17709619480.0
17718407575.0
17727255482.0
17736267606.0
17745491372.0
17754402276.0
17763255492.0
17772629318.0
17783304141.0
17792507380.0
17801262207.0
17810270438.0
17818612953.0
17827264082.0
17836270190.0
17845220025.0
17853584482.0
17862331523.0
17870585912.0
17879274203.0
17887231656.0
17895239720.0
17903281406.0
17911314951.0
17920590035.0
17929587295.0
17938239132.0
17946445035.0
17955249056.0
17963217127.0
17971229792.0
17979598142.0
17988224852.0
17996229730.0
18004204879.0
18012342476.0
18021590663.0
18030332749.0
18038231452.0
18046628824.0
18056238005.0
18065124842.0
18073221385.0
18081313327.0
18090599028.0
18099210519.0
18107593734.0
18116245217.0
18124234523.0
18132248604.0
18140230831.0
18148536185.0
18159757454.0
18168228086.0
18176232257.0
18184235366.0
18200600454.0
18211429231.0
18219339614.0
18227311224.0
18235410598.0
18243653308.0
18252651983.0
18261668000.0
18270782760.0
18280640744.0
18289391324.0
18297696678.0
18307370271.0
18315351437.0
18323627769.0
18332344373.0
18340371195.0
18352376743.0
18360632548.0
18369637593.0
18378468866.0
18386372525.0
18394240083.0
18402356445.0
18410337258.0
18420229571.0
18428609247.0
18437222862.0
18445229509.0
18453228017.0
18461224402.0
18469616465.0
18478305817.0
18486343256.0
18494342471.0
18504229477.0
18512617292.0
18521267360.0
18529227999.0
18537229692.0
18545256513.0
18553272717.0
18561643191.0
18570617800.0
18579315292.0
18587346715.0
18595243295.0
18603316125.0
18611283488.0
18619336499.0
18628618307.0
18637250679.0
18645258743.0
18653250173.0
18661620293.0
18670307875.0
18678348145.0
18686359394.0
18695308521.0
18703728190.0
18712241646.0
18720239092.0
18728332803.0
18736253096.0
18744236385.0
18752358056.0
18760625894.0
18769625631.0
18778312506.0
18786358793.0
18794259620.0
18802624785.0
18811264589.0
18819323617.0
18827295935.0
18836624814.0
18845353097.0
18853323646.0
18861258449.0
18869691212.0
18878264126.0
18886627167.0
18895268741.0
18903344757.0
18911283807.0
18919263203.0
18927268081.0
18935261281.0
18943416927.0
18952634323.0
18961629459.0
18970632381.0
18979288819.0
18987314225.0
18995396257.0
19003329644.0
19011319658.0
19019433189.0
19028634304.0
19037325073.0
19045303053.0
19053285281.0
19061394211.0
19069323705.0
19077637906.0
19086342831.0
19094558997.0
19103726491.0
19112637395.0
19121329579.0
19129347198.0
19137327656.0
19145339259.0
19154307851.0
19162638687.0
19173642652.0
19182341206.0
19190650452.0
19199286717.0
19207396001.0
19215392385.0
19223270916.0
19231714296.0
19240280486.0
19248336328.0
19256655484.0
19265474016.0
19274333956.0
19282647803.0
19291357683.0
19299320445.0
19307338419.0
19315656513.0
19324277206.0
19332647326.0
19341328184.0
19349323861.0
19357330509.0
19365304242.0
19373318323.0
19381329925.0
19389330557.0
19397341098.0
19405333235.0
19413342007.0
19421341222.0
19429335837.0
19437651100.0
19446346469.0
19454332236.0
19462661302.0
19471756596.0
19480352515.0
19488338636.0
19496345991.0
19504354055.0
19512654100.0
19521342744.0
19529318248.0
19537339052.0
19545358087.0
19553338545.0
19561333868.0
19570234155.0
19578662317.0
19587326187.0
19595297444.0
19603336652.0
19611319234.0
19619280226.0
19627329344.0
19635297415.0
19645342975.0
19653667086.0
19662458720.0
19671321846.0
19679285670.0
19687292672.0
19695432038.0
19703671563.0
19712323400.0
19720674763.0
19729692903.0
19740673156.0
19749338796.0
19757673878.0
19766345535.0
19774313252.0
19782403778.0
19790679756.0
19799673477.0
19808343718.0
19816356382.0
19824343565.0
19832503459.0
19840365355.0
19848345813.0
19856414750.0
19865466159.0
19874678246.0
19885680441.0
19894312813.0
19902348836.0
19910331418.0
19918680303.0
19927363639.0
19935350114.0
19945341524.0
19953681207.0
19962357465.0
19970685469.0
19979290589.0
19987328028.0
19995336799.0
