5328264.0
11027791.0
16062301.0
21523640.0
28065849.0
32536919.0
37514449.0
64087110.0
69566498.0
76183384.0
81561198.0
86510767.0
103512726.0
109024321.0
113506009.0
118559631.0
124377720.0
129262523.0
134203245.0
139231739.0
144267312.0
149173349.0
154260948.0
159384293.0
165030377.0
169507464.0
174519678.0
179515965.0
184508005.0
189536853.0
194516153.0
199516333.0
204508727.0
209517402.0
214551559.0
220051828.0
224530331.0
229518478.0
234518305.0
239523440.0
244510879.0
249539019.0
254519380.0
259519915.0
264520095.0
269520276.0
274526119.0
280101419.0
284521525.0
289527015.0
295157880.0
301087454.0
307029770.0
312534994.0
317522433.0
322523322.0
328057567.0
332524037.0
337523863.0
342534307.0
347525286.0
352520866.0
357526001.0
364060424.0
368574319.0
373535568.0
378523007.0
383970897.0
388526200.0
393571682.0
399838896.0
410136196.0
418379698.0
424072500.0
428542862.0
433528532.0
438529067.0
443572425.0
448529428.0
453570309.0
458529789.0
463985110.0
469531035.0
474545726.0
480261179.0
485271269.0
490345065.0
495452129.0
501268449.0
506030795.0
513021775.0
517533546.0
523107785.0
527533554.0
532534088.0
538086384.0
542536219.0
548528790.0
553547729.0
558546494.0
563536410.0
568536237.0
574039338.0
578548277.0
583577479.0
588537313.0
593565453.0
599045195.0
604115098.0
609035646.0
613556973.0
618541227.0
623575030.0
628538757.0
633578576.0
638545488.0
643565135.0
649541426.0
654540899.0
659541787.0
664541614.0
669586388.0
674541267.0
679571884.0
684543751.0
689579324.0
694590476.0
700148080.0
704544119.0
709537575.0
714543419.0
719544661.0
724543780.0
730035909.0
734538124.0
740546622.0
745546449.0
750564679.0
755562029.0
760546283.0
765585040.0
770549829.0
775567705.0
781024443.0
786011882.0
791047808.0
796010827.0
801049939.0
805547907.0
810549503.0
817546500.0
823019871.0
827982182.0
833017401.0
838041294.0
842547049.0
847568110.0
852561920.0
857584398.0
862554141.0
868131211.0
875178818.0
892449402.0
900477721.0
909225914.0
920051970.0
927370326.0
934574365.0
939567468.0
945080124.0
949557211.0
954571902.0
960056953.0
964556691.0
969581292.0
974550327.0
979995031.0
984559890.0
989569980.0
994558482.0
1000115732.0
1004576892.0
1009563978.0
1014553187.0
1019575664.0
1024981083.0
1029576379.0
1034560987.0
1039561168.0
1044554978.0
1049581348.0
1055052242.0
1060562421.0
1065577820.0
1071296812.0
1076561371.0
1082032973.0
1086557485.0
1091971752.0
1096564216.0
1101585986.0
1106558207.0
1113318785.0
1118266231.0
1123474163.0
1128276502.0
1133292609.0
1138324288.0
1143431707.0
1148265899.0
1153481616.0
1158275108.0
1162568864.0
1168454906.0
1173596301.0
1178567106.0
1183979249.0
1188593657.0
1193566232.0
1199340789.0
1204434758.0
1209319915.0
1214253912.0
1219289131.0
1225956628.0
1231356030.0
1236328605.0
1241298348.0
1246333213.0
1251453726.0
1256292873.0
1261308980.0
1266318009.0
1271344733.0
1276446489.0
1281399952.0
1286288293.0
1291355365.0
1296442256.0
1301319272.0
1306382804.0
1311553928.0
1317144447.0
1323240363.0
1327576590.0
1332597652.0
1338129066.0
1342597305.0
1348174375.0
1352572538.0
1357578381.0
1363086437.0
1367604578.0
1372599096.0
1377591136.0
1382572913.0
1388021156.0
1393037263.0
1398110351.0
1404222194.0
1409584788.0
1414601249.0
1419978354.0
1425579137.0
1430582857.0
1435582683.0
1440578617.0
1445576320.0
1451078005.0
1456248067.0
1460577569.0
1466066867.0
1472087399.0
1477005116.0
1481585193.0
1486586789.0
1492090952.0
1497223498.0
1505311984.0
1516993111.0
1522109023.0
1526600267.0
1531605756.0
1537082667.0
1541589837.0
1546582585.0
1552252382.0
1557593387.0
1562584720.0
1567582777.0
1572594283.0
1577589862.0
1583070666.0
1588133136.0
1593132609.0
1597595185.0
1602595366.0
1607606518.0
1614248533.0
1619318081.0
1624048929.0
1628591845.0
1633589194.0
1640587252.0
1645590618.0
1650594338.0
1655601951.0
1661023650.0
1665588863.0
1670590105.0
1675595948.0
1681120284.0
1686017120.0
1698111625.0
1702596852.0
1709016605.0
1713597745.0
1718596510.0
1724095363.0
1729054843.0
1734046529.0
1739990260.0
1744599359.0
1749602371.0
1763962672.0
1768593360.0
1773601680.0
1778602923.0
1783601687.0
1788598329.0
1793596386.0
1799110812.0
1804150277.0
1809253449.0
1813603124.0
1819108702.0
1823596761.0
1828608975.0
1834037752.0
1838605089.0
1843604915.0
1848598017.0
1853605276.0
1858602271.0
1864078120.0
1868610419.0
1873606352.0
1878601224.0
1884008412.0
1888599815.0
1893600350.0
1898608316.0
1904073194.0
1908881196.0
1912609742.0
1918038873.0
1922605148.0
1927607098.0
1933024196.0
1937604982.0
1942602685.0
1948164182.0
1952607647.0
1957607827.0
1963056778.0
1968001747.0
1973033426.0
1978054842.0
1982606960.0
1987609264.0
1992608029.0
1997605378.0
2002610513.0
2008993813.0
2013612822.0
2019191661.0
2023607874.0
2028608408.0
2033615313.0
2038615494.0
2045608951.0
2051098249.0
2056070116.0
2060610201.0
2066150109.0
2071609677.0
2076610212.0
2081610392.0
2086610927.0
2092075096.0
2097222507.0
2101611468.0
2106610941.0
2112611653.0
2118005039.0
2122612368.0
2128313310.0
2133074241.0
2138029473.0
2142613090.0
2148513289.0
2153614336.0
2158614517.0
2164071254.0
2168614878.0
2173616474.0
2178615239.0
2183618251.0
2188994648.0
2194046147.0
2199191789.0
2204009346.0
2208935558.0
2214009354.0
2218618099.0
2224063510.0
2229050596.0
2234035558.0
2239043878.0
2243991325.0
2249024774.0
2253619716.0
2259193955.0
2264311283.0
2269334822.0
2274327216.0
2279369867.0
2284411102.0
2289384739.0
2294389520.0
2300135056.0
2305040740.0
2310028887.0
2315072954.0
2320112773.0
2325052433.0
2330043058.0
2335074737.0
2339993162.0
2345016702.0
2350047673.0
2355195438.0
2360007333.0
2365021317.0
2370013711.0
2375047868.0
2380085564.0
2385084329.0
2390020096.0
2395050359.0
2400023642.0
2405010727.0
2410072490.0
2415200436.0
2421061349.0
2426027554.0
2431052508.0
2438025792.0
2443058180.0
2448004210.0
2453028811.0
2458038548.0
2463204363.0
2468027937.0
2473031657.0
2478024405.0
2483120852.0
2488129526.0
2493062816.0
2498032205.0
2503076272.0
2509058934.0
2514154319.0
2519076991.0
2525320138.0
2530381193.0
2535519756.0
2540327404.0
2545346697.0
2550331659.0
2555373955.0
2560458015.0
2565391305.0
2570340167.0
2575369723.0
2580324955.0
2585346371.0
2590383005.0
2595565808.0
2600340542.0
2605435927.0
2613171200.0
2621260748.0
2628029820.0
2633054775.0
2638190507.0
2643223602.0
2648050008.0
2653047003.0
2658035150.0
2663091250.0
2668128946.0
2673077808.0
2678037996.0
2683073922.0
2688047912.0
2693025442.0
2698074817.0
2703215504.0
2708974135.0
2714062088.0
2719079256.0
2724019270.0
2729017681.0
2734071304.0
2739216591.0
2744040166.0
2749044239.0
2754036988.0
2759078577.0
2764093976.0
2769086724.0
2774033816.0
2779087793.0
2784029223.0
2789021617.0
2794073116.0
2799216634.0
2804033838.0
2808908377.0
2813073306.0
2818184618.0
2823217359.0
2828032439.0
2833269392.0
2841185519.0
2847294530.0
2853139164.0
2862558388.0
2868175097.0
2874540347.0
2880572204.0
2886521597.0
2892506383.0
2897505148.0
2903547623.0
2909042583.0
2914575413.0
2937471200.0
2944213020.0
2950569422.0
2956183653.0
2962564122.0
2968138006.0
2973573508.0
2980132352.0
2985573871.0
2992296579.0
2998568748.0
3005092554.0
3010088133.0
3015221388.0
3020039299.0
3025027447.0
3030040722.0
3035075941.0
3040099126.0
3045081611.0
3050043922.0
3055074185.0
3060027294.0
3065049064.0
3070083221.0
3075221076.0
3080037926.0
3085049432.0
3090044304.0
3095079169.0
3100114387.0
3105086254.0
3111231365.0
3116053524.0
3121055120.0
3126052823.0
3131098660.0
3136107334.0
3142081856.0
3147228560.0
3152047179.0
3157056208.0
3162198310.0
3167089129.0
3172145583.0
3177083828.0
3182044369.0
3187118519.0
3192027388.0
3197030046.0
3202188429.0
3207225417.0
3213084207.0
3220517941.0
3225402389.0
3230360100.0
3235391425.0
3240338871.0
3245357456.0
3250404708.0
3255556720.0
3261195726.0
3268543103.0
3274574252.0
3282153093.0
3288515865.0
3295241051.0
3301541534.0
3310163731.0
3316206559.0
3323241779.0
3329541200.0
3337242497.0
3343563153.0
3351344790.0
3357576965.0
3365507249.0
3371593256.0
3378045569.0
3383093175.0
3388107866.0
3393402508.0
3398357741.0
3403390836.0
3409291035.0
3414359876.0
3419399695.0
3424477384.0
3429399702.0
3434366261.0
3439395109.0
3444366975.0
3449338135.0
3454395296.0
3459540230.0
3464348232.0
3469364693.0
3474357441.0
3479394783.0
3484416906.0
3489432306.0
3494361348.0
3499391966.0
3504449481.0
3509337823.0
3514416574.0
3520109729.0
3525404371.0
3530358542.0
3535389868.0
3540345100.0
3545364393.0
3550398903.0
3555540298.0
3560353255.0
3565368300.0
3570365649.0
3575398744.0
3581507048.0
3587626677.0
3594538025.0
3601280907.0
3606095987.0
3611275959.0
3624176340.0
3666390491.0
3672527463.0
3679199915.0
3685549592.0
3693251243.0
3700527128.0
3706611366.0
3725112175.0
3730598995.0
3736582365.0
3742278706.0
3748188815.0
3754604321.0
3768480813.0
3774539214.0
3780531786.0
3786543116.0
3792623814.0
3798611785.0
3804521539.0
3810554104.0
3816587377.0
3822535709.0
3828556241.0
3834556599.0
3840594118.0
3846549883.0
3852523343.0
3858544582.0
3864530430.0
3870538928.0
3876323749.0
3882542830.0
3888630252.0
3894545316.0
3900521961.0
3906560189.0
3913552938.0
3920265383.0
3926550647.0
3932543927.0
3952369812.0
3958586062.0
3964178350.0
3969559703.0
3976157478.0
3981591564.0
3988217298.0
3994599182.0
4000301894.0
4006592466.0
4013550178.0
4020513906.0
4026578678.0
4036189727.0
4042588245.0
4048299096.0
4054578697.0
4060154706.0
4065593747.0
4072157545.0
4077600834.0
4084156138.0
4089589517.0
4096327444.0
4102587579.0
4109062898.0
4114622626.0
4120173506.0
4126157938.0
4132159004.0
4137602292.0
4144286777.0
4150588675.0
4156163976.0
4161604078.0
4168150181.0
4173104352.0
4178114088.0
4184055696.0
4189071803.0
4194060304.0
4199095522.0
4204132157.0
4209089867.0
4214069520.0
4220069878.0
4225076783.0
4230066346.0
4235090947.0
4240241897.0
4245105465.0
4250064237.0
4255094500.0
4260140690.0
4265047436.0
4270106721.0
4275246700.0
4280091156.0
4285180170.0
4290081607.0
4295129213.0
4300187436.0
4305140545.0
4310069588.0
4316076317.0
4321086053.0
4326084110.0
4331128884.0
4336253291.0
4341107302.0
4346067844.0
4351127129.0
4356194908.0
4361047150.0
4366105727.0
4371243937.0
4376062202.0
4381123965.0
4386090877.0
4391099198.0
4396003820.0
4401183791.0
4406071779.0
4411123986.0
4416266442.0
4421070197.0
4426106478.0
4431248226.0
4436071801.0
4441086846.0
4446066853.0
4451097824.0
4456147200.0
4461107387.0
4466073238.0
4471105271.0
4476159247.0
4481050066.0
4486106166.0
4491245083.0
4496042468.0
4501166520.0
4506089546.0
4511104237.0
4516136978.0
4521107430.0
4526073280.0
4531110622.0
4536052406.0
4541073821.0
4546101254.0
4551257513.0
4556068700.0
4561087992.0
4566069061.0
4571081275.0
4575927854.0
4581112781.0
4586073322.0
4591089783.0
4596132434.0
4601053691.0
4606110852.0
4611249061.0
4616068743.0
4621117410.0
4626073351.0
4631108215.0
4636132109.0
4641112470.0
4646210686.0
4652056027.0
4657124868.0
4663101514.0
4668052499.0
4673056219.0
4678108780.0
4683250174.0
4688099585.0
4693078176.0
4698093575.0
4703083492.0
4708627647.0
4714170741.0
4719346820.0
4724353017.0
4729192518.0
4734071304.0
4739086703.0
4744156605.0
4749116085.0
4754066363.0
4759109014.0
4767596721.0
4773437815.0
4778382784.0
4783414464.0
4788370050.0
4793387573.0
4798418544.0
4803560293.0
4809314677.0
4814382102.0
4820479080.0
4835629684.0
4843257366.0
4849366731.0
4857321789.0
4864616786.0
4870600156.0
4878173335.0
4886204131.0
4893529212.0
4900117431.0
4907278646.0
4913587623.0
4921176373.0
4927597542.0
4936160634.0
4943268408.0
4949565351.0
4965055010.0
4970100138.0
4975107043.0
4980064399.0
4985073782.0
4990113601.0
4995260305.0
5001115910.0
5006078929.0
5011112378.0
5016062301.0
5021059297.0
5026117874.0
5031256083.0
5036074703.0
5041084439.0
5046077895.0
5051110636.0
5056191864.0
5061118430.0
5066084280.0
5071108527.0
5076234349.0
5081060755.0
5086120040.0
5091256480.0
5096077223.0
5101085897.0
5106210658.0
5111118465.0
5116136695.0
5121122011.0
5126084676.0
5131113524.0
5136086807.0
5141060089.0
5146140610.0
5152200426.0
5157122391.0
5162093550.0
5167116027.0
5172061704.0
5177088075.0
5185101175.0
5190079413.0
5195121002.0
5200280800.0
5205152862.0
5210082258.0
5215146498.0
5220063861.0
5225066165.0
5230120496.0
5235268261.0
5240077325.0
5245090600.0
5250081225.0
5255117505.0
5260185284.0
5265124591.0
5270086194.0
5275117519.0
5280101419.0
5285088505.0
5290130448.0
5295318914.0
5302272732.0
5309470048.0
5316496420.0
5323234701.0
5329601720.0
5337283198.0
5344603323.0
5350612883.0
5358164118.0
5364558390.0
5371317552.0
5377570609.0
5385230851.0
5392635564.0
5398609378.0
5404605135.0
5410273517.0
5416192827.0
5421616296.0
5428561974.0
5434630993.0
5442191430.0
5450193205.0
5458277444.0
5464174811.0
5471268428.0
5477589791.0
5485197300.0
5494289502.0
5500176960.0
5507282610.0
5513602558.0
5521313765.0
5527605399.0
5535375003.0
5541619920.0
5548540116.0
5554623999.0
5560178064.0
5567278406.0
5573577472.0
5584637115.0
5590621901.0
5598161103.0
5604565992.0
5613540693.0
5620210667.0
5627310655.0
5633583531.0
5641192809.0
5648621234.0
5654573106.0
5662272633.0
5668209640.0
5675268572.0
5681592413.0
5689220449.0
5695612243.0
5703387509.0
5709540407.0
5716407869.0
5723651194.0
5731228265.0
5737618289.0
5746288265.0
5752191649.0
5759276418.0
5765581501.0
5781133096.0
5786121597.0
5791123547.0
5796074533.0
5801098072.0
5806152402.0
5811279994.0
5816087996.0
5821096671.0
5826216476.0
5831242493.0
5837252407.0
5842180741.0
5847282497.0
5852085898.0
5857097404.0
5862095107.0
5867127848.0
5872233851.0
5877132810.0
5882111755.0
5887166439.0
5892073539.0
5897096724.0
5902140437.0
5907276169.0
5913132836.0
5918092669.0
5923128242.0
5929105595.0
5936624270.0
5944130557.0
5949138878.0
5954095526.0
5959126144.0
5964075006.0
5969081911.0
5974139072.0
5979275512.0
5984098025.0
5989116963.0
5994100509.0
5999125110.0
6009046193.0
6014095922.0
6019154854.0
6024188656.0
6029083369.0
6034134514.0
6039277324.0
6044218046.0
6049098955.0
6054092411.0
6059123383.0
6064203549.0
6069139670.0
6074095965.0
6079123751.0
6084051024.0
6089076333.0
6094134202.0
6099273119.0
6104066611.0
6109003440.0
6115132625.0
6120080425.0
6125093700.0
6130186608.0
6135284116.0
6140106983.0
6145231743.0
6150094957.0
6155158843.0
6161196717.0
6166290332.0
6171278125.0
6176095683.0
6181108251.0
6186101707.0
6191160638.0
6196185947.0
6201136579.0
6206107738.0
6211133754.0
6216084386.0
6221081027.0
6226118369.0
6231279583.0
6236099265.0
6241106170.0
6246101041.0
6251134137.0
6256259251.0
6261143699.0
6266120521.0
6271140167.0
6276102124.0
6281119647.0
6286151326.0
6291301923.0
6296101077.0
6301084269.0
6306181070.0
6311154352.0
6316219300.0
6321144096.0
6326104637.0
6331132777.0
6336093673.0
6341081112.0
6346139690.0
6351283915.0
6357141290.0
6362120235.0
6367136696.0
6372057599.0
6377083969.0
6382139361.0
6391146623.0
6396086283.0
6401110176.0
6406203791.0
6411281127.0
6416099392.0
6421110544.0
6426110725.0
6431144882.0
6436223278.0
6441146304.0
6446106492.0
6451285756.0
6456100836.0
6461090399.0
6466145083.0
6471284000.0
6476101204.0
6481105632.0
6486102981.0
6491116964.0
6496254112.0
6501146347.0
6506105119.0
6511139275.0
6516218734.0
6521086548.0
6526145480.0
6531281565.0
6536387214.0
6541239456.0
6546107270.0
6551120900.0
6556005349.0
6561147451.0
6566094897.0
6571141795.0
6576106230.0
6581130123.0
6586158263.0
6591294349.0
6596104474.0
6601112087.0
6606106605.0
6611139700.0
6616069804.0
6621148909.0
6626148028.0
6631143607.0
6636089992.0
6641094066.0
6646146272.0
6651286959.0
6656193351.0
6661107529.0
6666121512.0
6671118153.0
6676180270.0
6681146120.0
6686110555.0
6691038536.0
6695142591.0
6700177456.0
6705171619.0
6710115527.0
6716108099.0
6721115004.0
6726109521.0
6731123151.0
6736270208.0
6741149348.0
6747289858.0
6752099630.0
6761097690.0
6766153790.0
6771289168.0
6776267759.0
6781115754.0
6786119474.0
6791144782.0
6796180709.0
6801155053.0
6806138246.0
6811152229.0
6816095428.0
6821094901.0
6826154540.0
6831289210.0
6836130834.0
6841151188.0
6846109252.0
6851181279.0
6856154561.0
6861206060.0
6866119884.0
6871145547.0
6876200585.0
6881094943.0
6886152459.0
6891362868.0
6896106456.0
6901118316.0
6906131238.0
6911165395.0
6916208753.0
6921150183.0
6926222209.0
6931345908.0
6938644444.0
6944110384.0
6949158697.0
6957098182.0
6962147204.0
6967294969.0
6972110757.0
6977254275.0
6982153589.0
6987399390.0
6992342589.0
6997122631.0
7002124227.0
7007233061.0
7013122289.0
7018169894.0
7023290408.0
7028321733.0
7033283336.0
7040234323.0
7047298211.0
7052121785.0
7057118427.0
7062118961.0
7067126928.0
7072238947.0
7077155602.0
7082110481.0
7087206928.0
7092092438.0
7097097220.0
7102151904.0
7107294360.0
7113154920.0
7118117585.0
7123291540.0
7128102374.0
7133098307.0
7138160777.0
7143296863.0
7151167688.0
7156248916.0
7161150353.0
7166155842.0
7171151422.0
7176100992.0
7181098341.0
7186156918.0
7191274600.0
7196164712.0
7201124191.0
7206123664.0
7211280277.0
7216270548.0
7221159244.0
7226140666.0
7231144032.0
7236180666.0
7241126697.0
7246159438.0
7251297648.0
7256091847.0
7261139806.0
7266139633.0
7271164942.0
7276227412.0
7281152562.0
7286142124.0
7291156816.0
7296106032.0
7301099488.0
7306178238.0
7311293797.0
7316127989.0
7321124276.0
7326119148.0
7331166046.0
7336186754.0
7341162160.0
7346261792.0
7353161107.0
7358121648.0
7363156513.0
7368099712.0
7373123959.0
7378161655.0
7383299864.0
7389160070.0
7394122381.0
7399153353.0
7404102215.0
7409182735.0
7414187163.0
7419317940.0
7425166820.0
7430120283.0
7435156210.0
7440103656.0
7445103837.0
7450198868.0
7455311595.0
7460116765.0
7465128271.0
7470124205.0
7475159777.0
7480216939.0
7485182081.0
7490122095.0
7495155191.0
7500099098.0
7505136794.0
7510182630.0
7515327564.0
7520178036.0
7525120174.0
7533291477.0
7539320148.0
7544117179.0
7549128685.0
7554121787.0
7559157005.0
7564178067.0
7569170108.0
7574126048.0
7579157020.0
7584104820.0
7589108894.0
7594158269.0
7599301787.0
7605172964.0
7610146247.0
7615157753.0
7620111216.0
7625126969.0
7630181653.0
7635306767.0
7640117955.0
7645151050.0
7651159548.0
7656188042.0
7661129826.0
7666173892.0
7671449423.0
7676122227.0
7681130548.0
7686125773.0
7691158161.0
7696046148.0
7701200638.0
7706147377.0
7713166670.0
7718126150.0
7723163492.0
7728107045.0
7733105102.0
7738183145.0
7743305428.0
7749170235.0
7754123344.0
7759160686.0
7764108133.0
7769131672.0
7774160520.0
7788121245.0
7793144784.0
7798311661.0
7803307240.0
7809123206.0
7814129757.0
7819165684.0
7824375385.0
7829111895.0
7834240194.0
7839399993.0
7845170657.0
7850143585.0
7855166417.0
7860113155.0
7865133863.0
7870164127.0
7875307645.0
7880171212.0
7885140248.0
7890165911.0
7895258464.0
7900203079.0
7905170345.0
7910122039.0
7916125582.0
7921138504.0
7929173194.0
7934134443.0
7939181695.0
7944637016.0
7949116227.0
7954321681.0
7959308766.0
7964142250.0
7969236928.0
7974125623.0
7979138191.0
7984278524.0
7989204027.0
7994147581.0
7999177844.0
8004112903.0
8009276241.0
8014181217.0
8019320488.0
8024156450.0
8030143005.0
8035234497.0
8040216627.0
8045137530.0
8050325288.0
8055309896.0
8060133470.0
8065131881.0
8070127461.0
8075141798.0
8080277884.0
8085195247.0
8090151188.0
8095164817.0
8100110848.0
8105134033.0
8110183409.0
8116193676.0
8121171206.0
8126131394.0
8131183600.0
8137191745.0
8142197942.0
8152167512.0
8157176894.0
8162136374.0
8167161683.0
8172225923.0
8177120635.0
8182171780.0
8187349982.0
8192182405.0
8197181170.0
8202133571.0
8207172329.0
8213157114.0
8218196934.0
8223318155.0
8228128281.0
8233142264.0
8238133950.0
8243261188.0
8248219252.0
8253153604.0
8258038760.0
8262133260.0
8267173433.0
8272319075.0
8277174856.0
8282171851.0
8287202469.0
8292217160.0
8297123551.0
8302174343.0
8310157714.0
8315328484.0
8320324771.0
8325182322.0
8330134369.0
8335164633.0
8340223210.0
8345116153.0
8350182163.0
8355356826.0
8360130851.0
8365181289.0
8370135813.0
8375169616.0
8380195279.0
8385197937.0
8390285536.0
8395171046.0
8400321643.0
8405117611.0
8410206626.0
8415316167.0
8420132663.0
8425146293.0
8430142226.0
8435222039.0
8440196737.0
8445177806.0
8450146488.0
8455207188.0
8460243469.0
8465123670.0
8470175523.0
8475314086.0
8480192518.0
8485145982.0
8490138376.0
8495174656.0
8500207751.0
8505181388.0
8510168119.0
8515173962.0
8520121055.0
8525139639.0
8530182644.0
8535319792.0
8540129563.0
8545119834.0
8550146558.0
8555172575.0
8560274684.0
8565179307.0
8570160022.0
8575175774.0
8580122159.0
8585121632.0
8590174900.0
8595316295.0
8600132083.0
8605148190.0
8610289585.0
8615181466.0
8620229071.0
8625184658.0
8630153339.0
8636149451.0
8641157417.0
8646285009.0
8652125395.0
8657157075.0
8662184507.0
8667323424.0
8672195840.0
8681128070.0
8686187355.0
8691325211.0
8696152678.0
8701150028.0
8706145253.0
8711180118.0
8716199764.0
8721184018.0
8726150576.0
8731169868.0
8736275163.0
8741146163.0
8746185628.0
8751336225.0
8756146350.0
8761152901.0
8766149897.0
8771192901.0
8776274837.0
8781184768.0
8786186718.0
8791176281.0
8796153457.0
8801128509.0
8806204429.0
8811335205.0
8816296455.0
8821155421.0
8826148523.0
8831158260.0
8836210466.0
8841185873.0
8846155616.0
8851177739.0
8856223222.0
8861146602.0
8866187129.0
8871331001.0
8876145020.0
8881154048.0
8886146088.0
8891180953.0
8896353139.0
8901185915.0
8906149996.0
8911180967.0
8915991093.0
8921131072.0
8926252293.0
8931326089.0
8936147186.0
8941148782.0
8946200988.0
8951314069.0
8956252668.0
8961182064.0
8966153223.0
8971180656.0
8976224014.0
8981150226.0
8986180843.0
8991365416.0
8996151121.0
9001152717.0
9006148651.0
9011291815.0
9016410913.0
9023339957.0
9036717775.0
9044286353.0
9056714958.0
9064471113.0
9070674267.0
9078240367.0
9084618712.0
9091515549.0
9097642610.0
9105417523.0
9112673235.0
9120444609.0
9126638561.0
9132538052.0
9137706344.0
9144292086.0
9150689896.0
9156627257.0
9164585146.0
9170646024.0
9178376343.0
9184307687.0
9191332289.0
9197644097.0
9205262577.0
9214353010.0
9220252147.0
9227345764.0
9237395319.0
9252645375.0
9258642547.0
9264707673.0
9273743248.0
9280335007.0
9287398894.0
9293660445.0
9301257690.0
9310278401.0
9316326538.0
9323364943.0
9329657285.0
9337296647.0
9343673222.0
9351452027.0
9357691989.0
9365612717.0
9371695538.0
9379303047.0
9385664403.0
9393443563.0
9400606194.0
9406682291.0
9415374564.0
9421272640.0
9427433323.0
9433661252.0
9441394756.0
9448628171.0
9454685157.0
9465680386.0
9472360271.0
9479342757.0
9485653503.0
9493290740.0
9501396922.0
9510256245.0
9516271822.0
9523265987.0
9529672645.0
9537439772.0
9545673719.0
9551191684.0
9556214161.0
9561197354.0
9566161434.0
9571195591.0
9576140914.0
9581159498.0
9586198256.0
9591343898.0
9596154731.0
9601165175.0
9606158631.0
9612487073.0
9618159702.0
9623199167.0
9628131041.0
9633532213.0
9638468688.0
9643505322.0
9648544434.0
9653454011.0
9658525329.0
9664027368.0
9669512419.0
9674467298.0
9679505348.0
9685163111.0
9690161168.0
9695202049.0
9700258149.0
9705200995.0
9710168969.0
9715196401.0
9720159420.0
9725149691.0
9730207560.0
9735348955.0
9740166866.0
9745173417.0
9750165812.0
9755201384.0
9760291814.0
9765206346.0
9770161225.0
9775198213.0
9780154507.0
9793175221.0
9798159475.0
9803194340.0
9809233983.0
9814199125.0
9819365648.0
9824215767.0
9829171353.0
9834317349.0
9839173130.0
9844233123.0
9849235073.0
9854164470.0
9859198272.0
9864146073.0
9869145192.0
9877231554.0
9882188910.0
9887244302.0
9892248375.0
9897238292.0
9902187508.0
9907203261.0
9913169997.0
9918161684.0
9923197964.0
9928269990.0
9933218852.0
9938164883.0
9943196562.0
9948142239.0
9953171087.0
9958216923.0
9963340622.0
9968253384.0
9973172517.0
9978181899.0
9983214287.0
9988295869.0
9993203322.0
9998164572.0
10003266681.0
10009102466.0
10014164229.0
10019211835.0
10024129198.0
10029229892.0
10034167428.0
10039197338.0
10044146908.0
10049152751.0
10054208851.0
10059348476.0
10064253806.0
10069173647.0
10074185507.0
10079190288.0
10084204625.0
10090212416.0
10095347794.0
10100310459.0
10105176857.0
10110145539.0
10115340729.0
10120225178.0
10125208017.0
10130163249.0
10135210501.0
10140156886.0
10145151404.0
10150208211.0
10155346774.0
10160247150.0
10165312805.0
10170192299.0
10175214069.0
10180239731.0
10185209475.0
10190164707.0
10195343264.0
10200151973.0
10205155339.0
10210221349.0
10215383625.0
10220160482.0
10225304000.0
10230171814.0
10235217650.0
10240436553.0
10245219073.0
10250334278.0
10255268275.0
10264267750.0
10269215905.0
10274183879.0
10279206002.0
10284163358.0
10289157522.0
10294727514.0
10300264945.0
10305221593.0
10310187797.0
10315219477.0
10320240538.0
10325152593.0
10330256826.0
10335351857.0
10340166583.0
10346177913.0
10352316654.0
10361637488.0
10369351173.0
10375694833.0
10383463375.0
10389683872.0
10396632735.0
10402702462.0
10409547627.0
10415709726.0
10423077631.0
10428150011.0
10433179921.0
10438216909.0
10443365028.0
10448255847.0
10453186660.0
10458196750.0
10463218873.0
10468260109.0
10473213572.0
10478176591.0
10483209686.0
10488159256.0
10493154481.0
10498213059.0
10503351976.0
10509120870.0
10514181217.0
10519209003.0
10524155742.0
10529164063.0
10534214854.0
10539353771.0
10544256269.0
10549183542.0
10554168504.0
10559228851.0
10564231863.0
10569220364.0
10574180552.0
10579238421.0
10584162509.0
10589157734.0
10594213834.0
10599360538.0
10604148366.0
10609348865.0
10614174563.0
10620030876.0
10624307290.0
10629211205.0
10634183426.0
10639086986.0
10643221124.0
10648359688.0
10656526743.0
10661164156.0
10666235120.0
10671497910.0
10676180270.0
10681194961.0
10686181693.0
10691304330.0
10696240451.0
10701235676.0
10706223116.0
10711219757.0
10716159063.0
10721250909.0
10726219237.0
10731360985.0
10736296752.0
10741200666.0
10746202616.0
10751640596.0
10756249341.0
10761222977.0
10766184935.0
10771364199.0
10776170785.0
10781169550.0
10786224234.0
10791376600.0
10797722384.0
10804276273.0
10809722039.0
10815560655.0
10822276993.0
10828346012.0
10835349025.0
10841734094.0
10847339124.0
10853649870.0
10859691283.0
10865682085.0
10871687044.0
10877192622.0
10882316675.0
10887445682.0
10892180777.0
10897190867.0
10902185739.0
10907196891.0
10912328376.0
10917235121.0
10922185045.0
10927211770.0
10932253359.0
10937202929.0
10942220805.0
10947377772.0
10952204532.0
10957212499.0
10962185781.0
10967222769.0
10972294796.0
10977235871.0
10982185795.0
10987333914.0
10992311444.0
10997185983.0
11002216601.0
11007393033.0
11013232358.0
11018183343.0
11023211130.0
11031382433.0
11036180171.0
11041297145.0
11046185487.0
11051362273.0
11056356437.0
11061231330.0
11066120380.0
11070101979.0
11074219837.0
11079363001.0
11084193300.0
11089192419.0
11094183043.0
11099412918.0
11104484590.0
11109123772.0
11114186243.0
11119211905.0
11124281454.0
11129168380.0
11134225542.0
11139363397.0
11144180955.0
11149234224.0
11154234404.0
11160167518.0
11165166636.0
11170234769.0
11175367316.0
11180157622.0
11185192133.0
11190184173.0
11195196741.0
11200318316.0
11205231432.0
11210190204.0
11215224715.0
11220168976.0
11225170572.0
11230223840.0
11235377622.0
11240173945.0
11245334805.0
11250191648.0
11255201738.0
11260136797.0
11265231120.0
11270193785.0
11275217325.0
11280237679.0
11285188664.0
11290263168.0
11295418719.0
11300183543.0
11305201420.0
11310204785.0
11316194526.0
11321199661.0
11326230987.0
11331398571.0
11336187462.0
11341260196.0
11346197025.0
11351321785.0
11356366205.0
11361455220.0
11366195977.0
11371221640.0
11376351001.0
11381199350.0
11386256511.0
11391375609.0
11399401805.0
11404284484.0
11409242902.0
11414199904.0
11420188583.0
11425206813.0
11430187882.0
11435240443.0
11440336182.0
11446243459.0
11452329820.0
11458237451.0
11464430341.0
11469238343.0
11474197823.0
11479228795.0
11484179426.0
11489210398.0
11494228628.0
11499372854.0
11504237483.0
11509181037.0
11514191835.0
11519236609.0
11524264749.0
11529233077.0
11534193264.0
11539228483.0
11544174160.0
11549177880.0
11554230086.0
11559378913.0
11564190454.0
11569200191.0
11574191523.0
11579227450.0
11584307262.0
11589234889.0
11594192953.0
11599233480.0
11604183050.0
11609183231.0
11614229775.0
11619381079.0
11624188727.0
11629203065.0
11634197582.0
11639231739.0
11644263065.0
11649240948.0
11654196535.0
11659233877.0
11664262017.0
11669177965.0
11673214421.0
11678197967.0
11683229293.0
11688209654.0
11693202402.0
11698233020.0
11703380077.0
11709145786.0
11714197285.0
11719230026.0
11724179596.0
11729183670.0
11734244371.0
11739375855.0
11744252872.0
11749206335.0
11754195898.0
11759238549.0
11764254655.0
11769240679.0
11774335356.0
11779232546.0
11784188133.0
11789179465.0
11802200533.0
11807234689.0
11817263010.0
11822260359.0
11827244967.0
11832186043.0
11837248160.0
11842237015.0
11847429728.0
11853243570.0
11858201280.0
11863232606.0
11868302862.0
11873205361.0
11878229254.0
11883522480.0
11888278456.0
11893207852.0
11898216173.0
11903213876.0
11909390132.0
11914242374.0
11919382353.0
11924194956.0
11929209647.0
11934195671.0
11939240446.0
11944233194.0
11949235144.0
11954302569.0
11960239576.0
11965208965.0
11970207730.0
11975256751.0
11980325946.0
11985251450.0
11990202081.0
11995231991.0
12000329500.0
12005217487.0
12010248105.0
12015384545.0
12020198209.0
12025213609.0
12030202110.0
12035705564.0
12041185660.0
12046243884.0
12051381031.0
12056208499.0
12061210095.0
12066220539.0
12071238415.0
12076264432.0
12081246209.0
12086213121.0
12091238430.0
12096253829.0
12101209061.0
12106242156.0
12112385498.0
12117252959.0
12122223764.0
12127240579.0
12132188379.0
12137224305.0
12142240412.0
12147391009.0
12152197949.0
12157212640.0
12162209281.0
12167248747.0
12172587983.0
12178248224.0
12183390326.0
12188232305.0
12193215497.0
12202247887.0
12207394590.0
12213250195.0
12218227725.0
12223302229.0
12228297454.0
12233202076.0
12237284896.0
12242200136.0
12247386125.0
12252187756.0
12257192184.0
12261248460.0
12266207232.0
12271249882.0
12276208300.0
12281505774.0
12286571075.0
12291698667.0
12296517995.0
12301524899.0
12306542422.0
12311577995.0
12316648251.0
12321562075.0
12326522263.0
12331533061.0
12336594116.0
12341504754.0
12346577842.0
12351697648.0
12356514852.0
12361521049.0
12366516274.0
12371562465.0
12376590959.0
12381605296.0
12386517704.0
12391545137.0
12396503555.0
12401534526.0
12406560189.0
12411699106.0
12416582139.0
12421522153.0
12426517379.0
12431554013.0
12436586754.0
12441563576.0
12446582160.0
12451661265.0
12456572258.0
12461532091.0
12466544659.0
12471765331.0
12477365760.0
12484671021.0
12490744994.0
12498363121.0
12504687315.0
12511328269.0
12517716169.0
12525431623.0
12532704677.0
12538754938.0
12546316437.0
12554738669.0
12566407055.0
12572699043.0
12578699401.0
12586419102.0
12592396810.0
12601791260.0
12610539098.0
12616343031.0
12623408334.0
12629710586.0
12637358441.0
12643741387.0
12652551515.0
12658780505.0
12666356161.0
12672745831.0
12680511896.0
12686707264.0
12694401837.0
12700303097.0
12707404854.0
12715354957.0
12721710297.0
12729364877.0
12736380985.0
12743401340.0
12749717749.0
12758343485.0
12764698471.0
12771504705.0
12777748914.0
12784762899.0
12790737421.0
12798221411.0
12803389703.0
12809115420.0
12813263007.0
12818217178.0
12823250273.0
12828300002.0
12833235062.0
12838291162.0
12843401057.0
12848295062.0
12853224104.0
12858241273.0
12863252779.0
12868319496.0
12873260218.0
12878219698.0
12883251731.0
12888230323.0
12893206437.0
12898262890.0
12903398976.0
12909164332.0
12914223971.0
12919250695.0
12924225393.0
12930217965.0
12935263801.0
12940278493.0
12945260977.0
12950221165.0
12955253198.0
12960286647.0
12965232324.0
12970261172.0
12975400797.0
12980231096.0
12985232692.0
12990218716.0
12995265967.0
13004222265.0
13009234478.0
13015255718.0
13020232186.0
13026225112.0
13031256791.0
13036278915.0
13041264938.0
13046226188.0
13051267423.0
13056272558.0
13061281233.0
13067271327.0
13072369544.0
13077262840.0
13082330619.0
13087296470.0
13092236484.0
13097218614.0
13102261265.0
13107627399.0
13113264635.0
13118226239.0
13123256502.0
13128235094.0
13133284115.0
13139263238.0
13144326770.0
13149268908.0
13154230511.0
13159257236.0
13164300240.0
13170223090.0
13175293701.0
13180351570.0
13185264686.0
13190226289.0
13195256907.0
13200286463.0
13205301154.0
13211260104.0
13216343809.0
13221265066.0
13226228792.0
13231268258.0
13236241895.0
13242224557.0
13247264022.0
13252282607.0
13257577602.0
13262532481.0
13267583272.0
13272611058.0
13278545234.0
13283565588.0
13288616025.0
13293579751.0
13298601875.0
13303567371.0
13309438549.0
13314254691.0
13320251864.0
13325243550.0
13330307436.0
13335410961.0
13340268866.0
13346236310.0
13351261972.0
13356306393.0
13362255787.0
13368304278.0
13374250840.0
13380303932.0
13386230321.0
13395422329.0
13400255813.0
13406251925.0
13411263431.0
13416313868.0
13422259368.0
13428304674.0
13434274241.0
13440268583.0
13445273364.0
13451262397.0
13456431043.0
13461269483.0
13466278865.0
13472277454.0
13477236225.0
13482256579.0
13488292330.0
13493298527.0
13499262431.0
13504345783.0
13509285443.0
13515407196.0
13520313233.0
13525264927.0
13531266701.0
13536271128.0
13541296791.0
13547270959.0
13552449869.0
13557348121.0
13562386525.0
13568332733.0
13573307431.0
13579267796.0
13584302307.0
13589305673.0
13595278779.0
13600386551.0
13605273832.0
13613258265.0
13618268355.0
13623413643.0
13628322512.0
13633268896.0
13638326058.0
13643248022.0
13648442505.0
13653285899.0
13658319348.0
13664346958.0
13669252996.0
13675269280.0
13680255658.0
13685306095.0
13690281501.0
13695412632.0
13700323271.0
13705270363.0
13710332834.0
13715449808.0
13720354430.0
13725274270.0
13730300287.0
13735269323.0
13739256230.0
13743515657.0
13749278888.0
13754351976.0
13759267924.0
13764289694.0
13769313233.0
13774272005.0
13779421539.0
13784273073.0
13793313958.0
13798277330.0
13811284241.0
13816333970.0
13821276462.0
13826337517.0
13832324072.0
13837282844.0
13842332219.0
13847368499.0
13852341074.0
13857257730.0
13862271713.0
13867441775.0
13872300741.0
13877336668.0
13882285530.0
13887601407.0
13892326946.0
13897275454.0
13902330138.0
13907411720.0
13913325368.0
13918343952.0
13923413501.0
13928333696.0
13933346617.0
13938333349.0
13943354411.0
13948306812.0
13953277617.0
13958334779.0
13963428394.0
13968496173.0
13973300636.0
13978291615.0
13983413190.0
13988330553.0
13993356923.0
13998335161.0
14003292871.0
14009357997.0
14014275714.0
14019485061.0
14024330578.0
14029344562.0
14034339787.0
14039280863.0
14045330416.0
14050279278.0
14055445447.0
14060330958.0
14065344233.0
14070333796.0
14075336100.0
14080398217.0
14085280188.0
14090338411.0
14095294706.0
14100340896.0
14105330105.0
14110280383.0
14115641915.0
14120342326.0
14125359140.0
14130453110.0
14135276330.0
14139435243.0
14145282000.0
14150446399.0
14156343767.0
14162345541.0
14171289451.0
14176355814.0
14181279194.0
14186352636.0
14192337776.0
14197357422.0
14202354771.0
14207341149.0
14213340799.0
14218326469.0
14223423623.0
14228336739.0
14233358155.0
14238335685.0
14243301889.0
14248516545.0
14253284554.0
14258342423.0
14263310751.0
14268349155.0
14273325623.0
14278292535.0
14283434283.0
14288366865.0
14293292722.0
14298337497.0
14303280342.0
14309201068.0
14314428819.0
14319463330.0
14324337515.0
14330303543.0
14336302840.0
14341353984.0
14347311518.0
14352324794.0
14357314357.0
14363305867.0
14369348342.0
14375314016.0
14381304464.0
14387318979.0
14392322699.0
14397350131.0
14403424458.0
14409161854.0
14414349612.0
14420334398.0
14426364839.0
14432297953.0
14437292116.0
14441310877.0
14446335478.0
14451423785.0
14456351765.0
14461345221.0
14466353896.0
14471314791.0
14476480606.0
14481321523.0
14486347186.0
14491370371.0
14496378338.0
14501351974.0
14506316055.0
14511425243.0
14516347561.0
14521369330.0
14526344737.0
14531297492.0
14535431276.0
14540337668.0
14549773527.0
14555300340.0
14560413775.0
14565319459.0
14571430948.0
14576340525.0
14581352739.0
14587330092.0
14592320717.0
14598362484.0
14604321433.0
14610345858.0
14616335598.0
14623456467.0
14629353481.0
14635376490.0
14641356320.0
14647320225.0
14653365885.0
14659499671.0
14665414380.0
14671438097.0
14677426068.0
14683391388.0
14689318485.0
14695375470.0
14701358132.0
14707320621.0
14714343100.0
14720353722.0
14725387171.0
14731385759.0
14737360989.0
14743393554.0
14749353565.0
14755379052.0
14761372686.0
14768367559.0
14775445249.0
14780363320.0
14787496576.0
14792341740.0
14798347760.0
14804342102.0
14810375375.0
14815386527.0
14820327249.0
14825355389.0
14830390961.0
14835432197.0
14840312752.0
14845332044.0
14850349567.0
14855330990.0
14860332232.0
14865328873.0
14871435407.0
14876348877.0
14882347466.0
14888340038.0
14894349598.0
14900347479.0
14906374027.0
14913398983.0
14919434733.0
14924342541.0
14930347854.0
14936345027.0
14942354587.0
14948343974.0
14957327877.0
14963400434.0
14969373187.0
14974400973.0
14980332317.0
14985398680.0
14991435846.0
14996346839.0
15002351798.0
15009242973.0
15014350391.0
15020346148.0
15026375882.0
15032357482.0
15038352885.0
15044346165.0
15050351124.0
15056350421.0
15061366881.0
15067392014.0
15072394672.0
15078349020.0
15084330621.0
15090351860.0
15096338062.0
15102356470.0
15109130851.0
15114350815.0
15120357544.0
15125333658.0
15131367639.0
15136423739.0
15141401268.0
15147450467.0
15152351904.0
15158363234.0
15164350143.0
15169362357.0
15174357582.0
15180336705.0
15186363608.0
15192343792.0
15198352645.0
15204338138.0
15210705157.0
15216398313.0
15222361156.0
15228353728.0
15234354086.0
15240336394.0
15246364358.0
15252338880.0
15258347732.0
15263413388.0
15269711747.0
15275414104.0
15281327398.0
15286434108.0
15292354127.0
15297407395.0
15303442084.0
15309198591.0
15314365468.0
15320352731.0
15326509522.0
15332352385.0
15338353805.0
15345542981.0
15350403717.0
15356361958.0
15362361255.0
15368354534.0
15374363387.0
15380534334.0
15385362864.0
15391392951.0
15397368181.0
15403407116.0
15409718216.0
15415393676.0
15421367490.0
15427406426.0
15433400413.0
15439397586.0
15445365737.0
15451393347.0
15457371409.0
15463403620.0
15469372125.0
15475400797.0
15481390891.0
15487365059.0
15492362762.0
15498357104.0
15504367726.0
15509345609.0
15515396578.0
15521714402.0
15527402249.0
15532364206.0
15537364387.0
15542369876.0
15548354662.0
15554361391.0
15559393070.0
15564720272.0
15569724700.0
15574402106.0
15579445110.0
15584381585.0
15589362300.0
15594363542.0
15599399823.0
15604490961.0
15609426374.0
15614363911.0
15619403730.0
15624356839.0
15629721911.0
15634366756.0
15639449754.0
15644357207.0
15649368713.0
15654363585.0
15659417561.0
15664589039.0
15669408012.0
15674364307.0
15679392093.0
15684728498.0
15689372281.0
15694372815.0
15699447673.0
15704736652.0
15709644459.0
15714362920.0
15719434592.0
15725295506.0
15730495651.0
15735566969.0
15740405762.0
15745426470.0
15750379579.0
15755449128.0
15761809777.0
15768303853.0
15775495860.0
15781824302.0
15787843064.0
15795594264.0
15801843781.0
15817778317.0
15825581898.0
15832382469.0
15839484580.0
15845786124.0
15852455744.0
15858774984.0
15866613249.0
15877730935.0
15891779786.0
15898536117.0
15904859250.0
15912503212.0
15917420575.0
15922471720.0
15927595773.0
15932413330.0
15937477217.0
15942388917.0
15947471561.0
15952704267.0
15957411402.0
15962360972.0
15967406808.0
15972730471.0
15977415309.0
15982486627.0
15987491409.0
15992425406.0
15997462040.0
16002751727.0
16009155554.0
16014749259.0
16020729089.0
16025728916.0
16030409861.0
16036415528.0
16041415000.0
16047458537.0
16052746100.0
16058747520.0
16064741862.0
16071511288.0
16077370786.0
16083518021.0
16089344604.0
16095509181.0
16101369387.0
16107521223.0
16113773926.0
16119769329.0
16128758187.0
16134765978.0
16141313496.0
16146301289.0
16151728651.0
16158300944.0
16163306079.0
16167781043.0
16174841037.0
16180394394.0
16188541277.0
16194779115.0
16199842647.0
16205778592.0
16214442905.0
16220385929.0
16226785508.0
16234500255.0
16240452834.0
16246829055.0
16253758099.0
16259823224.0
16267372690.0
16273794567.0
16281519930.0
16288499939.0
16293826434.0
16300779190.0
16306853518.0
16316817425.0
16322779206.0
16330508109.0
16335710732.0
16341838855.0
16347579436.0
16354628105.0
16360389921.0
16366612895.0
16373764200.0
16379802074.0
16387866493.0
16396342521.0
16401832527.0
16409212465.0
16414422874.0
16420397750.0
16425422704.0
16431461640.0
16436624977.0
16443515798.0
16448746027.0
16455530317.0
16461357255.0
16467525017.0
16473368589.0
16479644296.0
16485426994.0
16490764106.0
16495410367.0
16500742524.0
16509748016.0
16514757399.0
16519414277.0
16524737586.0
16529457816.0
16534427559.0
16539440481.0
16544781133.0
16549389170.0
16554388996.0
16559396963.0
16564397144.0
16569441210.0
16574762396.0
16579762577.0
16584751078.0
16589735686.0
16594418400.0
16599461405.0
16604782237.0
16609768614.0
16614758177.0
16619427089.0
16624469386.0
16629427096.0
16634787213.0
16640435067.0
16645777134.0
16651520192.0
16656460560.0
16661735029.0
16666441456.0
16671465703.0
16676764238.0
16681766188.0
16686764599.0
16691416168.0
16697286992.0
16701398125.0
16706397952.0
16711413351.0
16716750463.0
16721738610.0
16726418140.0
16731490520.0
16736434427.0
16741768708.0
16746735620.0
16751434968.0
16756764648.0
16761445593.0
16766768549.0
16771415517.0
16776755815.0
16781742192.0
16786434462.0
16792439068.0
16797425091.0
16802763973.0
16807420143.0
16813782916.0
16818729654.0
16823427587.0
16828404409.0
16833423347.0
16838421404.0
16843409905.0
16848511661.0
16853742597.0
16858423188.0
16863467608.0
16870796582.0
16875527429.0
16880559463.0
16885822960.0
16891461258.0
16896433125.0
16901739446.0
16906473478.0
16911477198.0
16916771840.0
16921794317.0
16926426421.0
16931425186.0
16936410148.0
16941429794.0
16946773985.0
16951800709.0
16956782486.0
16961749398.0
16966417602.0
16971606775.0
16980359215.0
16988528040.0
16997772782.0
17004769779.0
17009485762.0
17014430731.0
17019473735.0
17024444187.0
17029787669.0
17035446849.0
17041839350.0
17047802901.0
17053775299.0
17059798662.0
17065773184.0
17071794424.0
17077778855.0
17083800803.0
17089776386.0
17095801873.0
17101777457.0
17107810022.0
17114770211.0
17120447440.0
17126764202.0
17132774824.0
17138424802.0
17143804738.0
17149780676.0
17155807224.0
17161758034.0
17167810772.0
17173788833.0
17179814674.0
17185782825.0
17191803711.0
17197781418.0
17203810797.0
17209688699.0
17215810098.0
17221787098.0
17227827095.0
17233782505.0
17239803391.0
17245778974.0
17251807292.0
17257787831.0
17267282794.0
17273794921.0
17279818637.0
17285756352.0
17291815107.0
17297752821.0
17302823078.0
17309254864.0
17314811053.0
17320432009.0
17325811946.0
17331476080.0
17336771076.0
17342780636.0
17348775685.0
17354857799.0
17360518040.0
17366817814.0
17372771101.0
17378771813.0
17384776064.0
17390775715.0
17396779966.0
17402775015.0
17409292451.0
17414779625.0
17420774320.0
17426787774.0
17432776098.0
17438867414.0
17444798758.0
17450775049.0
17456513153.0
17462778951.0
17468773646.0
17474780021.0
17480781087.0
17488571926.0
17493880017.0
17501767122.0
17506451606.0
17512464352.0
17519389149.0
17525774572.0
17532725205.0
17537833685.0
17543856694.0
17550876341.0
17557813879.0
17565508098.0
17575529340.0
17580457675.0
17586817262.0
17594816560.0
17600859742.0
17613636959.0
17620416649.0
17629505312.0
17635841186.0
17642458781.0
17654817664.0
17660775198.0
17668563913.0
17673856078.0
17680512250.0
17688429792.0
17693808667.0
17699867068.0
17706889547.0
17717810453.0
17725342931.0
17730809932.0
17738819847.0
17745842680.0
17752754028.0
17757545042.0
17762817387.0
17785763784.0
17791849791.0
17800431641.0
17810364403.0
17815831404.0
17832801510.0
17838812132.0
17845536256.0
17851830722.0
17857828602.0
17865410983.0
17870818525.0
17879403206.0
17885816589.0
17893476478.0
17899856238.0
17909338460.0
17917373858.0
17926546400.0
17932480575.0
17940441650.0
17945821232.0
17952852559.0
17961529614.0
17966834165.0
17975409291.0
17985646070.0
17990804453.0
17996823215.0
18004651216.0
18010898256.0
18019527885.0
18024479933.0
18029818460.0
18035876862.0
18046596034.0
18052482430.0
18057874400.0
18064528094.0
18072344061.0
18084390079.0
18099671987.0
18105888590.0
18117544943.0
18122485311.0
18127857107.0
18133839061.0
18142441439.0
18148851990.0
18156351199.0
18161821031.0
18169530469.0
18175847585.0
18184458811.0
18189864229.0
18209416889.0
18217385396.0
18223849389.0
18232330018.0
18237579712.0
18242494951.0
18247849760.0
18253822866.0
18262863750.0
18268811020.0
18276376412.0
18282826957.0
18290376422.0
18296783788.0
18304439430.0
18309901476.0
18319838839.0
18325827518.0
18335858670.0
18343399642.0
18348501043.0
18353826122.0
18359836744.0
18366898154.0
18375655548.0
18380821009.0
18386830923.0
18394422152.0
18400496125.0
18409432249.0
18417502331.0
18424439161.0
18437604628.0
18442884759.0
18448592425.0
18453867602.0
18460661448.0
18466469982.0
18472416898.0
18480467868.0
18485859484.0
18491840731.0
18498906388.0
18509328975.0
18517365081.0
18522818632.0
18527872609.0
18535869075.0
18541822008.0
18550871740.0
18556820072.0
18564509336.0
18569825921.0
18575891754.0
18583549166.0
18588517139.0
18593892829.0
18599853548.0
18606907880.0
18616378069.0
18622866836.0
18628433289.0
18636374190.0
18642894810.0
18650833588.0
18656893051.0
18664513654.0
18669872355.0
18676419520.0
18684366791.0
18689828483.0
18697517394.0
18703862824.0
18712377429.0
18718823372.0
18725793117.0
18730525734.0
18736535294.0
18741873114.0
18749844098.0
18755882680.0
18762895249.0
18769834557.0
18776640437.0
18782840760.0
18788828377.0
18796683983.0
18802517645.0
18809345822.0
18821409536.0
18828415380.0
18836842921.0
18844416100.0
18852442295.0
18857874966.0
18863888419.0
18871858342.0
18880482308.0
18885875340.0
18892668125.0
18898529392.0
18904441978.0
18912502504.0
18917835369.0
18923850238.0
18931855199.0
18939641437.0
18944538981.0
18950797346.0
18958477408.0
18964449807.0
18972375135.0
18977836828.0
18983854882.0
18991663417.0
18996795963.0
19001854894.0
19007847112.0
19016836678.0
19022895079.0
19031414639.0
19037877925.0
19045581345.0
19051870502.0
19060459431.0
19069527213.0
19075911220.0
19084844513.0
19094490954.0
19101916901.0
19110849486.0
19116817637.0
19125556982.0
19130828265.0
19139469927.0
19144548678.0
19149885790.0
19157844387.0
19163841560.0
19171515252.0
19180494908.0
19193475274.0
19199863529.0
19219764445.0
19229799136.0
19234549096.0
19240462036.0
19249474606.0
19255862860.0
19263705372.0
19268553013.0
19273868890.0
19279833856.0
19288470210.0
19293879875.0
19301806266.0
19306552686.0
19312675500.0
19320481204.0
19325860079.0
19331871762.0
19339854072.0
19348463528.0
19356374345.0
19361838869.0
19367878512.0
19375835340.0
19384454351.0
19392433830.0
19397838894.0
19403874645.0
19410829525.0
19416823866.0
19425447479.0
19430834494.0
19438476686.0
19445806014.0
19450558804.0
19461522181.0
19468462905.0
19476415839.0
19482839839.0
19490561664.0
19495882142.0
19504584679.0
19512434622.0
19517841811.0
19523884993.0
19531846068.0
19539574263.0
19544914560.0
19552760611.0
19558416251.0
19564562424.0
19569877593.0
19576697630.0
19582421931.0
19588455203.0
19597522278.0
19609508129.0
19615891075.0
19624625464.0
19629904888.0
19636459131.0
19645441618.0
19651891454.0
19659715208.0
19665660355.0
19672689204.0
19678577370.0
19684492433.0
19692399712.0
19698856273.0
19707762667.0
19713892206.0
19720687468.0
19726499187.0
19732577408.0
19740382050.0
19746844273.0
19754572468.0
19759885160.0
19768428433.0
19774892780.0
19781815807.0
19786578154.0
19792610365.0
19800411114.0
19806428460.0
19815730183.0
19820579594.0
19834592345.0
19839585801.0
19844577841.0
19849579083.0
19855884166.0
19861857627.0
19867890192.0
19873860820.0
19879885599.0
19886856760.0
19892852163.0
19898864200.0
19904909860.0
19910828109.0
19916864921.0
19922857493.0
19928905630.0
19934850423.0
19943434750.0
19948590656.0
19953624812.0
19959557218.0
19964853630.0
19970589609.0
19975597576.0
19980594571.0
19985834710.0
19991912576.0
19997854184.0
20003901259.0
20009585921.0
20015889942.0
20022855440.0
20028862169.0
20034853325.0
20040843066.0
20046860058.0
20052864309.0
20058849449.0
20064896879.0
20070847688.0
20076838136.0
20082855129.0
20088826819.0
20093819921.0
20098895133.0
20104597137.0
20109865235.0
20116480352.0
20121920455.0
20128537341.0
20133901351.0
20140464088.0
20146786514.0
20152478254.0
20157901014.0
20164455257.0
20169904208.0
20176622316.0
20181902447.0
20188571006.0
20194686034.0
20200286817.0
20205727628.0
20211649062.0
20217615797.0
20223555989.0
20229610497.0
20235601653.0
20244572461.0
20250390197.0
20255713152.0
20260676525.0
20266385961.0
20270830487.0
20275868183.0
20281867126.0
20287838463.0
20295631071.0
20301396427.0
20307745750.0
20315764159.0
20322374675.0
20327631448.0
20332898838.0
20338644728.0
20343942201.0
20350641551.0
20356178982.0
20362617139.0
20367941864.0
20374622102.0
20379934794.0
20386621403.0
20392172283.0
20398603007.0
20404176184.0
20410453308.0
20415624786.0
20421431196.0
20427664433.0
20433690274.0
20439642145.0
20445481469.0
20451580925.0
20457481832.0
20462404150.0
20468545014.0
20474547142.0
20480630317.0
20486445221.0
20492571575.0
20498431073.0
20504541500.0
20510349326.0
20515434094.0
20520545759.0
20524913484.0
20529623097.0
20534835275.0
20542627884.0
20548474641.0
20556426867.0
20562869625.0
20570854766.0
20579481918.0
20584623667.0
20589617830.0
20594844520.0
20600857973.0
20611592718.0
20616625105.0
20621835514.0
20626890552.0
20632874984.0
20640493110.0
20645836593.0
20651924369.0
20659914465.0
20668596474.0
20673653990.0
20678897313.0
20687504645.0
20692631883.0
20697922986.0
20704754348.0
20710482542.0
20716497057.0
20723596336.0
20728861957.0
20736471942.0
20741835953.0
20746626259.0
20752555125.0
20760394451.0
20766817036.0
20774459582.0
20779888714.0
20788493922.0
20794929248.0
20801866078.0
20807879885.0
20817922009.0
20824699575.0
20829935820.0
20837906097.0
20843903977.0
20850948045.0
20859632178.0
20865912841.0
20872711289.0
20878445853.0
20886948779.0
20896524082.0
20904434546.0
20910865978.0
20920474196.0
20928495791.0
20933832549.0
20938634181.0
20944588529.0
20952415468.0
20958860704.0
20965951135.0
20974919112.0
20982875585.0
20994542201.0
21000517431.0
21011897726.0
21017874017.0
21023877915.0
21031503119.0
21036645222.0
21041848198.0
21046650184.0
21052499064.0
21060412359.0
21065837244.0
21070647015.0
21076469352.0
21084409191.0
21089872299.0
21095916897.0
21102948932.0
21110937612.0
21116842058.0
21121844716.0
21129586714.0
21134870030.0
21141916929.0
21147647601.0
21153897118.0
21160849875.0
21166458798.0
21172486762.0
21180438280.0
21186870775.0
21194883168.0
21202655603.0
21209375126.0
21217507144.0
21222867615.0
21230867267.0
21239512468.0
21256517258.0
21264539207.0
21269844467.0
21274658839.0
21280597615.0
21288716892.0
21293949598.0
21301903948.0
21310619226.0
21315756373.0
21320660287.0
21325891224.0
21334512359.0
21340481572.0
21348438399.0
21353846296.0
21358659252.0
21364486544.0
21372434877.0
21378871619.0
21395715375.0
21409477905.0
21418461100.0
21424599841.0
21431905101.0
21436856087.0
21442895023.0
21448667810.0
21456565533.0
21461845664.0
21466668531.0
21472540770.0
21480438493.0
21486869571.0
21494628912.0
21499670855.0
21504929397.0
21512472492.0
21517878618.0
21525602213.0
21530874911.0
21538543648.0
21544483132.0
21552594268.0
21557852103.0
21562928376.0
21569899183.0
21575886446.0
21582953872.0
21592496261.0
21600488126.0
21605846828.0
21613567237.0
21619917268.0
21627756948.0
21632932673.0
21640863664.0
21646470463.0
21652496303.0
21660503388.0
21665853949.0
21670935885.0
21677900321.0
21683926515.0
21691895022.0
21699691524.0
21704869018.0
21712549080.0
21717926893.0
21724862662.0
21730522549.0
21736496009.0
21744525390.0
21749857547.0
21754677583.0
21760564686.0
21768425248.0
21773883754.0
21779927291.0
21791911373.0
21797825375.0
21802905187.0
21809448812.0
21814896702.0
21820439087.0
21825901841.0
21830851765.0
21844675877.0
21849921678.0
21856530778.0
21861898327.0
21866857453.0
21871906121.0
21877860823.0
21882859234.0
21887932676.0
21893828982.0
21898893576.0
21904487988.0
21910440567.0
21915632926.0
21921643902.0
21927608514.0
21932566932.0
21937697001.0
21943409268.0
21947681082.0
21951868662.0
21957615613.0
21962450513.0
21967461665.0
21972569084.0
21977347356.0
21982614038.0
21987641471.0
21992800915.0
21997930277.0
22002845516.0
22007683601.0
22012690860.0
22017432679.0
22021707324.0
22025968520.0
22030901455.0
22036454459.0
22041919336.0
22046862536.0
22052753179.0
22057885371.0
22063887499.0
22069864852.0
22074856893.0
22079898128.0
22084896185.0
22089905213.0
22094857261.0
22100855495.0
22105883282.0
22111893903.0
22117870903.0
22122856573.0
22127907010.0
22133832337.0
22138899762.0
22144523196.0
22149692550.0
22154860842.0
22159896061.0
22165867044.0
22174860503.0
22180786538.0
22186632233.0
22192884936.0
22198633657.0
22203616849.0
22209596680.0
22214578103.0
22220575276.0
22225793825.0
22231410888.0
22235695442.0
22239741101.0
22244740219.0
22249959830.0
22254843571.0
22259697229.0
22263742887.0
22268749084.0
22273786426.0
22279416584.0
22283698308.0
22287791391.0
22292965346.0
22297718137.0
22302375723.0
22306721152.0
22312484383.0
22316736023.0
22321844149.0
22326864149.0
22331915648.0
22336700645.0
22340857789.0
22345835672.0
22350907345.0
22356940617.0
22361887356.0
22366907356.0
22372449034.0
22377904709.0
22382869144.0
22388858177.0
22393908968.0
22400438436.0
22405979052.0
22411977287.0
22417952163.0
22423896248.0
22428865991.0
22433864048.0
22438905283.0
22444468550.0
22449916794.0
22454868487.0
22459898397.0
22464910965.0
22469841069.0
22474900708.0
22480522726.0
22485926021.0
22492502561.0
22497721818.0
22504894713.0
22510930463.0
22519427372.0
22524864290.0
22529773159.0
22535630887.0
22540772636.0
22545795113.0
22554485617.0
22559714429.0
22564713548.0
22569418559.0
22573714085.0
22577839730.0
22582792839.0
22587821687.0
22592813373.0
22597945212.0
22602839924.0
22607721188.0
22612716413.0
22617964338.0
22624585118.0
22632503014.0
22638888791.0
22646888089.0
22654727415.0
22660507988.0
22668467293.0
22674893771.0
22679941731.0
22686973765.0
22696516508.0
22704546243.0
22710505546.0
22715731882.0
22720872922.0
22725732951.0
22730901951.0
22738736322.0
22744476903.0
22752532120.0
22757874187.0
22762741648.0
22771912421.0
22779748915.0
22784968880.0
22789872794.0
22797618685.0
22802743092.0
22807764154.0
22813910681.0
22821611270.0
22826903435.0
22834742407.0
22840535368.0
22848506706.0
22854898146.0
22859959554.0
22867959206.0
22875772342.0
22880752703.0
22885907900.0
22893618399.0
22898744929.0
22903936581.0
22912626022.0
22918811480.0
22924459334.0
22933893070.0
22939918910.0
22944930062.0
22949882463.0
22954924052.0
22960565890.0
22965921760.0
22970878762.0
22975907964.0
22980880539.0
22985860546.0
22991435138.0
22996739690.0
23002500798.0
23009562562.0
23014924449.0
23020464711.0
23024980021.0
23030880574.0
23035909068.0
23040977909.0
23045884655.0
23050920227.0
23056592502.0
23061923597.0
23066896526.0
23072941478.0
23077885739.0
23082879195.0
23087975996.0
23093847173.0
23098919200.0
23104503348.0
23109857448.0
23114884173.0
23119908774.0
23125887189.0
23130884892.0
23135919757.0
23140745455.0
23145919056.0
23150888799.0
23156896944.0
23161908450.0
23167920133.0
23172870411.0
23177852542.0
23182917135.0
23188747612.0
23193941387.0
23198880339.0
23203909541.0
23209270366.0
23213849028.0
23218921054.0
23224458485.0
23228879653.0
23233892574.0
23238876474.0
23243919125.0
23248750840.0
23252879316.0
23257916304.0
23263751027.0
23268869417.0
23273872429.0
23278943747.0
23284760421.0
23289932253.0
23294889255.0
23300906247.0
23307533044.0
23314426696.0
23320475541.0
23325927323.0
23330885741.0
23335918836.0
23340864867.0
23345858677.0
23350920440.0
23356472027.0
23360944867.0
23365888774.0
23370881169.0
23375933729.0
23380775000.0
23384877286.0
23389850214.0
23394877647.0
23399917466.0
23404758383.0
23409426586.0
23413902965.0
23418905269.0
23423925623.0
23428760169.0
23432885814.0
23437925279.0
23443915728.0
23448868837.0
23453852383.0
23458930072.0
23464474581.0
23468811162.0
23473893098.0
23478883369.0
23483939822.0
23488766582.0
23494424346.0
23500449832.0
23505982308.0
23512551416.0
23518437104.0
23524452327.0
23528888713.0
23533892786.0
23538850497.0
23543933140.0
23548766625.0
23552942172.0
23557892803.0
23562883428.0
23567929618.0
23572767349.0
23576883792.0
23581893174.0
23586888754.0
23591938129.0
23596991398.0
23603408674.0
23609546353.0
23616470088.0
23622870729.0
23627931784.0
23632771285.0
23636890913.0
23642894102.0
23647925428.0
23652872874.0
23657892874.0
23662928801.0
23668473664.0
23674520386.0
23680557905.0
23688932004.0
23693908472.0
23698934135.0
23704476875.0
23709345397.0
23713901762.0
23718892740.0
23723943178.0
23728776308.0
23732895228.0
23737952743.0
23743921249.0
23748873296.0
23753882679.0
23758928869.0
23764933828.0
23769959844.0
23774892072.0
23779924106.0
23784884647.0
23789864300.0
23794908721.0
23800481898.0
23805942882.0
23810879357.0
23815931209.0
23820875825.0
23825868219.0
23830932105.0
23836513422.0
23850421767.0
23855651287.0
23861369925.0
23866679785.0
23871639265.0
23876602638.0
23881447802.0
23886704928.0
23891657683.0
23896800847.0
23902443746.0
23906785636.0
23911931631.0
23916877662.0
23921873596.0
23926937836.0
23932477036.0
23937982614.0
23942891837.0
23947929179.0
23952969707.0
23957898041.0
23962933614.0
23968554570.0
23973936984.0
23978899295.0
23983923542.0
23988879837.0
23993893820.0
23998942487.0
24004479564.0
24009382063.0
24013924271.0
24018907110.0
24023961794.0
24028794924.0
24032798466.0
24037793338.0
24041907303.0
24047453582.0
24052793879.0
24057965003.0
24062906433.0
24072712492.0
24077876183.0
24082939362.0
24088537313.0
24093946979.0
24098910705.0
24104907524.0
24109808253.0
24114905408.0
24119932486.0
24125387808.0
24130672894.0
24135651485.0
24140605656.0
24145669542.0
24150487100.0
24155660347.0
24160900840.0
24166685661.0
24171654342.0
24176721767.0
24181461463.0
24186449256.0
24191662850.0
24196818756.0
24202556505.0
24206916799.0
24213945294.0
24218900173.0
24223930083.0
24229839129.0
24236409653.0
24240808877.0
24244877540.0
24250511945.0
24254898429.0
24259811191.0
24263959486.0
24268805004.0
24273473207.0
24277867831.0
24282911897.0
24287958795.0
24292809622.0
24296949777.0
24301944295.0
24307956332.0
24313934039.0
24319941476.0
24324875473.0
24329863621.0
24334937417.0
24340480156.0
24344894245.0
24349946452.0
24354901685.0
24359911775.0
24364810027.0
24369003624.0
24373914970.0
24378904887.0
24383952139.0
24388811459.0
24392894279.0
24397911094.0
24402937819.0
24407948263.0
24413867573.0
24418943139.0
24424490833.0
24428903153.0
24433912889.0
24438904222.0
24448599504.0
24453973070.0
24458924763.0
24465006523.0
24469916808.0
24474904955.0
24479949375.0
24484819667.0
24489988668.0
24495613517.0
24500900018.0
24505936653.0
24510866403.0
24515989748.0
24520820755.0
24525950470.0
24530907826.0
24535933489.0
24540874918.0
24545869436.0
24550952434.0
24556492696.0
24561455361.0
24566909621.0
24571943778.0
24577443693.0
24581906977.0
24586947151.0
24592597128.0
24597949459.0
24602913186.0
24607994414.0
24613966458.0
24620465136.0
24625890020.0
24630904004.0
24635957626.0
24640825440.0
24644825797.0
24649871987.0
24654891280.0
24659966137.0
24664826873.0
24669951633.0
24674902619.0
24679939607.0
24684881037.0
24689872723.0
24694943688.0
24700492444.0
24705835219.0
24713537578.0
24717830981.0
24723575809.0
24730939820.0
24736578826.0
24740897003.0
24745915941.0
24750831535.0
24754906569.0
24760495318.0
24764833314.0
24769918082.0
24774897381.0
24779960205.0
24784832975.0
24788912610.0
24793938272.0
24798833692.0
24803834227.0
24808958987.0
24813983588.0
24818948377.0
24823947849.0
24831908570.0
24836925031.0
24841919902.0
24846836204.0
24851837092.0
24855918143.0
24860905582.0
24865917442.0
24870899573.0
24875925589.0
24880839059.0
24884916925.0
24890931440.0
24896853581.0
24901907558.0
24906854650.0
24913020643.0
24918922611.0
24924899611.0
24929896252.0
24934978188.0
24940549949.0
24946977489.0
24952546419.0
24958979621.0
24964970777.0
24969980513.0
24974921943.0
24980919116.0
24985970615.0
24991969203.0
25000547160.0
25009686788.0
25018015585.0
25025975244.0
25030857569.0
25036553910.0
25043522593.0
25051974555.0
25056984291.0
25064923776.0
25069948377.0
25077655337.0
25082925205.0
25090636058.0
25095863101.0
25101017237.0
25109546707.0
25117541403.0
25124006458.0
25132555748.0
25140535226.0
25146960642.0
25151986305.0
25158886327.0
25163544621.0
25172016402.0
25180506233.0
25186012165.0
25193907057.0
25198866182.0
25210882117.0
25215871326.0
25220937690.0
25228544844.0
25234007244.0
25240917177.0
25246532824.0
25252561496.0
25260572827.0
25265907815.0
25273639904.0
25278946225.0
25286949416.0
25294995431.0
25301984995.0
25306876522.0
25326969264.0
25334968208.0
25342995819.0
25348552362.0
25355542280.0
25360876915.0
25367559276.0
25372874800.0
25379546190.0
25388019386.0
25396503555.0
25402008425.0
25409895530.0
25415003656.0
25420554536.0
25427615238.0
25432884044.0
25439606399.0
25444881929.0
25448936789.0
25456603756.0
25464473520.0
25469933796.0
25477623768.0
25482931505.0
25490540075.0
25495976639.0
25500919484.0
25509662368.0
25516928697.0
25522620791.0
25528555674.0
25536551787.0
25541900224.0
25545989061.0
25553010478.0
25558532337.0
25566029776.0
25571996158.0
25583011915.0
25588953523.0
25596512544.0
25604947163.0
25613946993.0
25618988582.0
25624549726.0
25629992306.0
25636935153.0
25643000278.0
25648677508.0
25656483919.0
25665025068.0
25672926684.0
25679005613.0
25686021367.0
25692013231.0
25699993063.0
25704925999.0
25712842834.0
25717940696.0
25726556876.0
25732567852.0
25740499197.0
25745944609.0
25753604851.0
25757923382.0
25763024784.0
25768966391.0
25773979667.0
25778926051.0
25783948175.0
25788910132.0
25792887484.0
25796922525.0
25801929784.0
25807891565.0
25815892278.0
25822557652.0
25829891934.0
25834970331.0
25840617477.0
25845975825.0
25857899032.0
25863001850.0
25868923638.0
25873934082.0
25879037961.0
25883991070.0
25888892861.0
25893971965.0
25898915873.0
25903948614.0
25909314394.0
25913920661.0
25918956588.0
25924895010.0
25929976592.0
25934924038.0
25939957133.0
25944912366.0
25949905822.0
25954956967.0
25960513510.0
25964918751.0
25969941228.0
25979424866.0
25984929736.0
25990537951.0
25994927266.0
25999968501.0
26005929220.0
26010906396.0
26016044251.0
26020900387.0
26025967458.0
26030927645.0
26035955432.0
26040913142.0
26045920401.0
26050981102.0
26056584362.0
26061968899.0
26066955277.0
26072916704.0
26077930333.0
26082925205.0
26088022005.0
26092965205.0
26097980958.0
26102926635.0
26107958668.0
26113936375.0
26118926292.0
26123942753.0
26128931254.0
26133969304.0
26138929492.0
26144499129.0
26148914280.0
26153913753.0
26158964898.0
26164682120.0
26169990919.0
26174928101.0
26179958365.0
26184919614.0
26188909000.0
26193482353.0
26197916261.0
26201952364.0
26206976611.0
26212909724.0
26216929901.0
26221934328.0
26225910972.0
26229971849.0
26234930267.0
26239959469.0
26244918949.0
26248911873.0
26252949746.0
26257937185.0
26263002487.0
26267975062.0
26272913306.0
26276941976.0
26281950297.0
26286951185.0
26291974725.0
26296915800.0
26302007646.0
26306962879.0
26312944833.0
26317937935.0
26322923605.0
26327920600.0
26332529345.0
26337005724.0
26341942199.0
26346942380.0
26356556260.0
26362039895.0
26368588829.0
26373974075.0
26378953374.0
26383959217.0
26388927191.0
26393946129.0
26398969315.0
26404687953.0
26409921012.0
26414941720.0
26419964552.0
26424929340.0
26428931466.0
26433007562.0
26437953239.0
26442936785.0
26447974127.0
26452923343.0
26456948828.0
26461941576.0
26465923529.0
26469924240.0
26474011661.0
26478940350.0
26484932214.0
26489958584.0
26494971860.0
26500520970.0
26504934352.0
26509925684.0
26514933651.0
26520425426.0
26524926579.0
26529980202.0
26534935081.0
26539968176.0
26545018613.0
26549939161.0
26554976503.0
26560603476.0
26565987306.0
26570936522.0
26575963954.0
26580972983.0
26586957768.0
26591976353.0
26596930524.0
26601979545.0
26606939025.0
26611970704.0
26617464957.0
26621938858.0
26627003452.0
26632532743.0
26636940462.0
26641945243.0
26646940823.0
26651982058.0
26656936229.0
26661982419.0
26666956763.0
26671976055.0
26676946861.0
26681959782.0
26686982260.0
26692540218.0
26696943689.0
26701946347.0
26705936440.0
26710015367.0
26714936624.0
26719944944.0
26725849036.0
26731983884.0
26737506804.0
26741948499.0
26746983718.0
26752681120.0
26757980363.0
26762946921.0
26767972584.0
26773547177.0
26777967282.0
26782985513.0
26788940569.0
26793981097.0
26798949070.0
26803968363.0
26809398556.0
26813990313.0
26819608791.0
26824961122.0
26830564736.0
26835996345.0
26841575538.0
26846545282.0
26851570944.0
26856674470.0
26861518925.0
26866805073.0
26871715004.0
26876666344.0
26881681389.0
26886540355.0
26891699446.0
26896909855.0
26902563725.0
26906954102.0
26912953044.0
26919004721.0
26925952876.0
26933444653.0
26940011991.0
26944949174.0
26950502177.0
26954957675.0
26959969535.0
26964958036.0
26969958216.0
26974982817.0
26980531574.0
26984959112.0
26989984067.0
26994962304.0
27000025836.0
27004952401.0
27009974879.0
27014960549.0
27022961970.0
27028535147.0
27032967286.0
27038003566.0
27042963754.0
27049666643.0
27054962701.0
27059986240.0
27064977218.0
27069989432.0
27074963776.0
27080019876.0
27084967677.0
27089964672.0
27094985734.0
27100534490.0
27105006622.0
27109959023.0
27114970529.0
27124565298.0
27128971601.0
27133967180.0
27138967007.0
27143989484.0
27148960644.0
27153991615.0
27158968083.0
27164613459.0
27169968976.0
27174969156.0
27179983847.0
27185550654.0
27190718946.0
27195845830.0
27200722138.0
27205675247.0
27210542000.0
27215775060.0
27220841070.0
27225707114.0
27230674026.0
27235702874.0
27240666247.0
27245646254.0
27250723235.0
27255849411.0
27260662722.0
27265679537.0
27270666976.0
27275731570.0
27280986927.0
27286743788.0
27291846960.0
27296825197.0
27302655320.0
27308006235.0
27317005710.0
27322004829.0
27326995808.0
27334566508.0
27340589517.0
27347580144.0
27352998303.0
27360736408.0
27366002737.0
27373661564.0
27379007170.0
27386512042.0
27391998862.0
27399839250.0
27407659818.0
27416528343.0
27424780694.0
27429992872.0
27435012518.0
27442652587.0
27448563758.0
27455575265.0
27461025278.0
27468599518.0
27474007060.0
27481665533.0
27487007954.0
27493852765.0
27498651919.0
27504024070.0
27511651044.0
27522009572.0
27526995595.0
27532590715.0
27539636907.0
27545007287.0
27552592145.0
27558012428.0
27563002699.0
27570620117.0
27576024121.0
27583682947.0
27589015813.0
27598034754.0
27602992110.0
27607992290.0
27612992825.0
27617996191.0
27622993540.0
27628546543.0
27633045219.0
27638987180.0
27643994439.0
27648994974.0
27653994800.0
27658995689.0
27664658053.0
27669997997.0
27674996408.0
27679996234.0
27685000662.0
27689996242.0
27694997838.0
27700547302.0
27705012002.0
27710676844.0
27715717371.0
27720737017.0
27725684110.0
27730747642.0
27735877357.0
27741734732.0
27746696335.0
27751722351.0
27756690679.0
27761669978.0
27766791907.0
27771871012.0
27777744313.0
27782701315.0
27787762016.0
27792768213.0
27797668234.0
27802537818.0
27808037026.0
27813996683.0
27819003234.0
27824003769.0
27829009258.0
27834004484.0
27839008203.0
27844709853.0
27850006972.0
27855006445.0
27868999023.0
27874007697.0
27879010709.0
27884007350.0
27889050355.0
27894007357.0
27899008246.0
27904623539.0
27909401812.0
27914954461.0
27920655403.0
27925481809.0
27930022248.0
27935567819.0
27941510488.0
27946011641.0
27951010760.0
27957013596.0
27962031826.0
27967011833.0
27972454414.0
27977005116.0
27982013436.0
27987022465.0
27992012736.0
27997013270.0
28002013451.0
28007541326.0
28013006911.0
28018010277.0
28024571244.0
28031700960.0
28037553026.0
28043652482.0
28049009768.0
28054017380.0
28059016499.0
28065018273.0
28070017392.0
28075506336.0
28080020584.0
28085011563.0
28090038287.0
28095018294.0
28100018829.0
28105019363.0
28110014943.0
28115020432.0
28120545122.0
28125023978.0
28130486024.0
28135020800.0
28140022042.0
28145013729.0
28150023111.0
28155022230.0
28160022764.0
28165022591.0
28170022417.0
28175016227.0
28180015346.0
28185016234.0
28190500577.0
28195023674.0
28200024562.0
28205024389.0
28210018199.0
28215017317.0
28220023161.0
28225555283.0
28230042987.0
28235026180.0
28240655984.0
28245026895.0
28250050434.0
28255027256.0
28260028144.0
28265027617.0
28270075930.0
28275020545.0
28280028158.0
28285028692.0
28290028519.0
28295029407.0
28300534985.0
28305022690.0
28314057557.0
28319024116.0
28324023234.0
28329023769.0
28334023595.0
28339552532.0
28344032804.0
28349026260.0
28354032811.0
28359032638.0
28364032818.0
28369037246.0
28374032118.0
28379035483.0
28384377905.0
28389035137.0
28394034609.0
28399034436.0
28404078149.0
28409393672.0
28414036393.0
28419027726.0
28424028260.0
28429029148.0
28434044901.0
28439029155.0
28444675948.0
28449038364.0
28454030405.0
28459037664.0
28464053063.0
28469038379.0
28474057317.0
28479039447.0
28484034319.0
28489034146.0
28494032203.0
28499591577.0
28504642722.0
28509433381.0
28514041065.0
28519041953.0
28524042841.0
28529071336.0
28534045326.0
28539046922.0
28544037901.0
28549034896.0
28554042863.0
28559043751.0
28564675325.0
28569044820.0
28574043939.0
28579036687.0
28584039345.0
28589036340.0
28594614472.0
28599045903.0
28604045376.0
28609056174.0
28614046090.0
28619039193.0
28624043974.0
28629043093.0
28634081851.0
28639047701.0
28644048589.0
28649039922.0
28654040810.0
28659040990.0
28664048603.0
28669049492.0
28674048964.0
28679050207.0
28684551892.0
28691641261.0
28696588708.0
28701043498.0
28706518639.0
28711051291.0
28716073414.0
28721061916.0
28726052894.0
28731052721.0
28736511935.0
28741062992.0
28746045830.0
28751046718.0
28756602199.0
28761622907.0
28766054692.0
28771055227.0
28776915786.0
28782057181.0
28787573377.0
28792567540.0
28797056661.0
28802056841.0
28807056668.0
28813058088.0
28818073841.0
28823059864.0
28828571459.0
28833051377.0
28838058636.0
28843058463.0
28848482993.0
28853054577.0
28858062543.0
28863062370.0
28869060959.0
28874060785.0
28879060612.0
28884469924.0
28889060973.0
28894061861.0
28899053548.0
28904081334.0
28909366774.0
28914062229.0
28919062764.0
28924560909.0
28929061709.0
28934069676.0
28939671874.0
28944532610.0
28949061369.0
28954545712.0
28959065269.0
28964057664.0
28969797183.0
28974072535.0
28979065991.0
28984574755.0
28989059274.0
28994593520.0
28999069899.0
29004070787.0
29009443291.0
29014068671.0
29019697767.0
29024592479.0
29029586997.0
29034546123.0
29039653187.0
29047085859.0
29053080908.0
29059076312.0
29064584013.0
29070987840.0
29079074202.0
29085074914.0
29092662957.0
29099046611.0
29104836033.0
29112948585.0
29119760481.0
29124093523.0
29134956387.0
29143005587.0
29149082038.0
29155077795.0
29160610271.0
29166085412.0
29172732382.0
29178982254.0
29185026498.0
29190099232.0
29196091804.0
29202097471.0
29208097829.0
29215099073.0
29221090229.0
29229003171.0
29234967429.0
29240953984.0
29245083522.0
29250959300.0
29256966737.0
29262095744.0
29268097164.0
29275009928.0
29281038245.0
29286983392.0
29292953313.0
29298964289.0
29304101790.0
29310090469.0
29318596580.0
29324671616.0
29330663480.0
29337030499.0
29342971045.0
29348095805.0
29354089085.0
29361081480.0
29366968230.0
29373049636.0
29378090517.0
29397050715.0
29403001524.0
29409984364.0
29415102400.0
29423022773.0
29428637359.0
29435057112.0
29440710983.0
29447007218.0
29452635252.0
29461995726.0
29467102083.0
29473994319.0
29480011311.0
29485993620.0
29491096437.0
29497991505.0
29505717222.0
29511101760.0
29520805890.0
29526985332.0
29533716534.0
29541645402.0
29548933321.0
29554105153.0
29562581888.0
29568997041.0
29576685243.0
29582983602.0
29590677467.0
29596619074.0
29603785598.0
29614753576.0
29620660854.0
29627792694.0
29635048052.0
29642658038.0
29650679279.0
29656626195.0
29663670617.0
29668105587.0
29676642843.0
29683043485.0
29690617725.0
29697023321.0
29704820885.0
29710629064.0
29716605002.0
29723682693.0
29729108993.0
29736722872.0
29742992209.0
29752608213.0
29759687319.0
29765995587.0
29772823056.0
29778643623.0
29785019844.0
29792830857.0
29798981277.0
29806725045.0
29814587376.0
29820977400.0
29827661885.0
29834004484.0
29841734802.0
29848993700.0
29855023079.0
29875091400.0
29881502659.0
29886111404.0
29891539120.0
29896565137.0
29901542666.0
29906507101.0
29911538780.0
29916488704.0
29921484991.0
29926112494.0
29931109490.0
29936544992.0
29941110204.0
29946528718.0
29951540224.0
29956591015.0
29961544124.0
29966515283.0
29971112349.0
29976112884.0
29981113418.0
29986542549.0
29991113779.0
29997115199.0
30002515663.0
30007541680.0
30013516555.0
30018504703.0
30023115217.0
30028397472.0
30033553377.0
30038506840.0
30043515515.0
30048656556.0
30053536049.0
30058547909.0
30063692135.0
30068563843.0
30073516598.0
30078503683.0
30083547396.0
30088372740.0
30093546695.0
30098509714.0
30103536439.0
30109388858.0
30113496099.0
30118576619.0
30123690408.0
30128614850.0
30133618215.0
30138606009.0
30143651491.0
30148661935.0
30153702463.0
30158515065.0
30163553115.0
30168597182.0
30173498619.0
30178555780.0
30183698591.0
30188544462.0
30193681256.0
30199576854.0
30204502357.0
30209410164.0
30214556868.0
30219697908.0
30224547319.0
30229498305.0
30234713668.0
30240515831.0
30245576178.0
30254075919.0
30260523278.0
30265530891.0
30270592299.0
30275631765.0
30280445076.0
30285576914.0
30290526838.0
30295606297.0
30300629836.0
30305517824.0
30310586311.0
30315869273.0
30320554111.0
30325533057.0
30330543855.0
30335569871.0
30340412911.0
30345567401.0
30350527589.0
30355592890.0
30360515562.0
30366530077.0
30371574144.0
30376495754.0
30381602111.0
30386555928.0
30391563894.0
30396635921.0
30401511875.0
30406573284.0
30411714325.0
30416558426.0
30421573471.0
30426552063.0
30431579849.0
30436590647.0
30441577025.0
30446679842.0
30451564645.0
30456528018.0
30461516873.0
30466572619.0
30471710828.0
30476674201.0
30481541307.0
30486536179.0
30491581307.0
30496682355.0
30501565742.0
30506536193.0
30511567519.0
30516517088.0
30522553900.0
30527560805.0
30532427204.0
30537628765.0
30542534095.0
30547574268.0
30552619043.0
30557512693.0
30562576580.0
30567718328.0
30572579772.0
30577541375.0
30582533416.0
30587617829.0
30592427247.0
30597574658.0
30602539092.0
30607564047.0
30612572368.0
30622659793.0
30627736067.0
30632538760.0
30637656088.0
30642541952.0
30647582126.0
30652423396.0
30657576470.0
30662538781.0
30667566213.0
30672681772.0
30677517025.0
30682585513.0
30687752389.0
30692549420.0
30697539337.0
30702536686.0
30707587123.0
30713541471.0
30718633671.0
30723727640.0
30728534581.0
30734545202.0
30739618290.0
30744529637.0
30749528756.0
30754576715.0
30759718110.0
30764562920.0
30769544696.0
30774533551.0
30779914196.0
30784448264.0
30789578687.0
30794540644.0
30799739020.0
30804520832.0
30809513580.0
30814577112.0
30819704350.0
30824684711.0
30829548986.0
30834540672.0
30839575891.0
30844446183.0
30849578729.0
30854547765.0
30859563872.0
30864418591.0
30869518577.0
30874610423.0
30879721380.0
30884526197.0
30889597161.0
30895573099.0
30900522669.0
30905542315.0
30910613280.0
30916615054.0
30921580550.0
30926556664.0
30931577018.0
30936524818.0
30941529953.0
30946580745.0
30951721785.0
30956567303.0
30961549433.0
30966542889.0
30971570675.0
30976428580.0
30981582362.0
30986545027.0
30995583080.0
31000504690.0
31005616709.0
31010543982.0
31015585571.0
31020678479.0
31025526120.0
31030580096.0
31035874030.0
31040537987.0
31045544892.0
31050539763.0
31055572151.0
31060417314.0
31065588084.0
31070548979.0
31075570041.0
31080385122.0
31085526516.0
31090584032.0
31095723657.0
31100537675.0
31105551305.0
31110521402.0
31115681554.0
31120752165.0
31125583526.0
31130563179.0
31135567606.0
31140624060.0
31145525497.0
31150586198.0
31155726530.0
31160534532.0
31165611868.0
31170547281.0
31175579668.0
31180725309.0
31185587107.0
31190546233.0
31195591361.0
31200394762.0
31205524124.0
31210597566.0
31215725157.0
31220542715.0
31225622528.0
31230565373.0
31235675977.0
31240711903.0
31245619003.0
31250553354.0
31255670328.0
31260407192.0
31265529829.0
31270584867.0
31275724138.0
31280576026.0
31285641328.0
31290542765.0
31295627532.0
31300428810.0
31305593209.0
31310543133.0
31315632147.0
31320528983.0
31325530933.0
31330609330.0
31335743646.0
31343688440.0
31349788604.0
31355574133.0
31361558210.0
31366584935.0
31371871083.0
31380548845.0
31385531683.0
31390585660.0
31395732009.0
31400542489.0
31405555410.0
31410715916.0
31415586208.0
31420632044.0
31425599664.0
31430549588.0
31435589054.0
31440569769.0
31445545883.0
31450615431.0
31455787617.0
31461596151.0
31466553861.0
31471581293.0
31476565193.0
31481556880.0
31486589621.0
31491732077.0
31496549281.0
31501556894.0
31506553535.0
31511585922.0
31516653348.0
31521592300.0
31526554611.0
31531588768.0
31536600274.0
31541533917.0
31546587894.0
31551729642.0
31556548262.0
31561557998.0
31566551808.0
31571588796.0
31576611981.0
31581593404.0
31586554654.0
31591585271.0
31596535195.0
31601536791.0
31606591829.0
31611732870.0
31616552905.0
31621560164.0
31626559991.0
31631841184.0
31636641045.0
31642611320.0
31647737142.0
31652557178.0
31657560543.0
31662552230.0
31667700349.0
31672441460.0
31677594888.0
31682555075.0
31687620731.0
31692648871.0
31697537921.0
31702592959.0
31707735415.0
31713617210.0
31718558640.0
31723587842.0
31728550861.0
31733560951.0
31738695975.0
31743733671.0
31748531056.0
31753566274.0
31758550882.0
31764802523.0
31769567347.0
31774595841.0
31780486484.0
31785602043.0
31790554798.0
31795588955.0
31800621342.0
31805541890.0
31810613563.0
31815842022.0
31820552696.0
31825569864.0
31830559781.0
31835595354.0
31840447950.0
31845605624.0
31850562273.0
31855586874.0
31860624216.0
31865558921.0
31870593786.0
31883693777.0
31888489038.0
31893599288.0
31898576110.0
31903584076.0
31909046830.0
31913592577.0
31919595767.0
31924724774.0
31929615594.0
31934557731.0
31939588349.0
31944647634.0
31949543762.0
31954616496.0
31959714358.0
31964603408.0
31969570674.0
31974554574.0
31979569973.0
31984721632.0
31989632978.0
31994577239.0
31999583083.0
32004648030.0
32009526816.0
32013585216.0
32018561330.0
32023608582.0
32028452330.0
32034561341.0
32039645755.0
32044627177.0
32049595859.0
32054568434.0
32059593035.0
32064541543.0
32069560481.0
32074650911.0
32079757976.0
32084556068.0
32089568635.0
32094557491.0
32099589524.0
32104451322.0
32109469198.0
32114560690.0
32119595201.0
32124540524.0
32129565125.0
32134606360.0
32139741030.0
32144579115.0
32149970023.0
32154874291.0
32159915173.0
32164948976.0
32169911994.0
32174876783.0
32179908816.0
32184860156.0
32189876971.0
32194914667.0
32200053584.0
32204866187.0
32209755236.0
32214870087.0
32219912738.0
32225006707.0
32230074840.0
32234872578.0
32239905320.0
32244856305.0
32249876659.0
32254912939.0
32260060705.0
32264863044.0
32269879505.0
32274948699.0
32279910657.0
32284960386.0
32290777414.0
32296749104.0
32303785032.0
32309981462.0
32316820256.0
32323068712.0
32330724000.0
32336717634.0
32343961312.0
32352933890.0
32360108554.0
32367964869.0
32374111396.0
32381057428.0
32387114413.0
32394670249.0
32401043285.0
32407887742.0
32415880670.0
32422110722.0
32429039766.0
32436045964.0
32455090041.0
32466147561.0
32473051122.0
32479723221.0
32486078914.0
32493757561.0
32501048311.0
32507113083.0
32515719707.0
32520545405.0
32525571068.0
32530615134.0
32535751574.0
32540564531.0
32545576391.0
32550569847.0
32555599756.0
32564569149.0
32569585256.0
32574569864.0
32579608621.0
32584638531.0
32589626324.0
32594572709.0
32599602265.0
32604551127.0
32609573605.0
32614610593.0
32619754465.0
32624578747.0
32629575388.0
32634575569.0
32639848622.0
32644646006.0
32649611148.0
32654570274.0
32659607262.0
32664533474.0
32669556659.0
32674660184.0
32679747429.0
32684566402.0
32689660018.0
32694575611.0
32699600566.0
32704478998.0
32709503599.0
32714571732.0
32719599872.0
32724648186.0
32729570504.0
32734607138.0
32739749595.0
32744542732.0
32749616882.0
32754577423.0
32759720587.0
32764653523.0
32769606986.0
32774567528.0
32780043023.0
32784603635.0
32789553559.0
32794624877.0
32799749637.0
32804571442.0
32809439964.0
32813557469.0
32818610737.0
32823782569.0
32828591986.0
32833604908.0
32838572174.0
32843610578.0
32848783117.0
32853626157.0
32858596963.0
32863613777.0
32868553437.0
32873580516.0
32878614673.0
32883758899.0
32888569378.0
32893583715.0
32898574694.0
32903614513.0
32909554351.0
32914622484.0
32919756093.0
32925619838.0
32930580379.0
32939092861.0
32944796988.0
32949634719.0
32954620743.0
32959612076.0
32964561646.0
32969562534.0
32974615095.0
32979757551.0
32984574401.0
32989619175.0
32994576178.0
32999612104.0
33004564151.0
33009525401.0
33014578315.0
33019611764.0
33024558857.0
33029584873.0
33034613367.0
33039779890.0
33045766799.0
33051764680.0
33056576575.0
33061603654.0
33066584723.0
33071608262.0
33076458380.0
33081637644.0
33086583321.0
33091613939.0
33096563155.0
33101580323.0
33106768789.0
33111762953.0
33116575910.0
33121589185.0
33127616442.0
33132560349.0
33137605477.0
33142616275.0
33147762625.0
33152582306.0
33157588149.0
33162590453.0
33167620363.0
33172661598.0
33177641251.0
33182583389.0
33188651700.0
33193592776.0
33198580569.0
33203630652.0
33209566243.0
33214620219.0
33219760552.0
33224574571.0
33229591739.0
33234581302.0
33239616875.0
33244824452.0
33249623252.0
33254582732.0
33259616181.0
33264623794.0
33269564870.0
33274643621.0
33279763072.0
33285634249.0
33290585235.0
33295667879.0
33300567546.0
33305569142.0
33310637629.0
33315775485.0
33320581717.0
33325589684.0
33333021648.0
33338620661.0
33343621549.0
33348565457.0
33353593597.0
33358618906.0
33363775165.0
33368578920.0
33373601043.0
33378584943.0
33383618038.0
33388700328.0
33393661224.0
33398585311.0
33403634333.0
33409453838.0
33414587446.0
33419615940.0
33424777154.0
33429632582.0
33434660722.0
33440589942.0
33445650997.0
33450661795.0
33455676486.0
33461434409.0
33466472459.0
33471766039.0
33476589614.0
33481592626.0
33486588913.0
33491625193.0
33496647317.0
33501625554.0
33506591051.0
33511625561.0
33516571238.0
33521568941.0
33526625749.0
33531762189.0
33536575853.0
33542759542.0
33549703097.0
33555777778.0
33561645062.0
33566722043.0
33572584373.0
33577594109.0
33582588273.0
33587662777.0
33592697288.0
33597628100.0
33602595720.0
33607623506.0
33613774634.0
33619627761.0
33624570607.0
33629570433.0
33634624764.0
33642108754.0
33649009485.0
33655095845.0
33662724235.0
33669089131.0
33676919609.0
33683132319.0
33690718592.0
33696701254.0
33701686216.0
33706633663.0
33711772226.0
33717628892.0
33722619517.0
33727627130.0
33732586964.0
33737610503.0
33742638643.0
33749047779.0
33754632635.0
33759892239.0
33765654763.0
33770592653.0
33775623979.0
33781013117.0
33786602220.0
33791632130.0
33796662748.0
33801633907.0
33806619577.0
33811634268.0
33816578883.0
33821575878.0
33826633394.0
33831769479.0
33836594470.0
33841596066.0
33846592707.0
33851653054.0
33856498217.0
33861633241.0
33866595906.0
33871619446.0
33876615025.0
33890595570.0
33895625125.0
33900684764.0
33905578061.0
33910637346.0
33915772016.0
33920565154.0
33925628332.0
33930651517.0
33936611882.0
33941615248.0
33946654006.0
33951772042.0
33956616851.0
33961675075.0
33966593500.0
33971700564.0
33976620405.0
33981667303.0
33986602008.0
33991623424.0
33996657227.0
34001597595.0
34006633167.0
34011774562.0
34016589642.0
34021698122.0
34026598143.0
34031672293.0
34037638321.0
34042660798.0
34047809979.0
34052597454.0
34057604359.0
34062597107.0
34067729300.0
34072698689.0
34077631979.0
34082602784.0
34087669855.0
34092575539.0
34097603679.0
34102763478.0
34107779585.0
34113694294.0
34118597147.0
34123624579.0
34128489562.0
34137817829.0
34142602118.0
34147638753.0
34152582306.0
34157601952.0
34162636109.0
34167781397.0
34172592584.0
34177602674.0
34182595422.0
34188720714.0
34193599500.0
34198653123.0
34203779652.0
34209541823.0
34214603231.0
34219634911.0
34224732419.0
34229578998.0
34234634390.0
34239779324.0
34244593343.0
34249605556.0
34254596535.0
34259635647.0
34264683252.0
34269668214.0
34274640081.0
34279633537.0
34284590540.0
34289620449.0
34294705217.0
34299797770.0
34304601525.0
34309523843.0
34315647720.0
34320677629.0
34325601717.0
34330736387.0
34335777622.0
34340588456.0
34345598900.0
34350597311.0
34355630052.0
34360507068.0
34365672529.0
34370601572.0
34375626173.0
34380597332.0
34386604769.0
34391637510.0
34396694671.0
34401757496.0
34407783336.0
34413643896.0
34418604083.0
34423629038.0
34428691155.0
34433583744.0
34438641259.0
34443782300.0
34448644452.0
34453605347.0
34458626409.0
34463738074.0
34468696138.0
34473654910.0
34478618637.0
34484619703.0
34489660938.0
34494616878.0
34499660945.0
34504709258.0
34509553006.0
34515081589.0
34520921622.0
34525928881.0
34530921983.0
34535976667.0
34540993128.0
34545967118.0
34551920759.0
34558135593.0
34565177537.0
34572129940.0
34579771071.0
34586118270.0
34593766480.0
34601100408.0
34607135096.0
34614708629.0
34620974073.0
34627770751.0
34634114765.0
34641980989.0
34648848805.0
34664042941.0
34676151956.0
34682134619.0
34690126484.0
34697114987.0
34703148259.0
34709998733.0
34716145260.0
34723765510.0
34730106693.0
34737854708.0
34745089538.0
34751151125.0
34758714393.0
34765088491.0
34771781824.0
34778133979.0
34786843594.0
34792739899.0
34799849797.0
34806109932.0
34814754426.0
34821108350.0
34828989085.0
34835178436.0
34842728609.0
34849099522.0
34856776045.0
34863105194.0
34870822772.0
34876770396.0
34883836761.0
34890116362.0
34897113713.0
34903109824.0
34910799442.0
34917111957.0
34924947390.0
34936795567.0
34943839989.0
34950104371.0
34957768861.0
34964145436.0
34971909023.0
34978157479.0
34985086523.0
34991158019.0
34998718456.0
35005200499.0
35014841278.0
35020782177.0
35027835447.0
35034126020.0
35041785554.0
35048168500.0
35055920762.0
35062156831.0
35068959879.0
35075148523.0
35082740459.0
35088755328.0
35095786300.0
35102117574.0
35110746849.0
35116765611.0
35123858520.0
35130194748.0
35138162547.0
35145815711.0
35153112124.0
35159151767.0
35166738749.0
35173102582.0
35179778928.0
35186172491.0
35193796634.0
35201199930.0
35208167905.0
35215766212.0
35222120490.0
35228624830.0
35233666773.0
35238624483.0
35243678460.0
35248806051.0
35253667849.0
35258624851.0
35263655115.0
35268472673.0
35273631056.0
35278752631.0
35283820764.0
35288617086.0
35293660445.0
35298627711.0
35303669300.0
35309603829.0
35314668777.0
35319801678.0
35324669492.0
35329635342.0
35334627029.0
35342631281.0
35347701538.0
35352611469.0
35357629699.0
35362741011.0
35367812329.0
35372624578.0
35377627944.0
35382618569.0
35387688825.0
35392760498.0
35397665120.0
35402632386.0
35407664419.0
35413629739.0
35418623195.0
35423641425.0
35428525874.0
35433669038.0
35438632057.0
35443663029.0
35448610475.0
35453639677.0
35458766915.0
35463806734.0
35468631371.0
35473635090.0
35478630670.0
35483789406.0
35488532995.0
35493776672.0
35498638824.0
35503674751.0
35509752617.0
35514633527.0
35519776691.0
35524517802.0
35529673353.0
35534630002.0
35539667698.0
35544617622.0
35549606123.0
35554668239.0
35559816004.0
35564693728.0
35569623125.0
35574634631.0
35579663479.0
35584793548.0
35589675165.0
35594629690.0
35599659246.0
35604713930.0
35609628816.0
35614667220.0
35619814277.0
35624617678.0
35629721557.0
35634629011.0
35639793056.0
35644814826.0
35649766873.0
35654641412.0
35659726533.0
35664681412.0
35669617179.0
35674642134.0
35679817151.0
35684629046.0
35689645507.0
35694634716.0
35699661794.0
35704530317.0
35709569428.0
35717615797.0
35722687470.0
35727824971.0
35732634389.0
35737681641.0
35742782334.0
35748630861.0
35753658293.0
35759686257.0
35765713513.0
35771761297.0
35776707681.0
35781688750.0
35786630888.0
35791669646.0
35796624878.0
35801643817.0
35806701686.0
35811833171.0
35816640111.0
35821637460.0
35826647550.0
35831694448.0
35836689674.0
35841681006.0
35846645795.0
35851708973.0
35856664914.0
35861652353.0
35866679432.0
35871820826.0
35876637322.0
35881651659.0
35886642284.0
35899669722.0
35904624247.0
35909618765.0
35914685482.0
35919823691.0
35925684959.0
35930661781.0
35935675056.0
35940621087.0
35945613481.0
35950676660.0
35955821239.0
35960634550.0
35965663044.0
35970645529.0
35975674377.0
35980721983.0
35985689956.0
35990632094.0
35995667667.0
36000640949.0
36005618125.0
36010682719.0
36015821282.0
36021697060.0
36026653001.0
36032634247.0
36037677252.0
36042641687.0
36047673012.0
36052726988.0
36058115419.0
36062953504.0
36067992262.0
36072936169.0
36077923609.0
36082991034.0
36088173483.0
36092941138.0
36098101291.0
36102960965.0
36107991936.0
36113993710.0
36122835338.0
36128002922.0
36132930549.0
36138051416.0
36143686175.0
36148681047.0
36153704586.0
36158648493.0
36163672032.0
36168630097.0
36173618244.0
36178680006.0
36183826002.0
36188682491.0
36193631353.0
36198641797.0
36203899985.0
36209770809.0
36214714362.0
36219834167.0
36224640046.0
36229654029.0
36234646424.0
36239684473.0
36244730310.0
36249682711.0
36255833131.0
36261694399.0
36266660957.0
36272947282.0
36279147605.0
36286910839.0
36292805729.0
36299837763.0
36306145324.0
36314862725.0
36321129939.0
36328985545.0
36335171004.0
36342735334.0
36349111555.0
36355793563.0
36362134746.0
36369843829.0
36377122546.0
36383166083.0
36390732890.0
36397119021.0
36403799260.0
36410044176.0
36416884033.0
36423133904.0
36430854667.0
36436786365.0
36443836803.0
36450133746.0
36457555447.0
36462647293.0
36467680388.0
36472729763.0
36477691720.0
36482651908.0
36487718625.0
36492641297.0
36497625905.0
36502830298.0
36507834725.0
36513691746.0
36522667155.0
36527686447.0
36532725205.0
36537765024.0
36542652658.0
36547689292.0
36552635323.0
36557653200.0
36562686649.0
36568737971.0
36573704175.0
36578659762.0
36583659589.0
36588520325.0
36593704190.0
36598691629.0
36603825591.0
36608825772.0
36613659610.0
36618651650.0
36623685453.0
36628544420.0
36633714128.0
36638657681.0
36643682282.0
36649661759.0
36654653091.0
36659687602.0
36664724590.0
36669691148.0
36674661246.0
36679687970.0
36684644972.0
36689652939.0
36694812384.0
36699834861.0
36704646756.0
36709823189.0
36714680032.0
36719687291.0
36724738082.0
36729690483.0
36734660226.0
36739688721.0
36744636521.0
36749680941.0
36754708728.0
36759812253.0
36764780227.0
36769691573.0
36774742010.0
36779684502.0
36785122481.0
36789769096.0
36794655668.0
36799681331.0
36804741678.0
36809649131.0
36814690720.0
36819833530.0
36824671969.0
36829658701.0
36834652865.0
36839686314.0
36844547050.0
36849699416.0
36854645447.0
36859693052.0
36864649347.0
36870656076.0
36876846489.0
36881656968.0
36887733419.0
36892680866.0
36900962238.0
36905640351.0
36910846867.0
36915847401.0
36920647971.0
36925721767.0
36930648686.0
36935684612.0
36940761947.0
36945734876.0
36950655778.0
36955703030.0
36960505016.0
36965643225.0
36970708527.0
36975837888.0
36980654738.0
36985664120.0
36990650144.0
36995691733.0
37000799505.0
37005691740.0
37010639894.0
37015833669.0
37020647334.0
37025641852.0
37030699367.0
37035841470.0
37040650179.0
37045703094.0
37050650186.0
37058170631.0
37062651965.0
37067665240.0
37072580126.0
37077704886.0
37082683124.0
37087725775.0
37093667028.0
37098655529.0
37103692517.0
37109603688.0
37114699427.0
37120819410.0
37125702797.0
37130663338.0
37135693956.0
37140643880.0
37145661402.0
37150699806.0
37155844032.0
37160653450.0
37165670972.0
37170663366.0
37175695754.0
37180744067.0
37185702485.0
37190661257.0
37195691875.0
37200672943.0
37205664984.0
37210711174.0
37215861416.0
37221704634.0
37226668361.0
37231695085.0
37236676862.0
37241661116.0
37246703413.0
37251841622.0
37256662366.0
37261675287.0
37266672282.0
37271709271.0
37276800762.0
37281708924.0
37290666637.0
37295759544.0
37300744506.0
37305720974.0
37310677268.0
37315717796.0
37320648962.0
37325648435.0
37330708781.0
37335848052.0
37341711444.0
37346705607.0
37352783828.0
37357679248.0
37362675890.0
37367706153.0
37372754467.0
37377708284.0
37382670241.0
37387741559.0
37392656091.0
37397659457.0
37402800852.0
37407847396.0
37413706894.0
37418667081.0
37423843160.0
37428651870.0
37433642494.0
37438732570.0
37443848837.0
37448673827.0
37453674007.0
37458659323.0
37463690649.0
37468775770.0
37473704813.0
37478668539.0
37483693848.0
37488732252.0
37493645368.0
37498699344.0
37503846048.0
37509576365.0
37514660425.0
37519854907.0
37525681137.0
37530689103.0
37535711227.0
37540754940.0
37545711234.0
37550672837.0
37555703809.0
37560648424.0
37565669132.0
37570710367.0
37575845037.0
37580663303.0
37585680471.0
37590668265.0
37595703129.0
37600820457.0
37605705968.0
37613234198.0
37618754995.0
37623852149.0
37628667938.0
37633669180.0
37638671838.0
37643701394.0
37648725641.0
37653715204.0
37659852529.0
37664660885.0
37669677346.0
37676961371.0
37682689211.0
37687747788.0
37692670106.0
37697648344.0
37702712230.0
37707843715.0
37713707106.0
37718663046.0
37723707113.0
37728645711.0
37733665711.0
37738699514.0
37743841263.0
37749701469.0
37754681122.0
37759698644.0
37764641844.0
37769676001.0
37774766431.0
37779824300.0
37784670525.0
37789665043.0
37794660623.0
37799758131.0
37804732122.0
37809877409.0
37814664884.0
37819701872.0
37824648257.0
37829664718.0
37834695689.0
37839842039.0
37844658181.0
37849668625.0
37854687563.0
37859738708.0
37864844711.0
37870738893.0
37876997613.0
37882808624.0
37887885251.0
37893705110.0
37906729363.0
37911843151.0
37916663187.0
37921673277.0
37926664609.0
37931700536.0
37936857857.0
37941705852.0
37946668163.0
37951697011.0
37956683388.0
37961680384.0
37966925123.0
37972709590.0
37978712425.0
37984818252.0
37990811531.0
37996757386.0
38001709079.0
38006674930.0
38011702008.0
38016671751.0
38021676887.0
38026708212.0
38031844298.0
38036674597.0
38041672300.0
38046668234.0
38051703452.0
38056789635.0
38061708414.0
38066670725.0
38071698865.0
38076650205.0
38083215419.0
38088662247.0
38093648270.0
38098709679.0
38103850012.0
38109605457.0
38114669697.0
38119699607.0
38124652362.0
38129657852.0
38134712890.0
38139847914.0
38144665472.0
38149680163.0
38154677512.0
38159703529.0
38164738393.0
38169725833.0
38174671863.0
38179716284.0
38184655236.0
38189646923.0
38194707623.0
38199849018.0
38204669053.0
38209652246.0
38214672953.0
38219779664.0
38224859476.0
38229715611.0
38234674737.0
38239721989.0
38244656340.0
38249676694.0
38254709082.0
38259847291.0
38264665910.0
38269683079.0
38274681490.0
38279723433.0
38284767853.0
38289684863.0
38294677965.0
38299708229.0
38304663107.0
38309648777.0
38314714787.0
38319856181.0
38325714618.0
38330693563.0
38335701530.0
38340659948.0
38345673931.0
38350711627.0
38355883813.0
38360664563.0
38365677484.0
38370672710.0
38375716423.0
38380741377.0
38385714660.0
38390673432.0
38395704403.0
38400661052.0
38405837130.0
38410722995.0
38415851648.0
38420667436.0
38425697346.0
38430672398.0
38435721420.0
38440730802.0
38445723550.0
38450677721.0
38455716833.0
38460658971.0
38465659505.0
38470717375.0
38475854876.0
38484675268.0
38489714026.0
38494717392.0
38499857370.0
38504733679.0
38509657413.0
38515708028.0
38520660783.0
38525679013.0
38530720602.0
38535851733.0
38540668229.0
38545685044.0
38550674253.0
38555729645.0
38560807688.0
38565717265.0
38570675329.0
38575708070.0
38580667196.0
38585679410.0
38590714274.0
38595860978.0
38600673227.0
38605685794.0
38610678896.0
38615720839.0
38620644573.0
38625717661.0
38630683158.0
38635708112.0
38640682811.0
38645684761.0
38650718564.0
38655974982.0
38661716979.0
38667858905.0
38672686019.0
38677682660.0
38682676824.0
38687760883.0
38692751508.0
38697720898.0
38702679669.0
38707714888.0
38713704275.0
38718677911.0
38723723393.0
38728696676.0
38733718799.0
38738679341.0
38743851173.0
38748662006.0
38753661125.0
38758715455.0
38763856496.0
38768674761.0
38773701132.0
38778680077.0
38783840583.0
38789230784.0
38794719374.0
38799936507.0
38805726637.0
38810686824.0
38815721335.0
38820661703.0
38825662945.0
38830722938.0
38835867872.0
38840675520.0
38845689503.0
38850681898.0
38855730565.0
38860666686.0
38866035651.0
38870989114.0
38880128034.0
38885083621.0
38890032483.0
38894996918.0
38900026119.0
38904996571.0
38909939770.0
38916079927.0
38921183098.0
38926038171.0
38930994819.0
38936020128.0
38940973591.0
38945990760.0
38951033765.0
38956170912.0
38961149150.0
38966938926.0
38973184550.0
38981230919.0
38988264370.0
38998894708.0
39004789244.0
39012010626.0
39018198562.0
39025829429.0
39032244581.0
39039096825.0
39043840413.0
39050185136.0
39057891742.0
39067089766.0
39078224795.0
39087150655.0
39093196668.0
39101110672.0
39107229593.0
39115840110.0
39122186956.0
39129866664.0
39137231738.0
39143231742.0
39150790763.0
39157169108.0
39163835897.0
39170193715.0
39177705665.0
39182689211.0
39187759114.0
39192676123.0
39197692230.0
39202726387.0
39207872028.0
39213710999.0
39218689237.0
39223717377.0
39228667654.0
39233670312.0
39238723581.0
39243863914.0
39248700937.0
39253697225.0
39258688911.0
39263753151.0
39268749084.0
39273744664.0
39278725025.0
39287783959.0
39292786263.0
39297708581.0
39302694251.0
39307741503.0
39313708238.0
39318699217.0
39323729127.0
39328837253.0
39333730904.0
39338688260.0
39343721355.0
39348670571.0
39353725609.0
39358724020.0
39363866476.0
39368682618.0
39373695186.0
39378689350.0
39383728815.0
39388788808.0
39393728822.0
39398689364.0
39403744048.0
39409577002.0
39416840147.0
39423187346.0
39430937484.0
39436798752.0
39444003854.0
39450224704.0
39457863357.0
39464216928.0
39471991840.0
39478235695.0
39485168632.0
39491240128.0
39498782516.0
39504760931.0
39511871182.0
39518203871.0
39525858805.0
39533162296.0
39539230961.0
39546886956.0
39553185315.0
39561252211.0
39578039340.0
39585854954.0
39593176495.0
39599238435.0
39605674115.0
39610738355.0
39615874441.0
39620688813.0
39625702443.0
39630693775.0
39635739257.0
39640726697.0
39645736079.0
39650694851.0
39655721576.0
39660766704.0
39665739987.0
39670724948.0
39676273705.0
39681738228.0
39686701955.0
39691731511.0
39696934134.0
39701684447.0
39706741608.0
39711883711.0
39716711178.0
39721703572.0
39726696675.0
39731736848.0
39736945841.0
39741738979.0
39746700582.0
39751721290.0
39756775266.0
39761696522.0
39766739527.0
39771877029.0
39776696710.0
39781790325.0
39786704857.0
39792252552.0
39796786266.0
39801765919.0
39806734954.0
39811746814.0
39816681166.0
39821683824.0
39826834420.0
39831876717.0
39836696398.0
39841787536.0
39847733745.0
39852678360.0
39857702607.0
39862801531.0
39867880282.0
39872691469.0
39877744738.0
39882707403.0
39887782968.0
39892728291.0
39897799963.0
39902702462.0
39916751313.0
39921739814.0
39926703187.0
39931730619.0
39936687267.0
39941707975.0
39946737885.0
39951881757.0
39956725859.0
39961723916.0
39966680564.0
39971744804.0
39976821785.0
39981739856.0
39986706060.0
39995752607.0
40000875952.0
