12368666.0
21143312.0
30026257.0
39117305.0
48022546.0
57318511.0
89318913.0
105410424.0
115351933.0
124022174.0
133317431.0
141982009.0
151099246.0
160357342.0
176147317.0
185345247.0
194016196.0
203103350.0
212041152.0
221341718.0
231131042.0
241257295.0
250230488.0
260045648.0
269445311.0
278259595.0
288343024.0
297141029.0
306275608.0
316466273.0
325991222.0
335351246.0
344067142.0
353031488.0
362299847.0
371353025.0
380045563.0
391464672.0
400369205.0
413036577.0
422348114.0
431348205.0
440057731.0
449036587.0
458300345.0
467368034.0
476053848.0
485348043.0
494343533.0
504477572.0
514582589.0
524392795.0
533033661.0
541990574.0
551442970.0
561987197.0
571183712.0
581348187.0
589996486.0
599417383.0
608293957.0
618013560.0
627401897.0
636345715.0
645147613.0
654354745.0
663565416.0
673278295.0
682107444.0
691315992.0
700324223.0
709298124.0
718111701.0
729444808.0
740247748.0
750304280.0
759220846.0
768148384.0
777416744.0
786149982.0
795296948.0
805458946.0
815307728.0
826214720.0
835436363.0
844175264.0
853279052.0
862111033.0
871408413.0
880143775.0
892182591.0
901291688.0
910268775.0
919267450.0
929356187.0
939304774.0
948150557.0
957415378.0
968242738.0
978313426.0
987153193.0
996151514.0
1005285032.0
1023123474.0
1032167451.0
1041435102.0
1050140735.0
1062333505.0
1072099470.0
1081090006.0
1090001263.0
1099061166.0
1108603103.0
1118307134.0
1127161765.0
1136079039.0
1145354477.0
1154337580.0
1163353951.0
1172105947.0
1181041271.0
1190306092.0
1199363517.0
1208062425.0
1217354143.0
1227429786.0
1236041984.0
1245400593.0
1255452169.0
1264059413.0
1273023050.0
1282318307.0
1291380334.0
1300040311.0
1310314501.0
1319412626.0
1330300861.0
1339368550.0
1348162661.0
1357284853.0
1366120373.0
1375381301.0
1384159486.0
1393582507.0
1405387384.0
1415438253.0
1424182108.0
1434146621.0
1443301727.0
1452149280.0
1461433566.0
1472258449.0
1482288083.0
1491163949.0
1500198370.0
1509289771.0
1518291278.0
1527215631.0
1536310218.0
1545307123.0
1554300844.0
1567219850.0
1575947425.0
1584513261.0
1594266132.0
1604594824.0
1614168967.0
1623363712.0
1632154993.0
1641425122.0
1652231955.0
1662141257.0
1671549414.0
1681335199.0
1690159393.0
1699322286.0
1711197239.0
1721599900.0
1731158117.0
1740157500.0
1749430106.0
1758156620.0
1767403391.0
1776161757.0
1785459137.0
1796231995.0
1806386561.0
1815244731.0
1824155281.0
1833425764.0
1842149093.0
1851351978.0
1860155999.0
1869473907.0
1882208169.0
1899167837.0
1909202071.0
1918127132.0
1927422743.0
1936186418.0
1945290206.0
1954211020.0
1963326134.0
1974223570.0
1983437072.0
1992165355.0
2001531396.0
2012325842.0
2021475640.0
2032521721.0
2048517321.0
2059257264.0
2068342295.0
2077144193.0
2086123757.0
2095324164.0
2104333457.0
2113144203.0
2122271704.0
2131176591.0
2140158278.0
2149292858.0
2160204096.0
2169488736.0
2178145528.0
2187335318.0
2196159867.0
2209507819.0
2218178414.0
2229446047.0
2238144955.0
2247412960.0
2256168141.0
2265427653.0
2276230593.0
2286315792.0
2295222449.0
2304280228.0
2313285274.0
2322298814.0
2331159108.0
2340312444.0
2349937551.0
2358218838.0
2368518864.0
2378272797.0
2389472123.0
2398121483.0
2407304903.0
2417336306.0
2428188441.0
2437277718.0
2446008833.0
2455122177.0
2464082983.0
2473035296.0
2482008489.0
2491064853.0
2500056096.0
2509281631.0
2518006729.0
2527065217.0
2536055044.0
2545054427.0
2556360990.0
2565475042.0
2574073084.0
2583423553.0
2592375157.0
2601173870.0
2610398697.0
2622040065.0
2631133590.0
2640046618.0
2649489812.0
2658505121.0
2668311788.0
2677153678.0
2686272685.0
2695274899.0
2704352498.0
2713158643.0
2722153779.0
2731332244.0
2740169533.0
2749297034.0
2758125121.0
2767328360.0
2778193590.0
2788338600.0
2797164564.0
2806273662.0
2815180319.0
2824378249.0
2833322775.0
2842123611.0
2851331451.0
2860168740.0
2869340481.0
2880219159.0
2891171806.0
2900332929.0
2909377613.0
2918133502.0
2927319045.0
2936183940.0
2946520065.0
2956571995.0
2967230892.0
2976323001.0
2985343973.0
2994370962.0
3004469255.0
3014278752.0
3024343777.0
3033284764.0
3042299366.0
3061528345.0
3071319439.0
3082171928.0
3091332697.0
3100167509.0
3109172908.0
3118272450.0
3127241396.0
3136316163.0
3145206186.0
3154280954.0
3165380830.0
3175339326.0
3185244735.0
3194130157.0
3203386483.0
3212245008.0
3222042472.0
3231316848.0
3240170064.0
3249458597.0
3260227561.0
3270151727.0
3279319575.0
3288168190.0
3297471941.0
3306324095.0
3315221196.0
3324168907.0
3335358324.0
3345340887.0
3354308771.0
3363165526.0
3372907426.0
3381300196.0
3390300287.0
3399422833.0
3408322412.0
3417294898.0
3428230911.0
3438157908.0
3447385567.0
3456177556.0
3465485200.0
3474160396.0
3483317271.0
3494159851.0
3504286103.0
3513302474.0
3522297964.0
3531169230.0
3542276184.0
3553337130.0
3561894825.0
3570033484.0
3579374750.0
3588051716.0
3597501988.0
3606612501.0
3616052510.0
3625066404.0
3634328746.0
3643066585.0
3652357950.0
3661037746.0
3670013417.0
3679405293.0
3688073765.0
3697400520.0
3708308220.0
3718268840.0
3728382351.0
3737058609.0
3746075334.0
3755401736.0
3764390147.0
3773068882.0
3782019071.0
3791372371.0
3800069155.0
3809316280.0
3819103834.0
3829354666.0
3838011812.0
3847507385.0
3857397930.0
3866017561.0
3875123473.0
3886347219.0
3904215037.0
3913308562.0
3923399069.0
3932070725.0
3941059845.0
3950327850.0
3959445442.0
3968073213.0
3977373778.0
3986491370.0
3996319979.0
4005472961.0
4014322284.0
4024348732.0
4033155585.0
4042294057.0
4051190097.0
4064527785.0
4083535567.0
4093304364.0
4102135637.0
4112341521.0
4123101637.0
4134240090.0
4144197171.0
4153315470.0
4164310233.0
4173307139.0
4182337313.0
4193240058.0
4202299253.0
4211330488.0
4220195383.0
4233398584.0
4242166152.0
4251180753.0
4260317810.0
4271212415.0
4280342039.0
4289192777.0
4298304706.0
4307329217.0
4316199774.0
4326308331.0
4335175704.0
4344351691.0
4355246296.0
4364082523.0
4373332833.0
4382137916.0
4393291942.0
4402092070.0
4412078526.0
4421419084.0
4430020665.0
4439935984.0
4449184524.0
4458043048.0
4467389623.0
4476380158.0
4485203999.0
4494365476.0
4504363257.0
4513045531.0
4522021556.0
4532396965.0
4541071807.0
4550018103.0
4560617541.0
4570020389.0
4579402356.0
4588059856.0
4597085783.0
4606613209.0
4616400410.0
4625113121.0
4634335471.0
4643376262.0
4652075878.0
4661066413.0
4670334419.0
4679155074.0
4688394767.0
4697090490.0
4706343631.0
4716366540.0
4725216924.0
4734062000.0
4743121903.0
4752395217.0
4761180127.0
4770044668.0
4779381333.0
4788392042.0
4797182968.0
4807129785.0
4816373016.0
4825083250.0
4834056797.0
4843389923.0
4852375150.0
4861047868.0
4870337463.0
4879406213.0
4888061944.0
4897053895.0
4907076450.0
4916079726.0
4925144230.0
4934338621.0
4943384367.0
4952078320.0
4961448608.0
4970030016.0
4979396056.0
4988400040.0
4997075944.0
5005981185.0
5016074877.0
5025204148.0
5034052409.0
5043373502.0
5052373947.0
5061181153.0
5070353955.0
5081393666.0
5090028161.0
5099335098.0
5108084970.0
5117450302.0
5126024632.0
5135413323.0
5144403858.0
5153065959.0
5162026411.0
5171392806.0
5180078973.0
5189116933.0
5198336806.0
5207449442.0
5216091370.0
5228079930.0
5237385097.0
5246372447.0
5258026910.0
5267076903.0
5276393749.0
5285588848.0
5295376402.0
5304331192.0
5313367736.0
5322178128.0
5331198746.0
5340357746.0
5349469320.0
5358166459.0
5367391994.0
5376180444.0
5385484195.0
5396266254.0
5406178387.0
5415499126.0
5424213961.0
5433458608.0
5442168841.0
5451354738.0
5460196983.0
5469568332.0
5480566634.0
5490364452.0
5499202804.0
5508183075.0
5517571058.0
5527408869.0
5536184931.0
5545387462.0
5556242428.0
5565482121.0
5575591031.0
5586071908.0
5595098543.0
5604253295.0
5613208439.0
5622051037.0
5631113771.0
5640067499.0
5649186152.0
5658051047.0
5667073788.0
5676080250.0
5685211998.0
5694054596.0
5704017693.0
5713054237.0
5722034509.0
5731082733.0
5740065128.0
5749059202.0
5758028148.0
5767175822.0
5776069739.0
5785119024.0
5794032759.0
5804001519.0
5813075578.0
5822093365.0
5831162824.0
5840082576.0
5849077358.0
5858038164.0
5867077540.0
5876088248.0
5885106743.0
5894033927.0
5912086489.0
5921080209.0
5932182209.0
5941063030.0
5950028791.0
5959178943.0
5968073213.0
5977054192.0
5986027385.0
5994419802.0
6004027567.0
6013055618.0
6022032350.0
6031096146.0
6041369628.0
6051387228.0
6060382718.0
6069228501.0
6078362019.0
6087154715.0
6096369633.0
6106493762.0
6115143476.0
6124386353.0
6133056594.0
6142347251.0
6151488200.0
6160069608.0
6169114647.0
6178340890.0
6187088993.0
6196427428.0
6207100835.0
6219123371.0
6228409072.0
6237195398.0
6246085421.0
6255390587.0
6264386077.0
6275121420.0
6285517711.0
6294058064.0
6304311727.0
6313060891.0
6322035854.0
6332101233.0
6342384624.0
6352408595.0
6361064325.0
6370031148.0
6379412053.0
6388386662.0
6397059734.0
6407173600.0
6416437358.0
6425081764.0
6434040446.0
6443397993.0
6452112119.0
6461413747.0
6470048596.0
6479096820.0
6488400571.0
6497078952.0
6507094075.0
6516100890.0
6525191938.0
6534061787.0
6543078159.0
6552081435.0
6561196548.0
6570060382.0
6579083831.0
6588074366.0
6597204345.0
6606422094.0
6615143299.0
6624082870.0
6633194091.0
6642063233.0
6651079250.0
6660071909.0
6669234093.0
6678057934.0
6687078198.0
6696103063.0
6706110400.0
6715408842.0
6724071651.0
6733061832.0
6742344349.0
6751090682.0
6760075554.0
6769432747.0
6778343297.0
6787089984.0
6796433373.0
6806063081.0
6815089362.0
6824193858.0
6833426472.0
6842067692.0
6851404711.0
6860105743.0
6869145827.0
6878344111.0
6887483645.0
6896116017.0
6905411982.0
6915082036.0
6924391096.0
6933643175.0
6943094156.0
6952078674.0
6961093276.0
6970358450.0
6979414106.0
6988077268.0
6997382081.0
7006438445.0
7016439765.0
7026401447.0
7035084075.0
7044387472.0
7053204234.0
7062366065.0
7071392346.0
7080081698.0
7089221940.0
7098374215.0
7108076476.0
7117393676.0
7126068517.0
7135111786.0
7146450910.0
7156428164.0
7165379060.0
7174040453.0
7183092570.0
7192388535.0
7201071517.0
7210351556.0
7219137527.0
7229098855.0
7238355889.0
7247412960.0
7256131334.0
7265400048.0
7274358730.0
7283083474.0
7292112940.0
7301400057.0
7313388264.0
7323331541.0
7333572109.0
7343437525.0
7352267028.0
7362547588.0
7372437779.0
7381186235.0
7390440084.0
7399323029.0
7409463438.0
7418184643.0
7429917322.0
7440206376.0
7449467657.0
7458187446.0
7467441295.0
7476260535.0
7485467667.0
7496356255.0
7506227688.0
7515450392.0
7524194956.0
7533473579.0
7542190183.0
7551447925.0
7562197778.0
7571445256.0
7580213178.0
7590177337.0
7599448528.0
7608204416.0
7617474899.0
7626217693.0
7639022030.0
7648227747.0
7657452928.0
7666161392.0
7675458419.0
7684193427.0
7693451523.0
7705229502.0
7714448314.0
7723222960.0
7732454866.0
7741185981.0
7750454694.0
7759221554.0
7768483897.0
7779263833.0
7788485122.0
7797913097.0
7807460697.0
7816203137.0
7825460171.0
7834165803.0
7843460353.0
7852202085.0
7861470444.0
7872248611.0
7881475562.0
7890188273.0
7899461587.0
7908492469.0
7925475849.0
7934170511.0
7943464352.0
7952235105.0
7962551765.0
7974191717.0
7983468925.0
7992210657.0
8001496712.0
8013400686.0
8023348211.0
8033205841.0
8042618244.0
8052450392.0
8061209820.0
8070401734.0
8079403948.0
8088085515.0
8097202044.0
8107124795.0
8116125240.0
8125096663.0
8136503385.0
8146186534.0
8155108764.0
8164398712.0
8173390663.0
8182145136.0
8191411018.0
8200087630.0
8209400583.0
8218471103.0
8227105244.0
8236130463.0
8246496671.0
8257075937.0
8265213888.0
8274104618.0
8283091261.0
8292087104.0
8301229116.0
8310074545.0
8319465714.0
8328539419.0
8337205413.0
8346126935.0
8355090572.0
8364086770.0
8373230197.0
8382100401.0
8391199589.0
8400091027.0
8409470870.0
8418104658.0
8427092362.0
8436223402.0
8445207567.0
8454104668.0
8463101928.0
8474467949.0
8483413891.0
8492119523.0
8501102626.0
8511103592.0
8520118194.0
8529250296.0
8538218888.0
8548108371.0
8557416723.0
8566176858.0
8575430353.0
8584116874.0
8593168991.0
8602145724.0
8613520947.0
8622170307.0
8631463794.0
8640419646.0
8649230745.0
8658498751.0
8667099978.0
8676437705.0
8685522382.0
8694174927.0
8703992919.0
8713494155.0
8722148470.0
8731427093.0
8740117861.0
8749115829.0
8758463111.0
8767419317.0
8776144415.0
8785173527.0
8794148136.0
8807146773.0
8816138016.0
8825163589.0
8834465571.0
8843440533.0
8852111128.0
8861111219.0
8870459918.0
8879121311.0
8888107599.0
8897432939.0
8907130953.0
8916218107.0
8925292167.0
8934522303.0
8943123177.0
8952123622.0
8961212545.0
8970500370.0
8982493177.0
8991188546.0
9000491236.0
9009517517.0
9018175724.0
9027492570.0
9036220854.0
9045495938.0
9055599186.0
9064188380.0
9073492485.0
9082147507.0
9091352162.0
9101507790.0
9110498325.0
9120504954.0
9129218726.0
9138254563.0
9149117315.0
9158157045.0
9167450178.0
9176545119.0
9186228622.0
9195601741.0
9204514414.0
9213234912.0
9222508934.0
9231592549.0
9243246658.0
9252217020.0
9261531743.0
9270203399.0
9279522369.0
9288219861.0
9297527506.0
9307607749.0
9319528003.0
9328659043.0
9339288211.0
9350358004.0
9360533805.0
9369381358.0
9378531509.0
9387246344.0
9396554696.0
9406208824.0
9417455929.0
9427242068.0
9436558915.0
9445198365.0
9453332777.0
9463534059.0
9472228013.0
9484246656.0
9493500505.0
9502161190.0
9512214536.0
9521516871.0
9530470953.0
9539266834.0
9548211714.0
9557525375.0
9566185706.0
9575177303.0
9584522109.0
9595154461.0
9604269221.0
9613493341.0
9622487062.0
9631211806.0
9642110304.0
9652528891.0
9661201963.0
9670156045.0
9679537658.0
9688510143.0
9697186047.0
9707173564.0
9716599771.0
9725208076.0
9734156142.0
9743515811.0
9752215781.0
9761205963.0
9770158629.0
9778531226.0
9787215270.0
9796554413.0
9807532896.0
9816243837.0
9828529687.0
9837534732.0
9847473763.0
9856617544.0
9867164603.0
9876244679.0
9885552324.0
9894205577.0
9904316611.0
9913205572.0
9929240103.0
9938552702.0
9949295830.0
9958274686.0
9968409787.0
9977235397.0
9987554534.0
9996235393.0
10005375634.0
10014593030.0
10023295123.0
10033225660.0
10041333882.0
10050561187.0
10061321304.0
10070552856.0
10079233361.0
10088562594.0
10097248053.0
10107229200.0
10116558787.0
10125341220.0
10134596484.0
10145603988.0
10156339331.0
10166176788.0
10175590961.0
10193578755.0
10208314414.0
10218576216.0
10228223974.0
10237566656.0
10246286799.0
10255600814.0
10265596825.0
10277333043.0
10286563179.0
10295296771.0
10304227495.0
10314494606.0
10324579804.0
10339375274.0
10351328796.0
10361232436.0
10369269166.0
10377373141.0
10386583105.0
10395221139.0
10404120364.0
10414478078.0
10424255015.0
10434214927.0
10442563812.0
10451231222.0
10459265829.0
10468577720.0
10477604709.0
10486181870.0
10499579724.0
10508612022.0
10517230945.0
10525204679.0
10533353247.0
10542591878.0
10553234494.0
10561183807.0
10569267963.0
10578597904.0
10587203378.0
10595246126.0
10604188528.0
10613214809.0
10623147823.0
10632572968.0
10643371307.0
10654558601.0
10664570539.0
10674570443.0
10685329144.0
10695399832.0
10704579712.0
10715157208.0
10725454402.0
10734573763.0
10745221334.0
10755569492.0
10764567106.0
10775363322.0
10785310846.0
10794205824.0
10804012844.0
10813981250.0
10825190841.0
10835525904.0
10844581206.0
10854507495.0
10865232928.0
10874576672.0
10885163016.0
10895165044.0
10904189909.0
10915217232.0
10925206873.0
10934573621.0
10944511590.0
10953579987.0
10963539899.0
10973205353.0
10982574932.0
10993327616.0
11004066852.0
11012632334.0
11023231418.0
11032584010.0
11043220610.0
11053209897.0
11062572044.0
11073449661.0
11083334189.0
11092585914.0
11104257719.0
11113515815.0
11123210997.0
11133546415.0
11142593222.0
11155354028.0
11164584518.0
11174575929.0
11185326136.0
11195339135.0
11204593338.0
11215368319.0
11225330708.0
11234589866.0
11245309636.0
11255396958.0
11264595242.0
11275339786.0
11285341460.0
11294196092.0
11304397374.0
11315565910.0
11324608471.0
11335532451.0
11344615005.0
11355211258.0
11365315214.0
11374600207.0
11385474993.0
11395342533.0
11404586118.0
11415395783.0
11425310040.0
11434600696.0
11445559005.0
11455544399.0
11464280115.0
11473590590.0
11483531391.0
11493237545.0
11502609248.0
11513587377.0
11522587468.0
11532604360.0
11543412609.0
11552227602.0
11561540909.0
11571215210.0
11581598406.0
11591579199.0
11601498411.0
11611345069.0
11620605643.0
11633371757.0
11643328837.0
11652596135.0
11663337494.0
11672620010.0
11683345797.0
11692596461.0
11704313921.0
11713617318.0
11723236055.0
11733485116.0
11742637391.0
11752617830.0
11763338662.0
11772613392.0
11783276536.0
11793497638.0
11802602488.0
11814166348.0
11824379310.0
11833608739.0
11843550601.0
11853239767.0
11862607931.0
11873357784.0
11882607032.0
11892608352.0
11904421724.0
11913237424.0
11924623973.0
11943460105.0
11952632553.0
11962620424.0
11973490255.0
11982614571.0
11992610228.0
12004277432.0
12013611266.0
12024436857.0
12033629125.0
12044358805.0
12053619378.0
12065478405.0
12075345236.0
12084614658.0
12094625534.0
12104684896.0
12115374583.0
12124618876.0
12134617011.0
12145349522.0
12154657521.0
12164626988.0
12175398430.0
12185357280.0
12194628825.0
12205345056.0
12215442641.0
12224631016.0
12235383700.0
12245362370.0
12254625420.0
12264635942.0
12274634077.0
12285505323.0
12295160160.0
12304648655.0
12315558832.0
12327393438.0
12337537033.0
12346629142.0
12355624278.0
12364628616.0
12375476504.0
12385365633.0
12394642486.0
12405559034.0
12415381626.0
12425113616.0
12435372587.0
12444653334.0
12455639957.0
12465594206.0
12474634643.0
12485362200.0
12495383693.0
12504634711.0
12515527546.0
12524648676.0
12533641689.0
12544364644.0
12553686799.0
12565514327.0
12575391069.0
12584663321.0
12595390524.0
12607389347.0
12617377218.0
12626642039.0
12636652561.0
12647494432.0
12656683514.0
12666661122.0
12677371336.0
12686666947.0
12696650926.0
12707382729.0
12717525262.0
12727464646.0
12736670717.0
12747404997.0
12756645751.0
12767383217.0
12776674228.0
12787388689.0
12796646077.0
12807152790.0
12817385217.0
12827682057.0
12836263465.0
12845652156.0
12854294084.0
12863653046.0
12872688882.0
12881650397.0
12890643763.0
12899679600.0
12909244541.0
12917655361.0
12926651205.0
12935340204.0
12943655467.0
12952657327.0
12962657232.0
12971656615.0
12980297481.0
12991656778.0
13000670317.0
13009689520.0
13018665545.0
13028127142.0
13037658462.0
13047138463.0
13055662891.0
13064690941.0
13074658285.0
13084659959.0
13095186137.0
13104686312.0
13115004033.0
13123662595.0
13133663915.0
13144382623.0
13153663724.0
13163664690.0
13173657162.0
13182664685.0
13193419493.0
13202665910.0
13212664399.0
13223567851.0
13233243214.0
13244119062.0
13254393605.0
13263668335.0
13273667178.0
13284400043.0
13293353417.0
13304447984.0
13313673874.0
13324433283.0
13333669436.0
13344429552.0
13353663582.0
13362672521.0
13374536148.0
13383287790.0
13393421121.0
13404357134.0
13413604613.0
13422674779.0
13432672206.0
13443394807.0
13452676262.0
13463156785.0
13473553429.0
13482680930.0
13492675526.0
13504004032.0
13514376964.0
13524440573.0
13534218218.0
13543604078.0
13553500639.0
13562298644.0
13571677071.0
13581667420.0
13591154146.0
13600676263.0
13611405589.0
13620329588.0
13629950094.0
13639229779.0
13652488545.0
13663143902.0
13673428001.0
13682679373.0
13693418254.0
13704146165.0
13713325337.0
13722608207.0
13732136341.0
13741336041.0
13751521044.0
13761244893.0
13771498556.0
13782184704.0
13791648425.0
13801110731.0
13811495342.0
13822064344.0
13831391100.0
13840616635.0
13850384725.0
13859689184.0
13869933644.0
13879177230.0
13889430538.0
13899429381.0
13908690662.0
13921485443.0
13931623375.0
13948385204.0
13958094543.0
13967378121.0
13977672484.0
13987473841.0
13997442601.0
14007188040.0
14016697416.0
14027466381.0
14037240133.0
14047136340.0
14057451229.0
14067117391.0
14077465195.0
14087645243.0
14097257963.0
14106700095.0
14116627093.0
14126404030.0
14135385717.0
14145586292.0
14155458433.0
14164702018.0
14175038851.0
14183322969.0
14193601760.0
14204409655.0
14214108377.0
14223646067.0
14233449902.0
14243190385.0
14253252933.0
14263223816.0
14273462614.0
14283446946.0
14293111338.0
14304463557.0
14313652639.0
14323141134.0
14333462749.0
14343624039.0
14353145803.0
14363470602.0
14373598978.0
14383148701.0
14393132679.0
14404512149.0
14414092309.0
14423639909.0
14433244842.0
14443536728.0
14453459479.0
14463140858.0
14473438406.0
14483475472.0
14493254887.0
14504252127.0
14513338220.0
14523141701.0
14533110460.0
14543465343.0
14553242634.0
14563147335.0
14573456916.0
14583202001.0
14593114842.0
14604389907.0
14613366993.0
14623341416.0
14632661447.0
14641648797.0
14651192149.0
14663692118.0
14673264846.0
14683471083.0
14693132644.0
14704051315.0
14714422124.0
14724128986.0
14733347797.0
14743121549.0
14751654470.0
14761182958.0
14771519791.0
14781309115.0
14791574103.0
14801153909.0
14811165492.0
14820689733.0
14831353231.0
14840379512.0
14850459047.0
14859660870.0
14868351992.0
14878066994.0
14887174322.0
14895352973.0
14905115046.0
14914666892.0
14923666629.0
14932354566.0
14941682384.0
14951164508.0
14959493928.0
14968355992.0
14977668945.0
14986356881.0
14998227233.0
15007557174.0
15016520458.0
15025535413.0
15034486310.0
15043540904.0
15052534978.0
15061620363.0
15071194506.0
15080384296.0
15089516752.0
15098667257.0
15107672303.0
15116364133.0
15125673193.0
15134363607.0
15143670898.0
15152693639.0
15161379806.0
15172188056.0
15184170245.0
15193678206.0
15202672988.0
15211380744.0
15220696528.0
15231428332.0
15240402941.0
15249393476.0
15257384906.0
15277323133.0
15286157945.0
15295381711.0
15305211382.0
15313386494.0
15323205901.0
15335577398.0
15345372385.0
15353385050.0
15362391157.0
15371405051.0
15380407620.0
15389386122.0
15399332585.0
15408413369.0
15417387270.0
15425386839.0
15435220403.0
15443508415.0
15452388528.0
15461403129.0
15470409945.0
15479389509.0
15489381981.0
15497390044.0
15507229271.0
15515390934.0
15525383406.0
15533391824.0
15542392269.0
15551406162.0
15560415455.0
15569395019.0
15579221151.0
15587398386.0
15596398123.0
15605394321.0
15614395120.0
15623396627.0
15632396010.0
15641410965.0
15650419550.0
15659398760.0
15668421148.0
15677401773.0
15687290194.0
15697225686.0
15707247179.0
15715403180.0
15724399731.0
15733475561.0
15743262761.0
15753436439.0
15763261154.0
15773246194.0
15782405902.0
15791420503.0
15800426257.0
15810224783.0
15820236013.0
15828405462.0
15838406074.0
15848370941.0
15857409963.0
15868407911.0
15878406754.0
15887412154.0
15897378790.0
15906232006.0
15916248544.0
15924413039.0
15932409777.0
15941432165.0
15960268297.0
15970366236.0
15983264007.0
15991411868.0
16000411959.0
16010221102.0
16018436207.0
16027417540.0
16036417985.0
16047417703.0
16057237110.0
16065418947.0
16073420994.0
16083270484.0
16091415513.0
16101410463.0
16110269341.0
16120325164.0
16130238005.0
16138422673.0
16147422056.0
16158234552.0
16167484154.0
16176495924.0
16185424878.0
16195274014.0
16205270380.0
16213421425.0
16223506624.0
16233334879.0
16242455655.0
16251423540.0
16259428064.0
16267696964.0
16279572979.0
16299459534.0
16309624718.0
16319429614.0
16329438367.0
16338248051.0
16346431303.0
16356268406.0
16364428300.0
16373431222.0
16384220006.0
16393426430.0
16401445465.0
16410250194.0
16418429907.0
16427434245.0
16437402651.0
16445451061.0
16454448675.0
16463435317.0
16473497864.0
16483283295.0
16492469192.0
16501440616.0
16510218802.0
16518461866.0
16527434351.0
16535692280.0
16544454539.0
16553427024.0
16561426240.0
16569448814.0
16577429980.0
16585427073.0
16593429827.0
16601428335.0
16610181747.0
16618428704.0
16627262808.0
16635428718.0
16643429350.0
16651429627.0
16660234002.0
16668429996.0
16676430627.0
16685431072.0
16693464971.0
16701437643.0
16710220430.0
16719271839.0
16727432794.0
16736236815.0
16745436515.0
16753434669.0
16761434593.0
16769434870.0
16777437271.0
16785435779.0
16794216088.0
16802436147.0
16811436946.0
16819442886.0
16828226734.0
16836438300.0
16844466891.0
16853439376.0
16862438759.0
16870439391.0
16879440543.0
16888231470.0
16896440912.0
16905328103.0
16913441280.0
16921441558.0
16929441835.0
16937442820.0
16946442911.0
16955157038.0
16963443280.0
16972280215.0
16982181731.0
16990444968.0
16999232002.0
17008249788.0
17016994706.0
17025448350.0
17033453228.0
17041446781.0
17049447413.0
17057452999.0
17065448322.0
17073448953.0
17082228200.0
17091449489.0
17099456491.0
17108259096.0
17117455611.0
17125591438.0
17134451025.0
17142450948.0
17151451393.0
17159460164.0
17168475474.0
17177453622.0
17186481672.0
17195453096.0
17203502922.0
17212454526.0
17221286153.0
17229456664.0
17237492687.0
17247280596.0
17255460663.0
17264481281.0
17273507916.0
17282457043.0
17290458028.0
17298458659.0
17306491851.0
17322170342.0
17331460290.0
17341242536.0
17351336229.0
17360300574.0
17369462051.0
17377468345.0
17386495687.0
17395507458.0
17405278378.0
17413463046.0
17421493052.0
17429463601.0
17437466002.0
17445465572.0
17453464787.0
17462464878.0
17471465677.0
17479469848.0
17488466045.0
17496547724.0
17506242198.0
17514468274.0
17523473320.0
17531584373.0
17540468380.0
17549469533.0
17557474411.0
17566229592.0
17574471240.0
17583472039.0
17591476210.0
17600470992.0
17610262086.0
17618471528.0
17627479051.0
17636598765.0
17645476047.0
17654485340.0
17663473752.0
17671475799.0
17680498541.0
17689474919.0
17697503864.0
17706270370.0
17714475919.0
17722476904.0
17730476828.0
17739477273.0
17747529222.0
17756482596.0
17765477732.0
17774478177.0
17782479162.0
17791479961.0
17799480592.0
17809151355.0
17817521475.0
17825481052.0
17833484161.0
17841621404.0
17850483113.0
17859482850.0
17867515334.0
17876485342.0
17885483310.0
17893484295.0
17901484573.0
17910264174.0
17918495205.0
17928194634.0
17936520515.0
17945505033.0
17960504713.0
17969521438.0
17978498524.0
17988341290.0
17996504723.0
18007266609.0
18018303134.0
18027500711.0
18035500634.0
18044658218.0
18054534252.0
18064563885.0
18073505934.0
18083241109.0
18092357284.0
18101510267.0
18110292345.0
18118503911.0
18127504710.0
18137347829.0
18145509493.0
18153506585.0
18161506154.0
18171342550.0
18180625774.0
18190673457.0
18200507728.0
18210176013.0
18219388808.0
18227515433.0
18235513941.0
18244573844.0
18253510938.0
18261531743.0
18271234003.0
18279516352.0
18288535201.0
18298146859.0
18307219857.0
18315515654.0
18334290559.0
18343520342.0
18352518663.0
18361514861.0
18369519739.0
18377573104.0
18386582043.0
18395522676.0
18405302798.0
18413517903.0
18422525072.0
18431521270.0
18440524546.0
18449535609.0
18458519066.0
18467522696.0
18476554285.0
18487435795.0
18497232906.0
18506172831.0
18515318381.0
18524533653.0
18534276969.0
18543523031.0
18553188839.0
18561527460.0
18569528092.0
18579208410.0
18587528981.0
18596559863.0
18606195942.0
18614531378.0
18623526160.0
18632526605.0
18641527050.0
18651426088.0
18661282302.0
18670532612.0
18679537304.0
18688534918.0
18697533593.0
18706157117.0
18714533961.0
18723535114.0
18732534143.0
18740531589.0
18749532388.0
18759387187.0
18767536109.0
18776563098.0
18785533106.0
18795202099.0
18804292438.0
18812537980.0
18821690255.0
18830542409.0
18839535775.0
18851221029.0
18859556465.0
18869358884.0
18878537349.0
18887542041.0
18896607606.0
18906193783.0
18914547976.0
18923543466.0
18933331729.0
18941605938.0
18950639297.0
18960307228.0
18968545691.0
18977547197.0
18987273171.0
18995542778.0
19006349966.0
19015551435.0
19025181143.0
19033533213.0
19043167168.0
19052190618.0
19060534902.0
19069535701.0
19079249287.0
19087538714.0
19097167360.0
19106159311.0
19115202934.0
19124219305.0
19133555262.0
19143238412.0
19151545181.0
19160684715.0
19171178332.0
19180227264.0
19190235308.0
19200161244.0
19209304317.0
19217547028.0
19227236547.0
19236571443.0
19246171422.0
19255262116.0
19263547296.0
19272583840.0
19282137102.0
19290549692.0
19300162412.0
19309190463.0
19317546072.0
19327237715.0
19336172332.0
19344558732.0
19356202931.0
19365303535.0
19373549430.0
19382605086.0
19392175690.0
19400550057.0
19410496520.0
19419622605.0
19428618449.0
19438220198.0
19447217457.0
19455552186.0
19465179770.0
19474139161.0
19482558829.0
19491553611.0
19501165269.0
19510180579.0
19519555113.0
19531199313.0
19539555276.0
19549165872.0
19557586956.0
19566557672.0
19576185257.0
19585157742.0
19594194287.0
19604239492.0
19613559878.0
19623244796.0
19632180121.0
19640560858.0
19650176763.0
19658560686.0
19668399205.0
19677303738.0
19685565206.0
19695185712.0
19704202437.0
19714134390.0
19723218359.0
19731563705.0
19740572998.0
19750124844.0
19759565915.0
19768566006.0
19778150412.0
19787181294.0
19795566986.0
19805236687.0
19815242962.0
19823568842.0
19832569641.0
19842154756.0
19851544508.0
19860614321.0
19869725895.0
19879284466.0
19887602207.0
19896571507.0
19906500628.0
19915695727.0
19924613001.0
19933595750.0
19942681489.0
19951639818.0
19969315459.0
19979575846.0
19988575229.0
19997575674.0
