10101478.0
18271636.0
27282344.0
36288098.0
45392240.0
54286510.0
81315804.0
90075586.0
106082865.0
115039071.0
124432363.0
133007046.0
142398922.0
151521468.0
160045896.0
175463905.0
185029908.0
194427801.0
203520264.0
212455234.0
221031333.0
230333669.0
241995918.0
251044495.0
260461146.0
269130679.0
279088467.0
288029808.0
297556173.0
307040067.0
316155535.0
326405304.0
335036614.0
344483348.0
353443092.0
361989463.0
371036270.0
380459645.0
391139777.0
400055636.0
413459861.0
422012248.0
431033927.0
440474290.0
449472258.0
457990315.0
467054111.0
476466868.0
485036243.0
494032441.0
505183989.0
514278221.0
524078871.0
533445619.0
542399701.0
551129046.0
562404819.0
571939323.0
581036033.0
590405613.0
599102044.0
609152558.0
618425872.0
627092574.0
636032853.0
645560280.0
654040821.0
663088337.0
671283269.0
680071718.0
688033064.0
696041482.0
705416724.0
714052635.0
722003364.0
730125743.0
739302084.0
748289434.0
757017364.0
765154253.0
774044276.0
781992527.0
789995636.0
798030597.0
808017761.0
816050599.0
825433981.0
834044410.0
841996201.0
849994001.0
858017637.0
865997033.0
874127198.0
882562793.0
891281874.0
900038117.0
908434780.0
917039901.0
925024606.0
933403574.0
942016834.0
949998708.0
958076139.0
967389800.0
976295396.0
985022263.0
993161630.0
1002018031.0
1010260741.0
1018921426.0
1027314197.0
1036046727.0
1044066116.0
1053313594.0
1062018873.0
1071283339.0
1080290863.0
1089407392.0
1099475248.0
1108302274.0
1117996041.0
1127579032.0
1136492060.0
1145043385.0
1154027903.0
1163041797.0
1172520029.0
1181453230.0
1189996061.0
1199049947.0
1208474738.0
1217042343.0
1227099228.0
1236452527.0
1246073387.0
1255138245.0
1264469248.0
1273434301.0
1282006153.0
1291066056.0
1300449438.0
1310001639.0
1320113381.0
1329425980.0
1338025083.0
1346000941.0
1354000156.0
1362020961.0
1370054153.0
1377994618.0
1386027810.0
1393955181.0
1404347578.0
1413163987.0
1422019326.0
1430004031.0
1438021297.0
1446026175.0
1454003802.0
1462093620.0
1471327650.0
1480309691.0
1489065580.0
1497155398.0
1506235120.0
1515067809.0
1523045435.0
1531054915.0
1539049883.0
1547049453.0
1555080167.0
1566295420.0
1575154653.0
1584038659.0
1592318884.0
1601064509.0
1610250406.0
1618002589.0
1626029764.0
1634005975.0
1642093316.0
1651305403.0
1660037225.0
1668035379.0
1676073879.0
1684044428.0
1692039750.0
1700087453.0
1710272101.0
1719138058.0
1729054084.0
1737159475.0
1746044543.0
1754003412.0
1761996966.0
1770024495.0
1778006014.0
1786121669.0
1795334463.0
1804157242.0
1813024968.0
1821160442.0
1829295208.0
1838005441.0
1846003595.0
1854062269.0
1862005920.0
1870131483.0
1879381439.0
1896303592.0
1905438171.0
1913942780.0
1923315190.0
1932041350.0
1940073834.0
1948045798.0
1956054216.0
1964111120.0
1973298432.0
1982001588.0
1989998680.0
1998045674.0
2006260425.0
2015055245.0
2023302910.0
2032048535.0
2040299031.0
2049146584.0
2058316201.0
2067086600.0
2075049716.0
2083061319.0
2092040175.0
2100059210.0
2108308645.0
2117047545.0
2125030481.0
2133171971.0
2142027664.0
2149986887.0
2159309042.0
2168062807.0
2176039019.0
2184095569.0
2192056915.0
2200040559.0
2208411387.0
2217412539.0
2226029693.0
2234038110.0
2242000873.0
2250030171.0
2258007798.0
2266119559.0
2275310411.0
2284317934.0
2293032769.0
2301166119.0
2310289726.0
2319085962.0
2327146759.0
2335060327.0
2343133511.0
2351314994.0
2360097426.0
2368048509.0
2376301129.0
2385195399.0
2394073389.0
2402063757.0
2409985111.0
2418060065.0
2427291971.0
2436041843.0
2444091315.0
2452290139.0
2461302617.0
2470282889.0
2479328635.0
2488297227.0
2497283870.0
2506022770.0
2514087107.0
2522252663.0
2530004137.0
2538286486.0
2548096337.0
2556047421.0
2565164304.0
2574489644.0
2583107505.0
2592042830.0
2601589013.0
2611128473.0
2621327632.0
2631545549.0
2640456807.0
2649176242.0
2658025211.0
2666258011.0
2674290495.0
2683064788.0
2691051262.0
2699306360.0
2708312467.0
2719061966.0
2728055333.0
2736050655.0
2744097296.0
2752047671.0
2760051134.0
2768075832.0
2777299951.0
2786254033.0
2794288995.0
2804079027.0
2813055759.0
2821070547.0
2829172045.0
2838035878.0
2846014213.0
2854042096.0
2862037418.0
2870035926.0
2879320566.0
2888318887.0
2897054956.0
2905294481.0
2914141680.0
2922035429.0
2930012702.0
2938006963.0
2946035200.0
2954291713.0
2963061404.0
2971070530.0
2979067268.0
2987061175.0
2995128696.0
3003988283.0
3012052619.0
3022284338.0
3031119151.0
3039053953.0
3047168192.0
3056067417.0
3064059200.0
3072052753.0
3081416670.0
3090028869.0
3098023838.0
3106262301.0
3115092158.0
3123068369.0
3131060861.0
3139081665.0
3147056461.0
3155083990.0
3164322266.0
3173055504.0
3181070292.0
3189200457.0
3198035977.0
3206013958.0
3216292040.0
3225454225.0
3234063238.0
3242013260.0
3250115819.0
3259318704.0
3268048757.0
3276050096.0
3284072316.0
3292051359.0
3300074287.0
3308322660.0
3317064038.0
3325158811.0
3334267200.0
3343068744.0
3351110430.0
3359063283.0
3367151331.0
3376303252.0
3385067989.0
3393171256.0
3402036859.0
3410263289.0
3418050509.0
3427315683.0
3436067679.0
3444053800.0
3452065756.0
3460062141.0
3468065603.0
3476092778.0
3484047755.0
3493280723.0
3502019623.0
3510285338.0
3519093606.0
3527143786.0
3535118581.0
3543110719.0
3552301217.0
3561172482.0
3570444027.0
3579063658.0
3588462612.0
3597186295.0
3606310256.0
3616461283.0
3625479070.0
3634017300.0
3643477128.0
3652049688.0
3661448289.0
3670423252.0
3679085353.0
3688483954.0
3697084473.0
3709079404.0
3719264052.0
3728067366.0
3737473045.0
3746486585.0
3755086042.0
3764075870.0
3773482611.0
3782428552.0
3791060924.0
3800480052.0
3810036499.0
3819514377.0
3829042157.0
3838423062.0
3847187091.0
3857082944.0
3866426334.0
3877554170.0
3886033296.0
3904618147.0
3914083992.0
3923083375.0
3932484453.0
3941470742.0
3950017820.0
3959130102.0
3968482694.0
3977061270.0
3986022784.0
3994286376.0
4004024382.0
4012061113.0
4020357264.0
4029178274.0
4037062821.0
4045042925.0
4054110260.0
4063321285.0
4072316775.0
4081129290.0
4089433582.0
4098038348.0
4106288845.0
4115088973.0
4124150999.0
4133316723.0
4142017755.0
4150026526.0
4158038483.0
4166288625.0
4175102556.0
4183147073.0
4192369423.0
4201047451.0
4209273173.0
4218043572.0
4226290883.0
4235321057.0
4244107736.0
4253078806.0
4261035552.0
4270287277.0
4279136246.0
4287073880.0
4295155913.0
4304012667.0
4312097885.0
4320062063.0
4328329193.0
4337087913.0
4345066956.0
4354324698.0
4363252236.0
4372059796.0
4380056535.0
4388085833.0
4396072308.0
4404027284.0
4412542510.0
4421103037.0
4430426607.0
4439221073.0
4449597544.0
4458455361.0
4467078885.0
4476066589.0
4485619143.0
4494054737.0
4504046148.0
4513455012.0
4522431745.0
4532082688.0
4541481996.0
4550426168.0
4560306095.0
4570431286.0
4579089140.0
4588467921.0
4597497741.0
4606311672.0
4616083654.0
4625524725.0
4634026148.0
4643065170.0
4652480405.0
4661479080.0
4670022265.0
4679571988.0
4688076950.0
4697501033.0
4707068451.0
4716061110.0
4724327886.0
4734484930.0
4743533153.0
4752082355.0
4761592439.0
4770454503.0
4779070595.0
4788075287.0
4797595634.0
4806327811.0
4816060862.0
4825497686.0
4834469110.0
4843077415.0
4852064765.0
4861459827.0
4870024601.0
4879092290.0
4888471071.0
4897465499.0
4906329686.0
4916492038.0
4925560081.0
4934029298.0
4943069735.0
4952490279.0
4961135746.0
4970438435.0
4979080363.0
4988081869.0
4997487194.0
5006403407.0
5015409515.0
5025618584.0
5034463305.0
5043067010.0
5052063208.0
5061593112.0
5070043217.0
5081073371.0
5090439412.0
5100074075.0
5109268820.0
5117134963.0
5126431636.0
5135099399.0
5144090642.0
5153475086.0
5162433061.0
5171078528.0
5180491993.0
5189531369.0
5198025713.0
5207133041.0
5216505452.0
5227337060.0
5237071527.0
5247092666.0
5258439930.0
5267489923.0
5276079825.0
5285109645.0
5293333244.0
5302027905.0
5310341044.0
5319226466.0
5328333794.0
5337221694.0
5345131015.0
5354030947.0
5362047151.0
5370050967.0
5377946486.0
5386147788.0
5395369784.0
5403978798.0
5412073217.0
5422053302.0
5430067736.0
5438031206.0
5446027237.0
5454052996.0
5462032746.0
5470070893.0
5480084954.0
5488341113.0
5497054886.0
5505508176.0
5514115420.0
5522030757.0
5530025726.0
5538051486.0
5546052825.0
5555372856.0
5564080966.0
5572067087.0
5580078336.0
5588500128.0
5597366438.0
5606369714.0
5615397057.0
5624368481.0
5633366802.0
5642363000.0
5651383618.0
5660378400.0
5669380615.0
5678365133.0
5687402739.0
5696371332.0
5705138900.0
5714045203.0
5723082455.0
5732143420.0
5741098917.0
5750069633.0
5759073617.0
5768245357.0
5777129364.0
5786214749.0
5795099463.0
5805277741.0
5814099104.0
5823242531.0
5832219618.0
5841274566.0
5850098053.0
5859071954.0
5868119115.0
5877260065.0
5886591776.0
5896406936.0
5914435785.0
5924290938.0
5934443026.0
5943395338.0
5952380919.0
5961467719.0
5970386763.0
5979574430.0
5988384468.0
5997315545.0
6005334226.0
6014089761.0
6023159573.0
6032200011.0
6042198146.0
6051076136.0
6060069148.0
6069640106.0
6078050573.0
6087568443.0
6096035536.0
6106164620.0
6115559681.0
6124075969.0
6133468553.0
6142032619.0
6151172861.0
6160476258.0
6169524482.0
6178029798.0
6187496350.0
6196116335.0
6207528719.0
6218370945.0
6228090547.0
6237610541.0
6246497733.0
6255080911.0
6264074277.0
6275559922.0
6285203079.0
6294471438.0
6303993910.0
6313473911.0
6322447105.0
6331391277.0
6343201463.0
6352093256.0
6361476638.0
6370440983.0
6379098483.0
6388075924.0
6397471339.0
6406411618.0
6416120957.0
6425490183.0
6434448512.0
6443081945.0
6452536111.0
6461099115.0
6470457723.0
6479510194.0
6488087709.0
6497491264.0
6506415971.0
6516514264.0
6525603896.0
6535169545.0
6544101684.0
6553102483.0
6562196362.0
6571244586.0
6580112666.0
6589093291.0
6598206635.0
6607468624.0
6616207879.0
6625108520.0
6634201337.0
6643123566.0
6652102776.0
6661084463.0
6670216565.0
6679169585.0
6688100308.0
6697099338.0
6705463087.0
6715097042.0
6724480070.0
6733474145.0
6742034318.0
6751501578.0
6760483266.0
6769119531.0
6778032558.0
6787502296.0
6796115203.0
6805398780.0
6815503090.0
6824624221.0
6833107948.0
6842478235.0
6851085479.0
6860521241.0
6869557785.0
6878036204.0
6887168659.0
6896531514.0
6906137156.0
6915491517.0
6924077526.0
6933326420.0
6942410035.0
6952488863.0
6961504880.0
6970043111.0
6979101244.0
6988488873.0
6997067450.0
7007148755.0
7016119825.0
7026085753.0
7035494617.0
7044076379.0
7053618670.0
7062056388.0
7071083023.0
7080492949.0
7089636730.0
7098062415.0
7107413237.0
7117081168.0
7126504896.0
7135527284.0
7147195550.0
7156114240.0
7165067968.0
7174450288.0
7183509837.0
7192078150.0
7201486307.0
7210039402.0
7219550194.0
7229512583.0
7238043027.0
7247099391.0
7256546832.0
7265088955.0
7274044453.0
7283495079.0
7292529146.0
7301087903.0
7310418906.0
7321073909.0
7329278043.0
7337423072.0
7346079864.0
7354050059.0
7362066262.0
7370421872.0
7379102376.0
7387103362.0
7395082758.0
7403989769.0
7412099761.0
7420085881.0
7428502364.0
7437455384.0
7446144029.0
7454079894.0
7462047965.0
7470076556.0
7478068693.0
7486165944.0
7495491638.0
7504125779.0
7512082879.0
7520095189.0
7528081664.0
7536108839.0
7544099915.0
7552147971.0
7561432257.0
7570069583.0
7578064552.0
7586097744.0
7594072185.0
7602079187.0
7612085462.0
7620085740.0
7628111499.0
7638094770.0
7646072043.0
7654075859.0
7662065165.0
7670073937.0
7678106774.0
7686066352.0
7694114054.0
7704334448.0
7713198989.0
7721098754.0
7729118497.0
7737201591.0
7745086138.0
7753073320.0
7761227905.0
7769230306.0
7778467875.0
7787088922.0
7795098755.0
7805473811.0
7814090610.0
7822229269.0
7830066745.0
7838102768.0
7846075794.0
7854073594.0
7862137576.0
7871444867.0
7880105198.0
7888107599.0
7896083456.0
7904297499.0
7921464208.0
7930145775.0
7938071376.0
7946107753.0
7954148730.0
7962070792.0
7970083103.0
7978144608.0
7986100292.0
7994065178.0
8002183310.0
8012498199.0
8021091287.0
8029082716.0
8037258890.0
8045098844.0
8053142653.0
8061624256.0
8070094181.0
8079093210.0
8088502074.0
8097616126.0
8106494470.0
8116540737.0
8125507206.0
8136181321.0
8146607695.0
8155522492.0
8164088328.0
8173078509.0
8182559572.0
8191098864.0
8200495341.0
8209089136.0
8218155410.0
8227515080.0
8236543130.0
8246185933.0
8255099314.0
8263189486.0
8271464757.0
8280463078.0
8289473787.0
8299213917.0
8307097756.0
8315468937.0
8324164660.0
8332465059.0
8341464796.0
8350465948.0
8359469225.0
8368465423.0
8377465160.0
8386494272.0
8395471358.0
8404107977.0
8412088435.0
8420474835.0
8429479881.0
8438523150.0
8447469799.0
8456514484.0
8466221700.0
8474152963.0
8483100675.0
8492537852.0
8501516708.0
8510469374.0
8519482560.0
8528475573.0
8538634032.0
8548524222.0
8557107754.0
8566596957.0
8575117845.0
8584523878.0
8593575287.0
8604387783.0
8613207023.0
8622585804.0
8631149163.0
8640102183.0
8649651906.0
8658181642.0
8667511583.0
8676123428.0
8685209166.0
8694590071.0
8704426820.0
8713178108.0
8722563968.0
8731105383.0
8740522388.0
8749527079.0
8758148126.0
8767105039.0
8776552480.0
8785586901.0
8794561510.0
8806393639.0
8816561654.0
8825579441.0
8834152709.0
8843126610.0
8852528042.0
8861525301.0
8870146348.0
8879532915.0
8888521327.0
8897125740.0
8906524694.0
8916631835.0
8925929924.0
8934208380.0
8943531950.0
8952532749.0
8961624504.0
8970185739.0
8981187934.0
8989187858.0
8997236268.0
9005498797.0
9014150281.0
9022158698.0
9030172424.0
9038154652.0
9046182181.0
9055285262.0
9064599984.0
9073179269.0
9082560528.0
9092053270.0
9101194220.0
9111260306.0
9120190676.0
9129632454.0
9138966642.0
9150133409.0
9158571835.0
9167138024.0
9177430617.0
9186643766.0
9195283924.0
9204198367.0
9213654656.0
9222192887.0
9231195101.0
9239517796.0
9249268544.0
9257561510.0
9266211224.0
9274154874.0
9282182050.0
9290155076.0
9298190391.0
9307142703.0
9315508930.0
9324197574.0
9332515669.0
9341148395.0
9349513914.0
9358518606.0
9367169735.0
9375130374.0
9383184093.0
9391141900.0
9399154211.0
9407206160.0
9416547072.0
9425174844.0
9433189985.0
9441218930.0
9449208590.0
9457536240.0
9466203650.0
9475600127.0
9484662861.0
9493183042.0
9502576334.0
9513076322.0
9521202239.0
9530154906.0
9539956617.0
9548646677.0
9557210743.0
9566598727.0
9575592801.0
9584205707.0
9594526968.0
9605082875.0
9613177294.0
9622167829.0
9631625888.0
9641532712.0
9652210366.0
9661618877.0
9670573313.0
9679222319.0
9688196928.0
9697598006.0
9706561289.0
9716277353.0
9725622866.0
9734566330.0
9743202949.0
9752657823.0
9761618275.0
9771097923.0
9780530145.0
9789224453.0
9797258352.0
9807226404.0
9816663936.0
9829225132.0
9838197264.0
9847158778.0
9856221866.0
9864536067.0
9873562348.0
9882180563.0
9890154651.0
9898154220.0
9906567164.0
9915204845.0
9931227697.0
9939253810.0
9948535618.0
9957538187.0
9966190024.0
9974572885.0
9983537584.0
9994077211.0
10002188264.0
10010542458.0
10019173060.0
10027225718.0
10035204052.0
10043206807.0
10051289901.0
10060542688.0
10069224608.0
10077224886.0
10085204636.0
10093181201.0
10101549906.0
10110551412.0
10119209974.0
10127216622.0
10135200619.0
10145203709.0
10155504442.0
10164198396.0
10172228402.0
10180207445.0
10188199228.0
10196246576.0
10204277998.0
10216555000.0
10225580573.0
10234187109.0
10242190572.0
10250322506.0
10258187234.0
10266232459.0
10276549472.0
10285218297.0
10293229192.0
10301205403.0
10309558182.0
10318557919.0
10327335750.0
10338564452.0
10347514995.0
10356583745.0
10365229566.0
10373210732.0
10381189067.0
10389227567.0
10397241647.0
10405422776.0
10413605320.0
10422193099.0
10430250711.0
10438204979.0
10446570852.0
10455241447.0
10463239247.0
10471371181.0
10480202454.0
10488612213.0
10497561694.0
10506571341.0
10515202297.0
10523217439.0
10531311504.0
10539255863.0
10547217563.0
10555229166.0
10563205377.0
10571563110.0
10580558954.0
10589216100.0
10597196558.0
10605232227.0
10613628537.0
10622561738.0
10633294603.0
10642595169.0
10655269619.0
10665424185.0
10675330655.0
10684565039.0
10694568482.0
10705397259.0
10714562982.0
10724605003.0
10735322296.0
10744580038.0
10755248136.0
10765272107.0
10774559578.0
10784571515.0
10794622384.0
10804444622.0
10813405075.0
10825607046.0
10835209149.0
10845539965.0
10854190386.0
10864572874.0
10875349979.0
10884572329.0
10894566217.0
10904673358.0
10914581598.0
10924575486.0
10935467614.0
10944189526.0
10954370282.0
10963225975.0
10972577151.0
10983514226.0
10992605273.0
11002568724.0
11013609143.0
11022581274.0
11033419252.0
11042584976.0
11052583465.0
11063476654.0
11072583982.0
11082590257.0
11093419033.0
11102602099.0
11113196229.0
11123625433.0
11133232491.0
11145932423.0
11154613635.0
11165418345.0
11175544244.0
11184606978.0
11194589186.0
11205557052.0
11214603860.0
11224589961.0
11235410598.0
11244592248.0
11254593214.0
11265552939.0
11274593731.0
11284591158.0
11294604865.0
11304060446.0
11315240661.0
11325572185.0
11334626072.0
11345489532.0
11354581641.0
11364594994.0
11375460932.0
11384603297.0
11394597893.0
11405423130.0
11414589915.0
11424596190.0
11435434169.0
11444623251.0
11455226936.0
11465014491.0
11474385840.0
11483215697.0
11493651627.0
11504430501.0
11513267790.0
11523418109.0
11533412705.0
11542604972.0
11552647347.0
11561223092.0
11571628231.0
11582380561.0
11591262090.0
11600633793.0
11610609985.0
11621503174.0
11632618623.0
11642594107.0
11653402356.0
11662608781.0
11673594696.0
11682598326.0
11693469926.0
11702597427.0
11714407259.0
11723653676.0
11732622268.0
11743153755.0
11753450949.0
11762602162.0
11773434832.0
11784077802.0
11792637975.0
11804394720.0
11814597772.0
11823608481.0
11834398680.0
11843231723.0
11853657035.0
11863530945.0
11872626593.0
11883430595.0
11893417759.0
11904101784.0
11913653276.0
11925599012.0
11942613891.0
11953453639.0
11963456375.0
11972639440.0
11983457245.0
11993438392.0
12002614380.0
12014395545.0
12023612940.0
12034414465.0
12043618058.0
12054431262.0
12065129797.0
12074614045.0
12085429373.0
12095457237.0
12105683648.0
12114622865.0
12125448810.0
12135558075.0
12144638505.0
12155496302.0
12165593887.0
12174621230.0
12184620073.0
12195489549.0
12204634392.0
12215114915.0
12225595438.0
12234633044.0
12244623392.0
12255447922.0
12265457028.0
12275468612.0
12284644245.0
12295595477.0
12305160418.0
12314625909.0
12324628645.0
12337115873.0
12345279305.0
12355221168.0
12365467752.0
12375141345.0
12384650722.0
12395474189.0
12404686276.0
12414633447.0
12425541501.0
12434639627.0
12445474419.0
12455230476.0
12465273912.0
12475476964.0
12484631009.0
12494630559.0
12505463583.0
12514643817.0
12524320950.0
12534452511.0
12543636638.0
12554535490.0
12564674838.0
12574648198.0
12585634114.0
12594637744.0
12606639045.0
12616650274.0
12627468079.0
12637538059.0
12647157504.0
12657663508.0
12667518307.0
12676642269.0
12687500420.0
12697455731.0
12706658616.0
12716668430.0
12727135504.0
12737522947.0
12746646201.0
12757449849.0
12766654150.0
12777629801.0
12786649712.0
12797473533.0
12807585983.0
12816668890.0
12829140192.0
12837541811.0
12847072068.0
12856685850.0
12869302612.0
12877650435.0
12887146009.0
12895646016.0
12904343154.0
12913653630.0
12922662569.0
12931653812.0
12940647886.0
12949682661.0
12959152399.0
12969324661.0
12977656911.0
12986655587.0
12995655678.0
13005246101.0
13013657629.0
13022656658.0
13031301417.0
13040126320.0
13048665258.0
13057663579.0
13066631110.0
13076010599.0
13085617656.0
13095166318.0
13105546328.0
13114367691.0
13124512702.0
13134483585.0
13143663465.0
13154460743.0
13164497101.0
13173343946.0
13183510191.0
13192675915.0
13203564503.0
13213482299.0
13223239417.0
13233676054.0
13244658784.0
13253671262.0
13264513133.0
13274458181.0
13283670268.0
13293999668.0
13304118488.0
13314499207.0
13323671301.0
13334468579.0
13343693407.0
13353347535.0
13363524043.0
13374143655.0
13383693378.0
13392695947.0
13402683818.0
13413293874.0
13423523824.0
13433514527.0
13442669279.0
13453501241.0
13463582546.0
13472690581.0
13483531391.0
13493514661.0
13504465539.0
13513680811.0
13524115678.0
13534645395.0
13543294755.0
13553118409.0
13563094601.0
13572509128.0
13581351727.0
13591576014.0
13601511152.0
13610674752.0
13620993535.0
13629401524.0
13642356983.0
13652138521.0
13663572495.0
13672687608.0
13683514615.0
13692688125.0
13704567325.0
13714065730.0
13722302070.0
13732591478.0
13742049536.0
13751166066.0
13761944232.0
13771138269.0
13783028794.0
13791336979.0
13801561620.0
13811138595.0
13821247151.0
13832142464.0
13840306605.0
13849688571.0
13860522303.0
13869392860.0
13879605822.0
13888689791.0
13898691111.0
13909516349.0
13919159505.0
13931262027.0
13949088436.0
13958074370.0
13968104711.0
13977355375.0
13987146115.0
13996694776.0
14007609200.0
14017525934.0
14027128037.0
14037672618.0
14047560331.0
14057120672.0
14067548107.0
14078135866.0
14087257705.0
14097690449.0
14107556573.0
14116318832.0
14126078073.0
14136104167.0
14145252903.0
14155129645.0
14165562389.0
14174426930.0
14184108664.0
14193265893.0
14203275000.0
14214538031.0
14223324357.0
14233122529.0
14243609068.0
14253687896.0
14263653117.0
14273131349.0
14283124529.0
14293535330.0
14304130522.0
14313349687.0
14323564418.0
14333135730.0
14343297020.0
14353168099.0
14363133320.0
14373262404.0
14383573047.0
14393559856.0
14404175221.0
14414514885.0
14423332709.0
14433674143.0
14443143527.0
14453134937.0
14463564142.0
14473115989.0
14483152700.0
14493686664.0
14504683197.0
14514108342.0
14523122235.0
14533531975.0
14543137263.0
14553676181.0
14563575928.0
14573132375.0
14583619268.0
14593539188.0
14604055456.0
14614018199.0
14624119678.0
14632352832.0
14641341951.0
14651614018.0
14663235566.0
14673699809.0
14683144773.0
14693563006.0
14704481677.0
14714098644.0
14724555101.0
14734068016.0
14742346826.0
14751346563.0
14761645527.0
14771196665.0
14781288942.0
14791243545.0
14801577193.0
14811588422.0
14820376517.0
14832106365.0
14841213338.0
14850113979.0
14859351194.0
14869134501.0
14877414373.0
14886374117.0
14896116017.0
14905537622.0
14914356154.0
14923354475.0
14933104161.0
14941372707.0
14950375275.0
14960215917.0
14969145225.0
14977356083.0
14987107184.0
14995357326.0
15007163265.0
15016136105.0
15025149999.0
15034099833.0
15043153720.0
15052149210.0
15061170890.0
15071623099.0
15081214230.0
15090186716.0
15098361474.0
15107362627.0
15117244677.0
15125363162.0
15135102584.0
15143364406.0
15152387502.0
15162103211.0
15175258279.0
15184611933.0
15193366406.0
15202367204.0
15212118660.0
15220386144.0
15229400038.0
15238109563.0
15247192471.0
15255368645.0
15263369984.0
15271387957.0
15280235510.0
15289177913.0
15298145089.0
15307167477.0
15315370903.0
15323648650.0
15334159964.0
15343171380.0
15351409843.0
15360148744.0
15369313406.0
15378135477.0
15387150079.0
15395374385.0
15404107977.0
15413208226.0
15421405281.0
15429395295.0
15437398758.0
15446199240.0
15455244278.0
15464292502.0
15473256493.0
15481403292.0
15491253136.0
15500268799.0
15509218634.0
15517394454.0
15527394359.0
15536257838.0
15545251204.0
15554193253.0
15563509037.0
15571407387.0
15580365716.0
15590204588.0
15599251396.0
15608259273.0
15617311744.0
15626202121.0
15635275826.0
15644261407.0
15653251234.0
15662213102.0
15671185588.0
15679402108.0
15688480414.0
15700252378.0
15709243621.0
15718206551.0
15727268223.0
15736248848.0
15745250355.0
15755235041.0
15764578431.0
15772401750.0
15780425032.0
15789392563.0
15798229145.0
15806404257.0
15814403826.0
15822428524.0
15830445789.0
15839437740.0
15847411828.0
15855420599.0
15865380511.0
15874411747.0
15883267794.0
15891424149.0
15899420533.0
15908267024.0
15918216673.0
15926413020.0
15935266943.0
15952275806.0
15962229701.0
15973319314.0
15985231074.0
15994227626.0
16004235316.0
16012423877.0
16021232499.0
16030229759.0
16040256561.0
16049442104.0
16058343806.0
16067423882.0
16075415666.0
16085230118.0
16093415494.0
16102382317.0
16112441679.0
16122300017.0
16131391064.0
16141253295.0
16149524319.0
16157424084.0
16165423300.0
16174175295.0
16183193436.0
16191420220.0
16201700426.0
16209477736.0
16217425634.0
16225422019.0
16234669497.0
16243497585.0
16252396810.0
16261431938.0
16270231005.0
16281354239.0
16300464657.0
16309246381.0
16317431403.0
16325429557.0
16334222253.0
16342511680.0
16350428079.0
16358431896.0
16367273079.0
16377465160.0
16385601341.0
16394373864.0
16404238572.0
16412472080.0
16421290258.0
16429429979.0
16438397156.0
16448306458.0
16457305487.0
16465441668.0
16474442467.0
16482455485.0
16490422141.0
16499245274.0
16508235455.0
16516422954.0
16525201847.0
16535274305.0
16545635911.0
16555329678.0
16563436485.0
16571448795.0
16579444826.0
16587436963.0
16595442549.0
16604224628.0
16612495297.0
16621264635.0
16629445056.0
16637445333.0
16645444549.0
16654252463.0
16662441378.0
16671296010.0
16679446701.0
16687447333.0
16695450442.0
16704218364.0
16713317551.0
16721444531.0
16730242535.0
16739298191.0
16747519312.0
16755451284.0
16763452977.0
16771457148.0
16779456363.0
16788288344.0
16796447884.0
16805323042.0
16813451791.0
16822244488.0
16830473041.0
16838448544.0
16847299637.0
16856353877.0
16864479087.0
16873227189.0
16882244976.0
16890447693.0
16898463189.0
16907295170.0
16915464620.0
16923451448.0
16931455619.0
16940440491.0
16949312465.0
16957462095.0
16966268240.0
16975492713.0
16984268421.0
16993272052.0
17001465921.0
17010278437.0
17019343294.0
17027456825.0
17035462057.0
17043457026.0
17051458011.0
17059458289.0
17067462105.0
17076389290.0
17085579080.0
17093460795.0
17101467443.0
17109643971.0
17119347293.0
17128297836.0
17136517542.0
17145457113.0
17153468008.0
17162263535.0
17171351044.0
17180351842.0
17189330344.0
17197484575.0
17206268424.0
17215340713.0
17223466277.0
17231469032.0
17241365593.0
17249470984.0
17258290223.0
17267186971.0
17276342785.0
17284471534.0
17292475705.0
17313462940.0
17324377718.0
17334321704.0
17343388685.0
17352594755.0
17361639793.0
17372444503.0
17384259998.0
17393197446.0
17402258764.0
17411331054.0
17419479269.0
17427473530.0
17435475577.0
17443534250.0
17451484626.0
17460332179.0
17469506397.0
17477478715.0
17486290168.0
17494621357.0
17504356532.0
17512617292.0
17521305229.0
17529482819.0
17538310552.0
17547180402.0
17555481862.0
17564334724.0
17572602562.0
17581315981.0
17589486138.0
17598311395.0
17606511281.0
17614482183.0
17623237718.0
17632325580.0
17641170656.0
17650285770.0
17659347442.0
17667484685.0
17676329407.0
17687232860.0
17695485833.0
17704216594.0
17712506021.0
17720487541.0
17728490650.0
17737319091.0
17745492788.0
17754313443.0
17763326983.0
17772322827.0
17780489799.0
17789339475.0
17797519188.0
17805626349.0
17815255349.0
17823495935.0
17831499752.0
17842664041.0
17851533537.0
17861321799.0
17870298178.0
17879274203.0
17887525761.0
17895494540.0
17904276618.0
17912497032.0
17921345292.0
17930292296.0
17939350075.0
17947666400.0
17963501322.0
17972202000.0
17980618837.0
17989446924.0
17997669461.0
18006323776.0
18014531802.0
18025196008.0
18033501007.0
18042322724.0
18050520133.0
18058502007.0
18067199499.0
18075534582.0
18084432391.0
18093633860.0
18102463717.0
18112503614.0
18121175271.0
18129504691.0
18138452756.0
18147505580.0
18155512228.0
18163506489.0
18172447122.0
18182392524.0
18192699273.0
18201706089.0
18211386407.0
18221510536.0
18229512937.0
18238153095.0
18247482682.0
18255525076.0
18263510842.0
18272441920.0
18282177803.0
18290581545.0
18299345573.0
18308481214.0
18318184891.0
18336247008.0
18348373949.0
18357432083.0
18365515884.0
18373515808.0
18382221794.0
18391273557.0
18400188000.0
18409231623.0
18418198092.0
18427237821.0
18436195796.0
18445173591.0
18454159879.0
18463220490.0
18472202531.0
18482364529.0
18491261984.0
18499524867.0
18508190861.0
18517262090.0
18525705470.0
18533522419.0
18541521989.0
18549563320.0
18557523605.0
18565527068.0
18573523806.0
18581532932.0
18590164950.0
18599330320.0
18608269537.0
18617250516.0
18626165668.0
18635212829.0
18643531631.0
18652733455.0
18660532354.0
18668530862.0
18677316125.0
18686166864.0
18695315600.0
18704370194.0
18712529733.0
18721184756.0
18730164320.0
18738531962.0
18747234764.0
18755662572.0
18765336520.0
18774193982.0
18783205399.0
18791538357.0
18799541820.0
18808208876.0
18817222769.0
18826170835.0
18835258697.0
18843536445.0
18852415496.0
18860633432.0
18868540276.0
18876563204.0
18885344929.0
18894194605.0
18904329352.0
18912538794.0
18921332905.0
18929546948.0
18937540147.0
18946172519.0
18954592895.0
18962554242.0
18971222714.0
18979547532.0
18988491704.0
18998189364.0
19008319510.0
19016611414.0
19024553650.0
19034187959.0
19042565157.0
19051534457.0
19061231763.0
19070191508.0
19078623209.0
19088265658.0
19096564641.0
19106602768.0
19115623032.0
19124640465.0
19134239383.0
19142625429.0
19152260446.0
19161642412.0
19170540221.0
19179617466.0
19191183096.0
19199541183.0
19208547290.0
19218243535.0
19227654523.0
19237253086.0
19245547468.0
19254631437.0
19264239910.0
19273260528.0
19281546416.0
19291278760.0
19299544828.0
19309613746.0
19318199047.0
19326625086.0
19335573152.0
19345273643.0
19355550310.0
19364553940.0
19374235674.0
19383297700.0
19391553151.0
19401365126.0
19410190382.0
19419244268.0
19428236927.0
19437338238.0
19446603766.0
19456248693.0
19464559355.0
19473553075.0
19483272678.0
19492253304.0
19500554056.0
19510662967.0
19522540043.0
19530555539.0
19540246474.0
19548555721.0
19558240286.0
19567264443.0
19575556701.0
19584563871.0
19594626772.0
19604703477.0
19614248245.0
19622631813.0
19631559706.0
19641378051.0
19649597756.0
19659262148.0
19667681109.0
19676562638.0
19686267022.0
19694562466.0
19704631384.0
19713564585.0
19722563614.0
19732251718.0
19741250393.0
19749568842.0
19760293920.0
19769309584.0
19777595118.0
19786566895.0
19796286852.0
19805660325.0
19814630687.0
19824258271.0
19833404530.0
19841575749.0
19851238017.0
19860229614.0
19869398877.0
19878629367.0
19888290220.0
19897249257.0
19906195552.0
19915254393.0
19924232187.0
19933213521.0
19942191669.0
19951256173.0
19968052685.0
19975608090.0
19984235153.0
19993218256.0
20002196404.0
