5215348.0
17174263.0
26964011.0
36864889.0
45148358.0
54149220.0
79230383.0
95751312.0
104857996.0
123929617.0
133153803.0
143211467.0
152153578.0
161973055.0
170155303.0
179154750.0
189993867.0
199209558.0
208182107.0
217842674.0
226904057.0
235161336.0
244850217.0
255009455.0
264238949.0
275058954.0
284160684.0
293805325.0
303161875.0
312902782.0
321836754.0
330165879.0
339739382.0
348870132.0
357168112.0
366710470.0
376866524.0
385856415.0
394892669.0
405868045.0
414919164.0
423225283.0
432879834.0
441168258.0
450889345.0
459918875.0
469516091.0
480771062.0
489599212.0
498892058.0
507946008.0
516177097.0
525172297.0
536864358.0
545174017.0
554174879.0
564601327.0
577201543.0
586921923.0
595868990.0
605945057.0
615574126.0
624874757.0
633193618.0
642901965.0
651186495.0
660890595.0
669237769.0
679187134.0
690140920.0
699709115.0
708895784.0
717188809.0
726898925.0
735780871.0
744903835.0
753190844.0
762936351.0
773760957.0
783005670.0
792145976.0
801887237.0
810193357.0
819918337.0
828900796.0
837194529.0
846904290.0
855199439.0
864898229.0
875867588.0
885202196.0
894202351.0
903907511.0
912198767.0
923895429.0
933875938.0
942194092.0
951899960.0
961011599.0
969697474.0
978200019.0
987938448.0
996910997.0
1006717733.0
1015197981.0
1024197782.0
1033885600.0
1042199153.0
1052217532.0
1063686624.0
1072200494.0
1081890790.0
1090922798.0
1100201486.0
1109870548.0
1119044830.0
1137791908.0
1146912041.0
1155803543.0
1164211945.0
1173874990.0
1182214024.0
1191819734.0
1200923941.0
1209878086.0
1220107401.0
1229921568.0
1238215301.0
1247937804.0
1256217734.0
1265865914.0
1274217689.0
1283938423.0
1294143671.0
1303913245.0
1312946668.0
1321219873.0
1332917597.0
1341242829.0
1350921092.0
1361770472.0
1371020493.0
1379221853.0
1389883303.0
1398225876.0
1407225677.0
1416917389.0
1425228110.0
1434930439.0
1445801055.0
1455019577.0
1464916916.0
1473832484.0
1483917400.0
1492950115.0
1501228983.0
1511961570.0
1520913946.0
1529240947.0
1539035296.0
1549120565.0
1558961631.0
1567235898.0
1578154293.0
1589903688.0
1598233875.0
1608930362.0
1617234359.0
1626939166.0
1635243870.0
1644930627.0
1656144190.0
1665903500.0
1678865068.0
1687238786.0
1697892803.0
1706239624.0
1717120149.0
1728936436.0
1737240432.0
1746240941.0
1755928405.0
1764247620.0
1773964461.0
1782242975.0
1795216222.0
1804929523.0
1813244845.0
1822976549.0
1831795144.0
1840928372.0
1851903039.0
1861250742.0
1871247532.0
1880911992.0
1889831100.0
1898248704.0
1909158958.0
1918980559.0
1927802692.0
1936996794.0
1945261860.0
1954977284.0
1963252613.0
1972947510.0
1984145501.0
1993940203.0
2002253755.0
2011947237.0
2021903680.0
2030256871.0
2039977604.0
2048256119.0
2057896158.0
2066257490.0
2079892565.0
2089720889.0
2098985067.0
2107900636.0
2119981299.0
2128263353.0
2137261738.0
2152098367.0
2160262212.0
2169837484.0
2178960803.0
2187263737.0
2199869263.0
2208961790.0
2217766936.0
2226964223.0
2236964198.0
2247079551.0
2255269586.0
2264940770.0
2274961273.0
2285882853.0
2294966532.0
2304971108.0
2313270858.0
2322965401.0
2332656759.0
2341944650.0
2350836151.0
2359964071.0
2370902638.0
2381273520.0
2391075301.0
2399816741.0
2408939352.0
2417755823.0
2427072027.0
2435830101.0
2444944571.0
2456229980.0
2465920276.0
2474919723.0
2484001279.0
2492949407.0
2501620418.0
2511094116.0
2519945270.0
2531223600.0
2540945395.0
2549814246.0
2558934733.0
2568820747.0
2578111822.0
2587967399.0
2599891984.0
2608962215.0
2617809123.0
2627167797.0
2639011689.0
2649829925.0
2658982618.0
2667799443.0
2680140237.0
2689756564.0
2700901113.0
2709955417.0
2718987779.0
2727841765.0
2736994104.0
2745796772.0
2754987689.0
2763853709.0
2773000740.0
2789760564.0
2798963160.0
2808834663.0
2817951964.0
2826996713.0
2835817077.0
2845004454.0
2853807830.0
2864222952.0
2873633653.0
2883229099.0
2892942400.0
2902912646.0
2911984292.0
2920699896.0
2929692264.0
2938777360.0
2947710624.0
2956751479.0
2965692175.0
2974750727.0
2983731416.0
2992705380.0
3001691024.0
3010758424.0
3019739113.0
3029532753.0
3037938324.0
3046901318.0
3056210089.0
3065986034.0
3075139436.0
3083726921.0
3092696639.0
3102075486.0
3110846302.0
3119732494.0
3138238200.0
3148036441.0
3156710637.0
3166087361.0
3175046815.0
3183713578.0
3193118262.0
3203066919.0
3211713155.0
3221026174.0
3229775400.0
3238750426.0
3248178115.0
3257014051.0
3265803624.0
3275067802.0
3284045306.0
3292952026.0
3302822113.0
3312128762.0
3320995135.0
3329676055.0
3339140905.0
3348041962.0
3356696338.0
3365675258.0
3375146832.0
3383729717.0
3392943638.0
3403056160.0
3412005350.0
3420715645.0
3430002828.0
3438737190.0
3448010924.0
3457055672.0
3465692706.0
3474734269.0
3484009065.0
3492974182.0
3501991678.0
3512029169.0
3521044896.0
3529703873.0
3538754284.0
3548029080.0
3556707876.0
3565836503.0
3576047768.0
3585009700.0
3593953581.0
3604019031.0
3613068027.0
3621711431.0
3630732821.0
3640015757.0
3648724282.0
3658170729.0
3667985958.0
3676971602.0
3685970341.0
3695858832.0
3704981797.0
3716037512.0
3726112164.0
3735973049.0
3744858888.0
3754872312.0
3763835305.0
3772975611.0
3782139984.0
3791881245.0
3800964571.0
3809792013.0
3819093706.0
3829851422.0
3839028536.0
3847859517.0
3856691561.0
3865987237.0
3874881570.0
3884064701.0
3899912476.0
3909045350.0
3917864653.0
3926962135.0
3936007945.0
3944827247.0
3953954813.0
3963023628.0
3973225337.0
3983063571.0
3993887115.0
4002999462.0
4011830090.0
4020991631.0
4029905430.0
4038999373.0
4049819378.0
4059102668.0
4067858972.0
4076972027.0
4085800531.0
4094980830.0
4104845255.0
4115915480.0
4128026227.0
4137261030.0
4147005122.0
4155842120.0
4164993044.0
4175923118.0
4189770190.0
4199020919.0
4208721833.0
4218013617.0
4226842475.0
4235745656.0
4245044872.0
4254108378.0
4262900075.0
4271759724.0
4281022486.0
4289865501.0
4299087916.0
4310014451.0
4320057250.0
4328825234.0
4337950322.0
4346959325.0
4356022831.0
4364832223.0
4373859984.0
4384940119.0
4393902051.0
4403864864.0
4413020035.0
4421804300.0
4431107055.0
4439873977.0
4448976414.0
4459914274.0
4469072277.0
4477927678.0
4487918098.0
4498000890.0
4507003522.0
4519977831.0
4529016209.0
4537837988.0
4547035276.0
4555904127.0
4564999132.0
4573927795.0
4584246297.0
4593838204.0
4603003638.0
4611834620.0
4620995454.0
4629882000.0
4639020537.0
4649876996.0
4659164887.0
4667951982.0
4677041678.0
4686124296.0
4695163736.0
4704021261.0
4713106710.0
4723969893.0
4733981902.0
4743191222.0
4751962745.0
4761871056.0
4775039312.0
4785119981.0
4794018915.0
4803039243.0
4813103631.0
4821879401.0
4830913886.0
4840065518.0
4848947818.0
4857931692.0
4867092172.0
4878005965.0
4891936563.0
4901093149.0
4910001285.0
4920091864.0
4928894532.0
4938031653.0
4947040655.0
4958077613.0
4968133861.0
4976995633.0
4989250071.0
4999142455.0
5008909906.0
5018055875.0
5028925429.0
5040087319.0
5048918655.0
5058067455.0
5067082474.0
5077939995.0
5088092155.0
5098241484.0
5108066270.0
5117057576.0
5125936691.0
5136087789.0
5153885657.0
5163208586.0
5174296153.0
5184106782.0
5193060219.0
5214276235.0
5224052179.0
5235042773.0
5244962763.0
5254963446.0
5263894586.0
5273062852.0
5281934889.0
5293123677.0
5301927761.0
5313178485.0
5321934789.0
5331170300.0
5342025697.0
5352112736.0
5360914696.0
5369898217.0
5379173013.0
5387902065.0
5398040423.0
5406978996.0
5416082141.0
5427114497.0
5437311251.0
5448111437.0
5456932508.0
5466028221.0
5475084649.0
5485975084.0
5495942145.0
5506032723.0
5515082072.0
5524054267.0
5532970543.0
5543049796.0
5551797253.0
5560741489.0
5569739520.0
5578785684.0
5587747261.0
5598106110.0
5607174571.0
5615770551.0
5625041099.0
5633719188.0
5643169173.0
5652076601.0
5660727792.0
5669709543.0
5679175101.0
5687763648.0
5697720799.0
5707114511.0
5716055915.0
5724752054.0
5734037113.0
5742779969.0
5752040254.0
5761072969.0
5769720267.0
5778760060.0
5788044058.0
5797730461.0
5806790428.0
5816074425.0
5825046620.0
5833734619.0
5843105680.0
5851750500.0
5861051486.0
5870106852.0
5878790249.0
5887751827.0
5898042723.0
5906867334.0
5915775470.0
5925041772.0
5934085812.0
5942867245.0
5952074442.0
5960732004.0
5970017771.0
5981060391.0
5989873322.0
6000759510.0
6011798945.0
6020977828.0
6030024346.0
6040048034.0
6048755498.0
6057725924.0
6067138748.0
6076053608.0
6085267883.0
6097286257.0
6111061130.0
6121123041.0
6131084439.0
6139869765.0
6149974501.0
6158987396.0
6168033914.0
6177001155.0
6185827889.0
6194986599.0
6205964452.0
6228169317.0
6236861562.0
6245980987.0
6255009809.0
6264043586.0
6275043382.0
6284852241.0
6293832930.0
6303142410.0
6311907209.0
6321007522.0
6329831071.0
6339132765.0
6349946045.0
6359885501.0
6368999971.0
6379670622.0
6389926835.0
6398994942.0
6409254340.0
6419066384.0
6427872237.0
6437013959.0
6445924926.0
6455911807.0
6466000262.0
6474885747.0
6484011542.0
6493194673.0
6503072900.0
6511887248.0
6521017290.0
6529863490.0
6548064118.0
6558083912.0
6567012929.0
6577270911.0
6587065614.0
6596041702.0
6604882947.0
6614046258.0
6622920064.0
6632057893.0
6640868701.0
6650014316.0
6658916789.0
6668050725.0
6676874629.0
6686105184.0
6695067116.0
6703892081.0
6713054330.0
6721867262.0
6732269289.0
6742021875.0
6750906298.0
6760042357.0
6768892804.0
6781029033.0
6790058209.0
6798891668.0
6807601256.0
6815792352.0
6824745789.0
6833733557.0
6842883065.0
6851782353.0
6860746408.0
6869721788.0
6878882268.0
6887800314.0
6897737645.0
6907895822.0
6916760072.0
6925807652.0
6934923184.0
6943770092.0
6952755382.0
6961785620.0
6970803116.0
6979767525.0
6988849081.0
6997768189.0
7006823555.0
7015773099.0
7025010025.0
7033770931.0
7042814971.0
7051780088.0
7060756884.0
7069864276.0
7078804972.0
7087770797.0
7098068064.0
7107756945.0
7116796384.0
7125744867.0
7134785014.0
7143773843.0
7160994470.0
7169739095.0
7178882587.0
7188178618.0
7197839892.0
7208062837.0
7219030426.0
7229073933.0
7238081520.0
7246871093.0
7255776043.0
7265072428.0
7273750517.0
7282820039.0
7292319220.0
7302039599.0
7310886153.0
7320099721.0
7328992638.0
7337729831.0
7346883940.0
7356098216.0
7364755069.0
7373788492.0
7382882435.0
7392039022.0
7400754272.0
7409731068.0
7418888363.0
7427792605.0
7436756660.0
7445734872.0
7454889335.0
7463724918.0
7472759049.0
7481730182.0
7491140175.0
7499792781.0
7508757190.0
7517818218.0
7526885972.0
7535795169.0
7544759932.0
7553735666.0
7562927291.0
7571792249.0
7580757011.0
7589898380.0
7598912691.0
7607796760.0
7616756922.0
7625742212.0
7634892782.0
7643791362.0
7652772052.0
7661792026.0
7670887031.0
7679793751.0
7689646496.0
7698803790.0
7707761475.0
7716776494.0
7726128090.0
7735148064.0
7743776604.0
7752783129.0
7762075267.0
7770787332.0
7780071683.0
7789731896.0
7798816991.0
7808087540.0
7817090172.0
7825764014.0
7835131536.0
7844207429.0
7852787128.0
7861758616.0
7871140649.0
7880115675.0
7889638568.0
7899200038.0
7908107466.0
7916765735.0
7925742177.0
7935222599.0
7943865296.0
7952763876.0
7962048581.0
7971207646.0
7979797254.0
7989208309.0
7999052914.0
8009096421.0
8018078172.0
8026829168.0
8036114581.0
8044777805.0
8054079144.0
8063175211.0
8071805521.0
8080770991.0
8090273357.0
8099796249.0
8108827549.0
8118223739.0
8128037553.0
8136902864.0
8148075018.0
8156884411.0
8166015869.0
8175020271.0
8183915312.0
8192887507.0
8204279799.0
8215089540.0
8223965469.0
8233081001.0
8241879068.0
8251113871.0
8265154183.0
8273875450.0
8283045132.0
8291926370.0
8301104899.0
8311251751.0
8321050346.0
8329888406.0
8339095603.0
8349985684.0
8358916117.0
8368043329.0
8377334051.0
8387250855.0
8396057062.0
8404902908.0
8414110105.0
8422828541.0
8431789410.0
8440774346.0
8449769546.0
8458832698.0
8467787551.0
8476893528.0
8485771934.0
8495085661.0
8503790648.0
8513067567.0
8521769722.0
8532352247.0
8541856382.0
8550886974.0
8559775290.0
8568793495.0
8577766398.0
8586798405.0
8596020821.0
8604796237.0
8613802762.0
8622916171.0
8631771219.0
8640794024.0
8649759849.0
8658801058.0
8667782101.0
8676793581.0
8685826650.0
8695053313.0
8703791568.0
8712838440.0
8721761086.0
8730811497.0
8739791479.0
8748791633.0
8757770199.0
8766807161.0
8775796344.0
8784800392.0
8794027409.0
8807048788.0
8816890208.0
8825949821.0
8835174006.0
8843929957.0
8853061769.0
8861923188.0
8871172148.0
8881937295.0
8890953730.0
8900064661.0
8908902367.0
8918090099.0
8928922845.0
8937910259.0
8948272647.0
8958123976.0
8967025033.0
8976081107.0
8984910673.0
8994017357.0
9003042640.0
9011927417.0
9021039410.0
9031981517.0
9041054225.0
9049989613.0
9059934023.0
9069039999.0
9077868503.0
9087176567.0
9096107354.0
9104898343.0
9114274713.0
9125280525.0
9135189543.0
9143887805.0
9152896808.0
9169917824.0
9179102016.0
9187922734.0
9198085866.0
9207089560.0
9217339756.0
9227105083.0
9235917307.0
9245064338.0
9253898504.0
9263154188.0
9271972075.0
9287207924.0
9296078191.0
9304919436.0
9313882783.0
9325335241.0
9335113663.0
9343920932.0
9353060177.0
9361904607.0
9371820704.0
9380781219.0
9389986647.0
9398912479.0
9407836541.0
9416874211.0
9426826761.0
9435791878.0
9444893607.0
9456142916.0
9464781365.0
9473770195.0
9483235398.0
9492845355.0
9502173593.0
9510814520.0
9520158683.0
9528807751.0
9537778884.0
9547137558.0
9556106568.0
9564812616.0
9574090243.0
9583051821.0
9592038880.0
9601784742.0
9611156157.0
9620117027.0
9628864130.0
9638100348.0
9647161377.0
9655809736.0
9665108599.0
9673795181.0
9683157041.0
9692361053.0
9701781309.0
9710938604.0
9720823555.0
9729782301.0
9738826696.0
9748100430.0
9757126421.0
9765787167.0
9775095585.0
9785111840.0
9794044397.0
9803827774.0
9813146455.0
9821886833.0
9831236306.0
9839824853.0
9848787138.0
9858101927.0
9867239402.0
9875827595.0
9884787403.0
9894346749.0
9903790364.0
9912856702.0
9922095398.0
9930821265.0
9940105263.0
9948808480.0
9957792354.0
9967288349.0
9976123224.0
9984833165.0
9993785187.0
10003144569.0
10011804961.0
10021074802.0
10030167330.0
10039809493.0
10049114018.0
10057898990.0
10066855966.0
10076129346.0
10085111451.0
10094099573.0
10103830216.0
10112834971.0
10122296990.0
10133128320.0
10141882501.0
10152828856.0
10162112853.0
10170825980.0
10179805253.0
10190095088.0
10199843427.0
10209113975.0
10217767290.0
10226931309.0
10236151955.0
10244803145.0
10253829136.0
10263287616.0
10274106913.0
10282923738.0
10292073954.0
10301095344.0
10309795021.0
10318947361.0
10327817274.0
10336805395.0
10345804134.0
10354854899.0
10363818954.0
10372812384.0
10381853593.0
10391107862.0
10400164289.0
10408896174.0
10418232197.0
10428817908.0
10438103321.0
10446835559.0
10456173707.0
10464843301.0
10473794969.0
10483139840.0
10492080183.0
10502111303.0
10510866192.0
10521087012.0
10530075842.0
10541923273.0
10551301059.0
10559842535.0
10568815792.0
10578090587.0
10586932894.0
10596385711.0
10605849145.0
10614841160.0
10624126573.0
10632829436.0
10642099277.0
10650831161.0
10659811142.0
10669135840.0
10678182005.0
10686832841.0
10696820076.0
10706261921.0
10715840025.0
10724810450.0
10734163108.0
10742954805.0
10752184653.0
10761273287.0
10771104797.0
10779932947.0
10790030958.0
10798979086.0
10808109129.0
10819314198.0
10829111378.0
10837922540.0
10847131506.0
10855983369.0
10865111642.0
10873923158.0
10883126108.0
10893285701.0
10903114026.0
10911996679.0
10921181579.0
10929911694.0
10939142604.0
10947926160.0
10957118139.0
10968007512.0
10977120567.0
10985903769.0
10995204047.0
11003955397.0
11013120124.0
11021959953.0
11031055312.0
11041977599.0
11051966603.0
11061133808.0
11071954166.0
11081124202.0
11091679122.0
11100944362.0
11110123953.0
11118966260.0
11128121431.0
11136943919.0
11146123864.0
11156987401.0
11173996738.0
11183957428.0
11193084640.0
11202154870.0
11211071146.0
11220177123.0
11228928118.0
11238127175.0
11247060793.0
11256129254.0
11264922367.0
11274161062.0
11283116269.0
11291959284.0
11302112506.0
11311186630.0
11319813046.0
11328842576.0
11337802384.0
11347839167.0
11357138737.0
11365811871.0
11375184348.0
11383829168.0
11393936027.0
11403295055.0
11411846441.0
11420868538.0
11430192883.0
11438964760.0
11447863694.0
11457122563.0
11466120240.0
11474949806.0
11484196996.0
11493162466.0
11503156779.0
11512125789.0
11520965618.0
11531867732.0
11541131203.0
11549893524.0
11558976496.0
11568168120.0
11576818249.0
11586108263.0
11595193359.0
11605134937.0
11615198264.0
11624810344.0
11634846419.0
11644130771.0
11653150037.0
11661861748.0
11671165565.0
11679815340.0
11690065889.0
11699194517.0
11707831905.0
11716839845.0
11726195335.0
11734871654.0
11743864376.0
11753141649.0
11762132248.0
11770875457.0
11780144944.0
11789757025.0
11799663211.0
11809151420.0
11817808981.0
11827165532.0
11835822032.0
11845152746.0
11854179799.0
11862900358.0
11871818403.0
11883309084.0
11892145375.0
11901143052.0
11911162139.0
11919818284.0
11929146876.0
11937822133.0
11946846708.0
11956140261.0
11965144663.0
11973823813.0
11982856882.0
11994096281.0
12003827278.0
12012950597.0
12024862795.0
12033813047.0
12042855672.0
12051831760.0
12060841825.0
12069815789.0
12078853459.0
12087821407.0
12096844567.0
12105816408.0
12114850539.0
12123849278.0
12132850140.0
12141877193.0
12151182425.0
12160161699.0
12168851821.0
12177823308.0
12186851776.0
12196159840.0
12204852793.0
12213814017.0
12222855934.0
12231826713.0
12240856243.0
12249890728.0
12258852659.0
12267824501.0
12276850137.0
12285920014.0
12295177468.0
12303826181.0
12312885440.0
12321869668.0
12330860975.0
12340172932.0
12348842881.0
12358167579.0
12366857347.0
12375833435.0
12384847038.0
12394170675.0
12403261433.0
12411829099.0
12421182818.0
12429900900.0
12438900700.0
12447831487.0
12456851107.0
12465822594.0
12474855310.0
12483828920.0
12493967278.0
12502962124.0
12511853625.0
12520863336.0
12529967189.0
12539055823.0
12547851766.0
12557869438.0
12566963381.0
12575882488.0
12584848313.0
12594183628.0
12603063097.0
12611863995.0
12620957938.0
12630408631.0
12639835258.0
12648850985.0
12657819995.0
12666864036.0
12675837647.0
12684849480.0
12696188330.0
12704844830.0
12713815255.0
12723325407.0
12732884400.0
12741838899.0
12750866659.0
12759827883.0
12768849980.0
12777841287.0
12786858430.0
12796192330.0
12804849537.0
12813879775.0
12822867896.0
12832849468.0
12841833696.0
12850903219.0
12859855948.0
12868854687.0
12877888110.0
12886888973.0
12896194206.0
12904845042.0
12913833518.0
12922887468.0
12931849399.0
12940847077.0
12949830243.0
12959211568.0
12967914077.0
12976845926.0
12985872624.0
12994892245.0
13004202078.0
13012954844.0
13021917129.0
13030896402.0
13039855856.0
13048843978.0
13057206725.0
13065831018.0
13074863025.0
13083837697.0
13092861565.0
13101988422.0
13110887356.0
13119840086.0
13128864661.0
13137828716.0
13146869925.0
13155842120.0
13164854308.0
13182217917.0
13191250279.0
13199878465.0
13208845705.0
13217220839.0
13225843008.0
13234911115.0
13243865615.0
13252851259.0
13260854778.0
13269857764.0
13278872075.0
13287839316.0
13296859644.0
13305844226.0
13314866323.0
13323845597.0
13332861678.0
13341980395.0
13350874021.0
13359967256.0
13369222940.0
13377859974.0
13386867915.0
13396272245.0
13404857606.0
13413863424.0
13422872426.0
13432231101.0
13440867073.0
13449860857.0
13458874461.0
13467844886.0
13476878309.0
13485226899.0
13494227054.0
13504852050.0
13513849019.0
13522910756.0
13531859592.0
13540912835.0
13549897417.0
13558907127.0
13567867643.0
13576968665.0
13585852026.0
13595232290.0
13603865077.0
13612894253.0
13621877419.0
13631307585.0
13640276949.0
13648856648.0
13656865476.0
13665868462.0
13674877465.0
13683874080.0
13693238063.0
13701877575.0
13710891886.0
13719874699.0
13729031286.0
13738417920.0
13748875866.0
13758240203.0
13767005356.0
13775889071.0
13784877900.0
13793919463.0
13803245931.0
13811899599.0
13820875687.0
13830271523.0
13839859183.0
13848872079.0
13857987611.0
13867244003.0
13875880683.0
13884869512.0
13894247652.0
13904879726.0
13914247603.0
13922976302.0
13931884791.0
13940947590.0
13948886696.0
13957944539.0
13967253311.0
13975872649.0
13984255569.0
13992873492.0
14001886741.0
14010882295.0
14020302197.0
14029259174.0
14038252958.0
14046884683.0
14055887669.0
14064872252.0
14073934696.0
14083255855.0
14092307682.0
14100902953.0
14110266229.0
14118920959.0
14127950842.0
14137258906.0
14146908148.0
14155753994.0
14164898902.0
14174265362.0
14182932479.0
14192262486.0
14201001095.0
14210263150.0
14218910801.0
14227900692.0
14237277770.0
14245961522.0
14255266046.0
14263901665.0
14273268479.0
14281951877.0
14292906017.0
14301885998.0
14310909511.0
14319956383.0
14329270464.0
14337942536.0
14347270773.0
14356272344.0
14365031834.0
14373947048.0
14383272808.0
14392326758.0
14400912828.0
14410271148.0
14420953125.0
14428968678.0
14438277449.0
14448206287.0
14456948435.0
14465964870.0
14475302663.0
14484226371.0
14492958963.0
14502244376.0
14510996434.0
14520259904.0
14529269969.0
14537923991.0
14546925561.0
14556217699.0
14564954538.0
14574291977.0
14582989531.0
14592281669.0
14602256162.0
14610923987.0
14620286908.0
14628975260.0
14637906047.0
14647233577.0
14656290358.0
14664975879.0
14673943827.0
14683927522.0
14693289382.0
14703005514.0
14712235362.0
14720974325.0
14730304332.0
14739052850.0
14748385334.0
14758306740.0
14767010310.0
14776314481.0
14785002126.0
14793963703.0
14803307159.0
14812334919.0
14820999559.0
14832431490.0
14843321571.0
14852160692.0
14861330020.0
14871317608.0
14882057274.0
14892315610.0
14900978126.0
14908994386.0
14918320500.0
14927328087.0
14939245594.0
14952322893.0
14962317560.0
14971014406.0
14980324593.0
14989070988.0
14998319594.0
15007040861.0
15016323443.0
15027212462.0
15037014596.0
15046332570.0
15055028709.0
15064320138.0
15077097314.0
15086344150.0
15094945085.0
15104318977.0
15112943624.0
15121976339.0
15131370760.0
15139989036.0
15147950085.0
15157085791.0
15165958181.0
15175013547.0
15192318759.0
15202275911.0
15214311627.0
15222995024.0
15232320076.0
15241005597.0
15250321093.0
15259072797.0
15268317509.0
15277300322.0
15286282427.0
15295357612.0
15305000837.0
15313970201.0
15324312416.0
15333286380.0
15344938449.0
15354322605.0
15363039625.0
15372012882.0
15381325547.0
15390141663.0
15399025025.0
15408005006.0
15416970123.0
15424979659.0
15432994858.0
15440993068.0
15448948455.0
15457970906.0
15467903991.0
15476971744.0
15485013486.0
15494007625.0
15503330199.0
15511990592.0
15521330155.0
15531317389.0
15540317543.0
15548986784.0
15558262995.0
15567319777.0
15576014854.0
15584967583.0
15596896770.0
15605952490.0
15615009271.0
15624325122.0
15633287761.0
15641951339.0
15652292138.0
15661309634.0
15670152649.0
15679063262.0
15688288155.0
15698343342.0
15708006033.0
15717291446.0
15725968473.0
15737902968.0
15747009298.0
15756014762.0
15765284956.0
15773997021.0
15783340831.0
15792362221.0
15802342023.0
15812975512.0
15821968235.0
15831970687.0
15841382450.0
15850409148.0
15859055384.0
15871977313.0
15881300241.0
15891013188.0
15900956183.0
15911007476.0
15919995244.0
15928990090.0
15938454940.0
15948362542.0
15958997094.0
15967998664.0
15977308144.0
15987922522.0
15997360120.0
16009355843.0
16018283799.0
16028353496.0
16038338960.0
16048997225.0
16057005345.0
16065973293.0
16074345242.0
16083010943.0
16092358646.0
16100978692.0
16108986104.0
16117000949.0
16124980048.0
16133026038.0
16141000536.0
16149971669.0
16158039602.0
16167363946.0
16175977267.0
16184977068.0
16193365651.0
16201992422.0
16211039294.0
16220363638.0
16228985807.0
16237108951.0
16247037789.0
16256375582.0
16265369366.0
16273993305.0
16283038761.0
16292375493.0
16302360603.0
16313146278.0
16321990709.0
16332370085.0
16343029411.0
16352316947.0
16360989019.0
16371328757.0
16382242196.0
16391071054.0
16400961315.0
16410989603.0
16420002499.0
16433171463.0
16443380958.0
16453330323.0
16462384981.0
16472456448.0
16482985886.0
16492430562.0
16503220484.0
16514283986.0
16523047369.0
16533120959.0
16542002551.0
16551048715.0
16561022146.0
16571014689.0
16580384335.0
16591010039.0
16600445513.0
16611108732.0
16620381758.0
16630385627.0
16640895599.0
16649001755.0
16659025796.0
16669042760.0
16678380553.0
16690021296.0
16699037377.0
16708387203.0
16719240477.0
16728387507.0
16738393499.0
16749098127.0
16758389203.0
16768399088.0
16779023022.0
16789826393.0
16798016781.0
16806388022.0
16815024348.0
16824397533.0
16833391317.0
16842386517.0
16851038416.0
16860397090.0
16869387689.0
16878402354.0
16887027001.0
16896030695.0
16904396627.0
16913044987.0
16921014176.0
16929394265.0
16938397251.0
16947173729.0
16956028423.0
16964403557.0
16973045900.0
16982406698.0
16991071691.0
17000408777.0
17010395303.0
17019029506.0
17028404106.0
17037141653.0
17046430252.0
17057399257.0
17066398703.0
17075050956.0
17083026516.0
17091037113.0
17102391536.0
17111051928.0
17119122692.0
17128457300.0
17137207942.0
17147120499.0
17157404318.0
17166404826.0
17175083623.0
17184419292.0
17202405799.0
17211040001.0
17220415664.0
17231036767.0
17239028607.0
17247424622.0
17256418760.0
17265408297.0
17274408452.0
17283063536.0
17292441675.0
17301409624.0
17310409424.0
17319081496.0
17328793735.0
17337407765.0
17346411459.0
17355064065.0
17364034137.0
17372425905.0
17381422520.0
17390427276.0
17399055816.0
17407416439.0
17416449508.0
17425422765.0
17434416195.0
17443421659.0
17452454728.0
17461423738.0
17470280555.0
17479441035.0
17489858635.0
17498422761.0
17507054840.0
17515422542.0
17524459151.0
17533049821.0
17542422652.0
17551424223.0
17560456938.0
17569425594.0
17578438843.0
17587429796.0
17597878186.0
17606046632.0
17615060236.0
17623427230.0
17632445080.0
17643071138.0
17652440784.0
17661908111.0
17670429414.0
17679137585.0
17688436447.0
17698440670.0
17707207946.0
17716463630.0
17725923171.0
17735085067.0
17746440551.0
17755435750.0
17764452539.0
17773889076.0
17782439754.0
17791434600.0
17800899096.0
17809439510.0
17818229083.0
17828451673.0
17837497129.0
17847398007.0
17856449126.0
17865439017.0
17874441649.0
17883141681.0
17891064861.0
17899100940.0
17908466693.0
17917980030.0
17927070434.0
17935445214.0
17944472621.0
17953460388.0
17962448156.0
17971447956.0
17980477840.0
17989095055.0
17997900554.0
18006441322.0
18015187009.0
18024454727.0
18033469038.0
18042468485.0
18051200723.0
18061912075.0
18071446647.0
18080068816.0
18089869889.0
18098450650.0
18107452220.0
18116452729.0
18125890681.0
18135022494.0
18143479737.0
18153130748.0
18167454195.0
18176453642.0
18185453089.0
18194456783.0
18203456584.0
18212068843.0
18221886550.0
18230460587.0
18239456494.0
18248473991.0
18258496263.0
18268492699.0
18277462771.0
18286450892.0
18295458479.0
18304475622.0
18313462328.0
18322461775.0
18331460867.0
18340473763.0
18349917732.0
18358483982.0
18368465908.0
18377463585.0
18386489929.0
18395080954.0
18404087125.0
18413086572.0
18421465599.0
18430460445.0
18439494576.0
18448935006.0
18457087879.0
18467489198.0
18476981654.0
18486470570.0
18495117514.0
18504476896.0
18513470680.0
18522091434.0
18530471169.0
18540003617.0
18548472894.0
18557911908.0
18566479574.0
18577475830.0
18586147548.0
18595480033.0
18604489035.0
18613476803.0
18622095079.0
18631502948.0
18640490716.0
18649482730.0
18658988989.0
18668867216.0
18677476290.0
18686097044.0
18695500666.0
18704484541.0
18713481864.0
18722488035.0
18731483943.0
18740102573.0
18748934262.0
18757495912.0
18766495359.0
18775492328.0
18784495668.0
18793488390.0
18802484298.0
18811495424.0
18820503719.0
18829925037.0
18839488984.0
18848481353.0
18857128296.0
18865489274.0
18874487659.0
18883483566.0
18892502125.0
18901912471.0
18911945715.0
18920488960.0
18929105113.0
18937491927.0
18946489604.0
18955487281.0
18964504778.0
18973868407.0
18983960401.0
18992493383.0
19001490352.0
19011045806.0
19019109845.0
19028497541.0
19037952127.0
19047491654.0
19057230437.0
19066500632.0
19077209860.0
19090116571.0
19099500019.0
19109423194.0
19118428658.0
19127502427.0
19137897730.0
19147939821.0
19158357421.0
19168251928.0
19177505843.0
19191294518.0
19208508066.0
19218498486.0
19229242044.0
19239385357.0
19248948596.0
19259401234.0
19269193458.0
19278435694.0
19287150590.0
19296995195.0
19307277243.0
19318134410.0
19327954948.0
19338195942.0
19347472861.0
19356261018.0
19366486086.0
19377294412.0
19386344469.0
19396920270.0
19405949446.0
19415511270.0
19426966205.0
19435941939.0
19444926875.0
19454024004.0
19463237218.0
19472915481.0
19481889091.0
19491092042.0
19500934169.0
19509512806.0
19519426779.0
19528930914.0
19537917974.0
19546975110.0
19555938811.0
19564932595.0
19573923194.0
19582146497.0
19592006320.0
19600931090.0
19609919211.0
19618142868.0
19627150455.0
19636922507.0
19646005832.0
19655962275.0
19665916949.0
19674946833.0
19683169782.0
19691960771.0
19700917393.0
19709995410.0
19720943534.0
19731403249.0
19740939591.0
19750979913.0
19761248159.0
19770950488.0
19780951879.0
19791398500.0
19801272480.0
19811315987.0
19820153693.0
19829153494.0
19839452884.0
19849293950.0
19859309852.0
19868922640.0
19878165937.0
19888275273.0
19900346735.0
19909352906.0
19918386683.0
19927440987.0
19936477241.0
19945159577.0
19954988256.0
19965347458.0
19974959185.0
19984166382.0
19994366675.0
