1825513.0
11155520.0
19148068.0
27684943.0
36147141.0
45998825.0
54967481.0
78887789.0
95037103.0
104157944.0
124750709.0
133957906.0
142891170.0
152949542.0
161614181.0
171093542.0
179983982.0
188155259.0
198864487.0
208991166.0
217157134.0
226156934.0
235975349.0
245630608.0
254160050.0
263914760.0
274739012.0
284953462.0
294227904.0
303971288.0
312161322.0
321161831.0
330985201.0
340171517.0
348163003.0
357953812.0
367124555.0
376167888.0
385165211.0
395694649.0
405182504.0
414167794.0
424026556.0
432167395.0
441949357.0
450168767.0
459220593.0
469963444.0
480177186.0
490016128.0
498171479.0
507184729.0
516990402.0
526018871.0
536173154.0
545943790.0
555096484.0
563984800.0
576865320.0
586175154.0
596669200.0
605179177.0
614180393.0
623177009.0
631178051.0
639192542.0
647179073.0
655179053.0
664733445.0
672868622.0
681201994.0
689747363.0
697850333.0
706919148.0
715189876.0
723182424.0
731182404.0
739183446.0
747183780.0
755183760.0
763671087.0
772861650.0
781187943.0
789250567.0
799877332.0
808186283.0
816199005.0
824187306.0
833187814.0
841188148.0
849199808.0
857190232.0
865656323.0
874915193.0
883190522.0
891876042.0
900191364.0
908191698.0
916192386.0
924698470.0
933192875.0
943016599.0
951193892.0
960696258.0
970110497.0
979022880.0
987196281.0
996204221.0
1005946190.0
1016009870.0
1024996930.0
1033198290.0
1043045726.0
1051891218.0
1062933485.0
1073004244.0
1081200649.0
1091707789.0
1100990725.0
1109202703.0
1118203211.0
1136769791.0
1144889749.0
1153204717.0
1161857324.0
1170204852.0
1178205186.0
1186245867.0
1195114364.0
1203207425.0
1211244212.0
1219220834.0
1227886535.0
1236207874.0
1244208208.0
1252209250.0
1260209230.0
1268209918.0
1276706446.0
1284668911.0
1293216050.0
1301849898.0
1310213353.0
1319233327.0
1327213488.0
1335224794.0
1343220527.0
1351703252.0
1360891338.0
1369214800.0
1377215134.0
1385220777.0
1393884355.0
1402839562.0
1411217173.0
1419217861.0
1427217487.0
1435702336.0
1444914842.0
1453984365.0
1463076185.0
1471220564.0
1479965189.0
1488220698.0
1497221207.0
1505866381.0
1514222758.0
1522944732.0
1531223246.0
1539928233.0
1548224089.0
1556886251.0
1565228117.0
1573827636.0
1586901395.0
1595935526.0
1604894272.0
1613230122.0
1621232579.0
1629230082.0
1637228646.0
1645763752.0
1655229664.0
1663951284.0
1672914985.0
1683231718.0
1691934581.0
1700231853.0
1708248821.0
1716232521.0
1724894683.0
1733233010.0
1741981882.0
1750233852.0
1758235248.0
1766234874.0
1775938266.0
1784236245.0
1792930614.0
1801237088.0
1809237068.0
1817238110.0
1825238090.0
1833238424.0
1841660630.0
1851069561.0
1859239776.0
1867239756.0
1875240798.0
1883240424.0
1891923821.0
1900678003.0
1908248679.0
1916902347.0
1925243505.0
1933243486.0
1941246297.0
1949244508.0
1957249089.0
1965267119.0
1973658179.0
1983246901.0
1991977369.0
2000246682.0
2008262942.0
2016930767.0
2026260774.0
2036249070.0
2044266392.0
2052249738.0
2060249364.0
2068250406.0
2078876464.0
2087713462.0
2097251927.0
2105252261.0
2113966804.0
2122252750.0
2130702915.0
2138851187.0
2147967427.0
2156255497.0
2164677702.0
2172941706.0
2181255612.0
2189745770.0
2199061974.0
2207267227.0
2215698280.0
2223663223.0
2231962972.0
2240916409.0
2249259691.0
2257260733.0
2265678337.0
2275702733.0
2284930811.0
2293921410.0
2303073750.0
2311699458.0
2319263410.0
2327966981.0
2336264253.0
2344682211.0
2352267045.0
2360677571.0
2369915559.0
2378266273.0
2387960108.0
2397269234.0
2405270276.0
2413270610.0
2421268113.0
2429268801.0
2437269489.0
2445741243.0
2455719983.0
2463963105.0
2472270641.0
2480270975.0
2488274140.0
2497272171.0
2505765160.0
2513688340.0
2521715926.0
2530273328.0
2538962388.0
2547274879.0
2555973495.0
2564275722.0
2572751722.0
2580692598.0
2589653468.0
2598955869.0
2607686692.0
2615277542.0
2623703994.0
2631729102.0
2639755273.0
2648938757.0
2657649052.0
2665676284.0
2673781024.0
2682705441.0
2690876363.0
2699988356.0
2708690512.0
2716746411.0
2724967236.0
2733733805.0
2741678220.0
2749769511.0
2757676764.0
2765737265.0
2773738306.0
2787950269.0
2797742848.0
2806754328.0
2814715023.0
2822817640.0
2831724006.0
2839730003.0
2847693175.0
2855756153.0
2863736314.0
2871986515.0
2881123990.0
2889883126.0
2897926638.0
2908706650.0
2916711231.0
2924944798.0
2934139254.0
2943087029.0
2952005428.0
2960947186.0
2969920089.0
2977692146.0
2985945532.0
2995006206.0
3003948318.0
3013005100.0
3021998530.0
3030984174.0
3039963802.0
3048969265.0
3057611608.0
3065672816.0
3074828695.0
3084133574.0
3093663545.0
3101760499.0
3111258263.0
3120139147.0
3137906578.0
3147719684.0
3157119413.0
3165772373.0
3174729350.0
3184175088.0
3193808404.0
3202755824.0
3212125470.0
3220712248.0
3230191962.0
3239156725.0
3247858172.0
3256702603.0
3266215940.0
3274753876.0
3283732796.0
3293756838.0
3303231243.0
3311825099.0
3320679440.0
3330088016.0
3338828395.0
3347731576.0
3357106530.0
3366083326.0
3374833260.0
3384138139.0
3393823834.0
3402745065.0
3411694256.0
3421124776.0
3429691734.0
3439145258.0
3447699475.0
3456735376.0
3466100421.0
3475144815.0
3483699386.0
3493688036.0
3502763221.0
3511718074.0
3520715752.0
3530113711.0
3539160937.0
3547718339.0
3557119838.0
3566251296.0
3575737381.0
3584698959.0
3594747067.0
3603705813.0
3612756578.0
3622128702.0
3631146198.0
3639704662.0
3649133413.0
3657696124.0
3665924381.0
3673607250.0
3681741366.0
3689726835.0
3697708058.0
3705706268.0
3714977525.0
3723701623.0
3733956773.0
3742780323.0
3750729339.0
3758835140.0
3767005709.0
3775879161.0
3785274643.0
3795724449.0
3803743187.0
3811725117.0
3819773584.0
3828967687.0
3837784157.0
3845682209.0
3855787298.0
3864726225.0
3872704616.0
3880971097.0
3889641045.0
3899013169.0
3907756732.0
3915708933.0
3923957364.0
3932706237.0
3940719312.0
3948737696.0
3956706885.0
3964716421.0
3972746484.0
3980964479.0
3989704857.0
3999098215.0
4007772057.0
4015744431.0
4023707958.0
4031750408.0
4039745080.0
4048960063.0
4057707166.0
4065700068.0
4073701817.0
4081707106.0
4089854671.0
4097932513.0
4105964346.0
4115010864.0
4124017743.0
4132731931.0
4140973284.0
4149698444.0
4157775932.0
4165763879.0
4175075836.0
4183731982.0
4191717451.0
4199796002.0
4209133441.0
4217701107.0
4227253021.0
4236151955.0
4244729176.0
4253785958.0
4263599772.0
4272168854.0
4280712453.0
4290270030.0
4299763193.0
4308974284.0
4318014785.0
4326739591.0
4334841854.0
4342769280.0
4350745548.0
4358843918.0
4366773468.0
4374860512.0
4384017099.0
4392985047.0
4401700297.0
4409682581.0
4417715830.0
4425705546.0
4433710127.0
4441715416.0
4449709380.0
4459139546.0
4467715352.0
4475748954.0
4483731947.0
4491968344.0
4501172356.0
4509811868.0
4518992521.0
4527746348.0
4535757654.0
4543737107.0
4551741334.0
4559760780.0
4567740586.0
4575728533.0
4583769568.0
4591736280.0
4599714317.0
4607758183.0
4615771612.0
4623719213.0
4631759186.0
4639808007.0
4649037854.0
4657746026.0
4665771135.0
4673697854.0
4681724378.0
4689653574.0
4697698148.0
4705672292.0
4713786588.0
4723065985.0
4731770617.0
4739770597.0
4747785088.0
4755770558.0
4764832294.0
4773989589.0
4783094857.0
4792012195.0
4800762837.0
4809020824.0
4817742444.0
4825913014.0
4834781864.0
4842798479.0
4850860395.0
4859784103.0
4867857698.0
4877039767.0
4885800673.0
4897728090.0
4907769473.0
4916061436.0
4924814202.0
4932746584.0
4940785849.0
4948855197.0
4957046293.0
4966024151.0
4974781517.0
4983175763.0
4993060007.0
5002826750.0
5010800894.0
5018890769.0
5028078501.0
5036741371.0
5044741705.0
5052753719.0
5060726093.0
5068806413.0
5077031839.0
5086094284.0
5096006133.0
5104738017.0
5112856206.0
5121794425.0
5129989061.0
5147809225.0
5155830795.0
5163729554.0
5173760674.0
5181853735.0
5191021647.0
5199839180.0
5208756163.0
5216805338.0
5224778775.0
5234037644.0
5242833941.0
5250801715.0
5258868232.0
5267788401.0
5275793336.0
5283830478.0
5291790111.0
5299788675.0
5307789363.0
5315808809.0
5323796402.0
5331861503.0
5341051359.0
5350001965.0
5358777735.0
5366909019.0
5375791672.0
5383771833.0
5391777830.0
5400763828.0
5408734433.0
5416829617.0
5426024073.0
5435262769.0
5444070038.0
5452747419.0
5460770050.0
5468767553.0
5476847872.0
5485076484.0
5493743601.0
5502100331.0
5510908662.0
5519849004.0
5528735197.0
5536994246.0
5545733916.0
5553962174.0
5563046562.0
5571984427.0
5580998030.0
5589640373.0
5597790769.0
5606863123.0
5616180389.0
5624731420.0
5634130795.0
5642858433.0
5651761613.0
5661137276.0
5670118673.0
5678861883.0
5688173840.0
5698132406.0
5706796338.0
5715741635.0
5725162246.0
5733729204.0
5743189099.0
5751730221.0
5760761874.0
5770126211.0
5779170606.0
5787733317.0
5798140653.0
5807197434.0
5815762269.0
5824737295.0
5834143749.0
5842791400.0
5852159630.0
5860738976.0
5869788679.0
5879195486.0
5888158126.0
5897729859.0
5907278588.0
5916184246.0
5924731739.0
5933769763.0
5943278853.0
5951765825.0
5961140780.0
5969706322.0
5980744695.0
5990292716.0
6000108300.0
6011040851.0
6021721766.0
6030772531.0
6039734816.0
6049166752.0
6058133638.0
6066825883.0
6075737912.0
6084783722.0
6092748311.0
6101779964.0
6110116875.0
6118806997.0
6128983224.0
6137713692.0
6145989021.0
6154793813.0
6162805472.0
6170873051.0
6179044682.0
6187758516.0
6195749294.0
6205010641.0
6213976465.0
6222771347.0
6230878565.0
6240030197.0
6248736245.0
6256755691.0
6264771597.0
6273987288.0
6282768367.0
6291138900.0
6299772749.0
6307762112.0
6315747227.0
6323776583.0
6331761698.0
6339818306.0
6349037182.0
6357845513.0
6365928664.0
6373855383.0
6381922254.0
6391079194.0
6400880975.0
6408881309.0
6417087624.0
6425832603.0
6433866206.0
6441842119.0
6449829358.0
6457806334.0
6467106258.0
6476227453.0
6485112938.0
6495176972.0
6504191991.0
6515067208.0
6523884740.0
6531865609.0
6549968201.0
6559145315.0
6568881267.0
6576893634.0
6585003683.0
6593984372.0
6602994083.0
6612050864.0
6620870874.0
6628866253.0
6636902687.0
6646297815.0
6656052525.0
6664869703.0
6672883486.0
6680855153.0
6689760811.0
6697867321.0
6706020548.0
6715041938.0
6723876459.0
6731897320.0
6740040991.0
6748882590.0
6756961848.0
6766077380.0
6775045329.0
6783867816.0
6792094658.0
6800866181.0
6808970921.0
6816849153.0
6825753042.0
6834780449.0
6843912615.0
6852830661.0
6861808164.0
6870765141.0
6879903678.0
6889769518.0
6898805418.0
6909228680.0
6919140176.0
6928015043.0
6937201359.0
6946007213.0
6955045237.0
6964017078.0
6973038821.0
6982002522.0
6991044439.0
7000080340.0
7009039440.0
7018044903.0
7027086467.0
7036018669.0
7045049261.0
7054067819.0
7063084962.0
7072016810.0
7081035722.0
7089806538.0
7100113714.0
7108811976.0
7117883623.0
7126816179.0
7135828721.0
7145250747.0
7162064720.0
7170783155.0
7179897272.0
7190925381.0
7199759194.0
7209603799.0
7219769054.0
7228763546.0
7237766886.0
7247280577.0
7256186235.0
7264762395.0
7274164956.0
7283225984.0
7292018389.0
7301727089.0
7311298468.0
7319789334.0
7328650044.0
7338137899.0
7347295548.0
7355789952.0
7365161368.0
7374840339.0
7383897828.0
7393101486.0
7401761525.0
7410768050.0
7419907649.0
7428823925.0
7437823372.0
7446784949.0
7455909683.0
7464794460.0
7473781874.0
7482775658.0
7492220689.0
7500823746.0
7509767274.0
7518883160.0
7527923308.0
7536827550.0
7545786650.0
7554785035.0
7563938791.0
7572825338.0
7581856283.0
7591092502.0
7599960291.0
7608837636.0
7617759220.0
7626786273.0
7635911007.0
7644825159.0
7653776119.0
7662880680.0
7671903839.0
7680826132.0
7690721701.0
7699866608.0
7708823939.0
7717722873.0
7725811687.0
7734827414.0
7744192105.0
7753193675.0
7761748954.0
7771195400.0
7779760588.0
7790149874.0
7799222228.0
7807776799.0
7816776954.0
7826173498.0
7834819734.0
7843890318.0
7853199090.0
7862167038.0
7870826369.0
7879801749.0
7890051945.0
7898889651.0
7907797433.0
7917175573.0
7926152015.0
7934906196.0
7944274072.0
7953170529.0
7961736071.0
7970894074.0
7980203553.0
7988897922.0
7999796143.0
8008778602.0
8017764954.0
8027240421.0
8035787914.0
8045188351.0
8053751062.0
8062863409.0
8072215712.0
8081182245.0
8089962616.0
8100203964.0
8109240572.0
8117743117.0
8126106218.0
8134827131.0
8143064944.0
8152018382.0
8160792736.0
8168766172.0
8176939927.0
8185773385.0
8193848043.0
8203090985.0
8212069551.0
8221856467.0
8229758412.0
8237809002.0
8245768990.0
8253845063.0
8261753378.0
8271711591.0
8279808191.0
8288045650.0
8297745502.0
8305786891.0
8315819427.0
8323791447.0
8331774086.0
8339823260.0
8349030458.0
8357945672.0
8366107393.0
8374940852.0
8383069658.0
8392063442.0
8400936186.0
8408888034.0
8417049401.0
8425901617.0
8434024407.0
8443064555.0
8452039581.0
8461065926.0
8470025026.0
8479070836.0
8488060019.0
8497890821.0
8506029892.0
8515074640.0
8524035510.0
8533724036.0
8542991046.0
8551963241.0
8560822890.0
8569813135.0
8578832755.0
8587829370.0
8597211757.0
8605917806.0
8614877967.0
8623960585.0
8632822004.0
8641809417.0
8650829745.0
8659831316.0
8668836425.0
8677820300.0
8686935124.0
8696119670.0
8704881284.0
8713844985.0
8722884424.0
8731852372.0
8740842971.0
8749868254.0
8758836202.0
8767845559.0
8776868010.0
8785822509.0
8797066863.0
8806021008.0
8814810581.0
8822916737.0
8831812486.0
8839799725.0
8847782363.0
8855820920.0
8863838596.0
8871854857.0
8881051790.0
8889922057.0
8898002377.0
8906029609.0
8914872269.0
8922818100.0
8930917885.0
8939832038.0
8947796272.0
8956032316.0
8964817288.0
8972779045.0
8980820080.0
8988864300.0
8996843753.0
9005043697.0
9013781244.0
9021854131.0
9031062036.0
9039787904.0
9049087474.0
9057774764.0
9065761650.0
9073780387.0
9081767273.0
9089925808.0
9098035149.0
9106870732.0
9114811608.0
9124797780.0
9133050104.0
9141773848.0
9150093417.0
9167089659.0
9175804555.0
9183730212.0
9192103931.0
9200779896.0
9208801111.0
9216857364.0
9225026518.0
9233758756.0
9241788465.0
9249770396.0
9257756219.0
9265785928.0
9273782015.0
9281759345.0
9290010607.0
9298844420.0
9306888994.0
9315129639.0
9324843648.0
9333037930.0
9341846614.0
9349780058.0
9357845513.0
9365765153.0
9374127192.0
9383092309.0
9392061673.0
9401040592.0
9410058797.0
9420300145.0
9429061050.0
9438102613.0
9447827594.0
9455830405.0
9465191557.0
9474177555.0
9482921826.0
9492099648.0
9501860021.0
9511224358.0
9519844050.0
9529218296.0
9538186952.0
9546822571.0
9555793350.0
9565224224.0
9573780918.0
9582702149.0
9592835198.0
9602198473.0
9610842939.0
9619804871.0
9629277507.0
9637788192.0
9646849929.0
9656219928.0
9664796796.0
9674205373.0
9682845238.0
9692059868.0
9702192917.0
9711349503.0
9720108285.0
9730193555.0
9739234764.0
9747789335.0
9756815326.0
9766198775.0
9775850848.0
9784797207.0
9794930963.0
9804238673.0
9812833591.0
9822299503.0
9830922026.0
9840235753.0
9849194499.0
9857781630.0
9866925122.0
9876253713.0
9885195825.0
9894043795.0
9904198787.0
9913267955.0
9921783595.0
9931233227.0
9939789567.0
9949218672.0
9958200422.0
9966968406.0
9975809652.0
9985244772.0
9994196086.0
10002829935.0
10012216569.0
10021791842.0
10030917991.0
10040219685.0
10048801861.0
10058313429.0
10067266512.0
10075815066.0
10084799649.0
10094947208.0
10104238638.0
10113239146.0
10121976339.0
10132811917.0
10142328793.0
10152107569.0
10161802820.0
10171235464.0
10180216507.0
10189773022.0
10199102675.0
10208802173.0
10218175712.0
10227342562.0
10235840860.0
10245211568.0
10254242159.0
10262973336.0
10273797588.0
10282063007.0
10290850457.0
10298930422.0
10307831834.0
10316141847.0
10325075819.0
10334142156.0
10343103026.0
10352067435.0
10361073606.0
10370075176.0
10379101875.0
10388069115.0
10397858863.0
10409309551.0
10417910131.0
10429232701.0
10437793996.0
10447245043.0
10455856949.0
10465254555.0
10474201622.0
10482828038.0
10492811025.0
10501798439.0
10511277445.0
10521798389.0
10530820487.0
10541274894.0
10550982532.0
10560253435.0
10569228107.0
10577777369.0
10587345563.0
10596084880.0
10606260045.0
10615250644.0
10623813355.0
10633238920.0
10641788536.0
10651241707.0
10660222396.0
10668822976.0
10677863832.0
10687244449.0
10696090649.0
10705943394.0
10716245970.0
10725219934.0
10733847059.0
10743367120.0
10751872850.0
10760799036.0
10769092769.0
10777808372.0
10785818262.0
10794093237.0
10802939084.0
10810878190.0
10818834284.0
10827184644.0
10835848929.0
10843821304.0
10851804296.0
10859842146.0
10867821952.0
10875810253.0
10883865445.0
10892810034.0
10901097042.0
10909889093.0
10917808733.0
10925842690.0
10933806570.0
10941892907.0
10949785296.0
10957886850.0
10967151736.0
10975835488.0
10983826266.0
10991843234.0
10999825872.0
11007812050.0
11015868657.0
11023831122.0
11031816591.0
11041101650.0
11049797789.0
11057780073.0
11065838096.0
11073802684.0
11081809035.0
11090942617.0
11098865089.0
11106838525.0
11114939018.0
11122876709.0
11130838112.0
11138942144.0
11146889744.0
11156107913.0
11173127513.0
11181863999.0
11189952812.0
11198143555.0
11208958605.0
11216921778.0
11224936976.0
11232984382.0
11240932690.0
11248938686.0
11257186764.0
11266226557.0
11275201230.0
11284937535.0
11293137126.0
11301801766.0
11310869873.0
11320227485.0
11329266571.0
11338212222.0
11347120004.0
11356825519.0
11366214984.0
11374871484.0
11384240068.0
11393122721.0
11402978652.0
11412275744.0
11421281208.0
11429875064.0
11439379906.0
11448292997.0
11456810406.0
11465802067.0
11475361059.0
11483886255.0
11493947104.0
11502845684.0
11511813632.0
11521383950.0
11531136536.0
11540819754.0
11550309025.0
11559392350.0
11567855610.0
11577228795.0
11585796461.0
11595882438.0
11605865072.0
11614884692.0
11625235047.0
11635259442.0
11643818968.0
11652837173.0
11662273709.0
11670852700.0
11680227301.0
11689743823.0
11698883422.0
11708241742.0
11717249329.0
11725878931.0
11735277244.0
11744279169.0
11752830908.0
11761817968.0
11771282818.0
11779834204.0
11790175003.0
11799094464.0
11808839617.0
11818216342.0
11826851252.0
11836317164.0
11844839174.0
11853866581.0
11863308072.0
11872229657.0
11882990204.0
11892880110.0
11901929105.0
11910849982.0
11920228122.0
11928836489.0
11938230909.0
11947256192.0
11955825274.0
11964834984.0
11974231882.0
11983258934.0
11993739531.0
12004293389.0
12013367867.0
12024153188.0
12034222885.0
12043264802.0
12052879360.0
12061953483.0
12070907629.0
12079891149.0
12090148069.0
12099219362.0
12108178462.0
12117177201.0
12126177709.0
12135246878.0
12144175541.0
12153971659.0
12162176912.0
12171238649.0
12180179345.0
12190121632.0
12198981634.0
12207230420.0
12216180318.0
12225179411.0
12234178857.0
12243381808.0
12252184476.0
12261184630.0
12270184785.0
12279220685.0
12288188987.0
12297936265.0
12306206285.0
12315221658.0
12336885381.0
12344949066.0
12353923385.0
12362192343.0
12371188251.0
12380195838.0
12390006466.0
12398192608.0
12407189223.0
12416188316.0
12427193775.0
12436194991.0
12445207179.0
12454192823.0
12463194040.0
12472195964.0
12481196472.0
12489847663.0
12498196607.0
12507225783.0
12516195855.0
12525263254.0
12534200411.0
12543264979.0
12552012790.0
12560224767.0
12569198732.0
12578205965.0
12587197272.0
12596202027.0
12605208198.0
12614204460.0
12624319813.0
12633964100.0
12642206160.0
12651239583.0
12660204346.0
12669216888.0
12678205009.0
12687863453.0
12697230267.0
12705872256.0
12714857900.0
12727305224.0
12737939775.0
12746220059.0
12755208181.0
12764206212.0
12773207428.0
12782215369.0
12791138723.0
12800210370.0
12809213356.0
12818215280.0
12827027858.0
12835214707.0
12844214508.0
12853214308.0
12862213755.0
12871234791.0
12880214419.0
12890081320.0
12899010691.0
12907213821.0
12916216453.0
12925221208.0
12934216762.0
12943221518.0
12952223442.0
12961225012.0
12970219858.0
12979225676.0
12988229723.0
12997253237.0
13006221893.0
13015222047.0
13024227157.0
13033226604.0
13042223927.0
13051224082.0
13059956674.0
13068223509.0
13077226849.0
13086232666.0
13097928620.0
13106234740.0
13115227816.0
13124227617.0
13133234850.0
13142232527.0
13151229497.0
13160251240.0
13169229098.0
13186227817.0
13195229034.0
13204235913.0
13213231466.0
13221943885.0
13230284689.0
13239239542.0
13248234742.0
13256950346.0
13265234877.0
13274238217.0
13283247573.0
13292237110.0
13301318312.0
13310240251.0
13319258810.0
13328239145.0
13337239299.0
13358108828.0
13367248781.0
13375990221.0
13384241483.0
13392983631.0
13400952467.0
13409241952.0
13418250601.0
13427014338.0
13435001223.0
13443248947.0
13452236714.0
13461241824.0
13470249057.0
13479247442.0
13488032768.0
13497031861.0
13505855764.0
13515004918.0
13523964018.0
13532871446.0
13541908408.0
13551061810.0
13559955435.0
13568883744.0
13577980872.0
13587012172.0
13596300770.0
13604886132.0
13613994940.0
13623034026.0
13632382083.0
13641318886.0
13650245071.0
13659260799.0
13668253521.0
13677267478.0
13686256662.0
13695260709.0
13704275375.0
13713255710.0
13722256218.0
13732287692.0
13742386411.0
13751077595.0
13759291696.0
13769943589.0
13778268113.0
13787024064.0
13795275680.0
13804261324.0
13812977636.0
13821970004.0
13832204628.0
13842272555.0
13851270587.0
13860008841.0
13868276738.0
13876932884.0
13885999221.0
13897247468.0
13906263549.0
13915325285.0
13924000189.0
13932920712.0
13942253904.0
13951271047.0
13959979218.0
13968356830.0
13976877778.0
13985302107.0
13993920030.0
14002947436.0
14011914676.0
14021404654.0
14030353491.0
14040420003.0
14049275051.0
14058274144.0
14067290579.0
14076010076.0
14084288236.0
14093349265.0
14102299163.0
14111357714.0
14119976344.0
14129321570.0
14138901090.0
14147961057.0
14158099060.0
14168000292.0
14176284469.0
14185281792.0
14194278762.0
14203006045.0
14211418341.0
14221285242.0
14229974302.0
14238400047.0
14248000448.0
14256323202.0
14265290088.0
14274353594.0
14285310566.0
14293970251.0
14303009336.0
14311942954.0
14321335251.0
14330298598.0
14340010130.0
14348297138.0
14357313219.0
14372086143.0
14379979593.0
14390210324.0
14399035289.0
14407023589.0
14415164429.0
14422937194.0
14430900720.0
14439118360.0
14447894484.0
14457359688.0
14466736413.0
14474989799.0
14483918462.0
14493368447.0
14501929389.0
14511409811.0
14519950579.0
14528955335.0
14538334536.0
14547374684.0
14555904481.0
14565367915.0
14573977697.0
14583402554.0
14592987737.0
14601940820.0
14611331701.0
14619972628.0
14629388284.0
14638315531.0
14646921066.0
14655973955.0
14665406598.0
14674355435.0
14683288345.0
14693949794.0
14703418891.0
14711924975.0
14721387348.0
14729987574.0
14739765642.0
14747925948.0
14756291172.0
14764967137.0
14772980920.0
14780952233.0
14789748530.0
14797925116.0
14805951286.0
14814298461.0
14823038485.0
14831153135.0
14839932798.0
14847983743.0
14856038934.0
14863989366.0
14872075702.0
14881298826.0
14890015845.0
14898297899.0
14906990498.0
14914951193.0
14922989751.0
14931307550.0
14942065619.0
14951380761.0
14960301992.0
14968980435.0
14976985724.0
14984970839.0
14992979313.0
15000988496.0
15008970426.0
15017007568.0
15026309969.0
15034922582.0
15042991577.0
15050997927.0
15058925708.0
15067983906.0
15076314800.0
15084986518.0
15092963139.0
15100990017.0
15108984689.0
15117309920.0
15125940230.0
15133950120.0
15141963549.0
15150313201.0
15159010047.0
15168315988.0
15176966470.0
15193054203.0
15201959507.0
15212950101.0
15220976271.0
15228995717.0
15236978001.0
15244983644.0
15252992118.0
15260967678.0
15269006943.0
15276985334.0
15285968147.0
15296090578.0
15305412091.0
15315398263.0
15323999552.0
15332970331.0
15343993839.0
15352322964.0
15360986896.0
15369319560.0
15377941021.0
15385980994.0
15394379487.0
15403325138.0
15412355022.0
15420985685.0
15428987435.0
15436984230.0
15444995536.0
15453324660.0
15461951785.0
15472330099.0
15480990846.0
15489774048.0
15497948510.0
15505998039.0
15513961212.0
15521988090.0
15531005940.0
15540003971.0
15549395206.0
15557946592.0
15567007975.0
15576425399.0
15585380606.0
15594337229.0
15606367990.0
15615420171.0
15624011903.0
15632972065.0
15642366839.0
15651973257.0
15660994647.0
15670882784.0
15679745972.0
15687971398.0
15699181068.0
15708416224.0
15716976458.0
15726383973.0
15737344484.0
15747421614.0
15756425307.0
15764970323.0
15774410044.0
15783023366.0
15793087754.0
15803073927.0
15812350492.0
15822382674.0
15832389727.0
15841061799.0
15850092745.0
15859736324.0
15871360432.0
15880983484.0
15891427627.0
15900353459.0
15910344940.0
15920409683.0
15929405590.0
15938133581.0
15948037645.0
15958352608.0
15968413457.0
15976993156.0
15987354482.0
15998268984.0
16009033777.0
16017969165.0
16029100265.0
16038014771.0
16048238423.0
16057419076.0
16067355346.0
16076370365.0
16085394232.0
16094397926.0
16103071414.0
16111039895.0
16119345307.0
16128397842.0
16137030983.0
16145021053.0
16153391232.0
16161999245.0
16169994978.0
16178400195.0
16187078284.0
16195381927.0
16204024623.0
16212416745.0
16221388587.0
16231120291.0
16239161680.0
16248414887.0
16257800105.0
16267392720.0
16275996839.0
16284379052.0
16293421677.0
16303071626.0
16312382168.0
16322407625.0
16333101635.0
16342369706.0
16352004791.0
16361402043.0
16371015892.0
16381395976.0
16391737837.0
16400375933.0
16410367414.0
16420423662.0
16433933096.0
16444205943.0
16453011088.0
16463332068.0
16473271877.0
16482369359.0
16493267580.0
16503899654.0
16512032000.0
16523458622.0
16532390117.0
16542420529.0
16551464215.0
16560383323.0
16570371265.0
16581202595.0
16590373339.0
16601269082.0
16610373997.0
16621209221.0
16631254497.0
16640306678.0
16649420441.0
16659442359.0
16668385887.0
16679271367.0
16688388314.0
16699452877.0
16709227052.0
16718393903.0
16729226295.0
16739256707.0
16748388874.0
16759305145.0
16769242122.0
16778395170.0
16791391421.0
16801429974.0
16810412433.0
16819056545.0
16827153499.0
16835411486.0
16844407747.0
16854438160.0
16863209683.0
16871437587.0
16883098149.0
16891065215.0
16899150135.0
16907075085.0
16915085682.0
16923156446.0
16931417972.0
16940471215.0
16949480571.0
16959434537.0
16968425136.0
16977016515.0
16985028174.0
16993056468.0
17002804807.0
17012421488.0
17021953229.0
17031155117.0
17040376471.0
17051250625.0
17059439598.0
17068432321.0
17077036086.0
17085982799.0
17095085590.0
17104437540.0
17113092978.0
17121428473.0
17130427920.0
17140465411.0
17151177470.0
17159446075.0
17169429770.0
17178427447.0
17196771766.0
17205432512.0
17214055743.0
17223815408.0
17232424836.0
17241439501.0
17250432224.0
17259155614.0
17267448639.0
17276430744.0
17286428595.0
17295154463.0
17303437932.0
17312436671.0
17321453460.0
17330449721.0
17339433242.0
17348438705.0
17357990619.0
17367150745.0
17375081711.0
17383463570.0
17393422491.0
17403173307.0
17411097195.0
17431284014.0
17439465201.0
17448444828.0
17457438966.0
17466445491.0
17475153663.0
17483117190.0
17491449146.0
17501011323.0
17511187550.0
17519101882.0
17527443394.0
17536487080.0
17545457860.0
17554437487.0
17563090448.0
17571453902.0
17580452995.0
17589489957.0
17599453479.0
17609041493.0
17617081112.0
17625451999.0
17635841639.0
17645998400.0
17655176576.0
17663461107.0
17672455953.0
17681455045.0
17690896891.0
17699958273.0
17710002135.0
17719459906.0
17728970058.0
17738400932.0
17747942936.0
17756943798.0
17766459259.0
17775469323.0
17784463107.0
17793459723.0
17802462709.0
17811464633.0
17820137767.0
17829837973.0
17839462086.0
17848989934.0
17857983010.0
17867457062.0
17876458278.0
17886479843.0
17897030516.0
17909873167.0
17919193972.0
17928030970.0
17937464321.0
17946464476.0
17955468169.0
17964460538.0
17973463524.0
17982467218.0
17991165480.0
17999462752.0
18008471400.0
18017487481.0
18028967899.0
18037996013.0
18047472542.0
18057042860.0
18066472318.0
18075170580.0
18083478116.0
18094014278.0
18103475589.0
18113049446.0
18122483505.0
18131471273.0
18140472489.0
18159792208.0
18169478965.0
18179479294.0
18188477325.0
18198484733.0
18208986565.0
18217478492.0
18227480945.0
18239049842.0
18251457526.0
18262006076.0
18271500655.0
18281493198.0
18290486274.0
18299478289.0
18308485522.0
18317999213.0
18326484769.0
18335484216.0
18345488792.0
18354491070.0
18363213399.0
18375198151.0
18383498962.0
18393491151.0
18402491659.0
18414443851.0
18423494262.0
18446201691.0
18455487104.0
18468870189.0
18478247267.0
18487914913.0
18497485230.0
18506490340.0
18515491910.0
18525993388.0
18534501950.0
18545009445.0
18553496063.0
18563145659.0
18571503805.0
18581494578.0
18591163993.0
18600489753.0
18609495571.0
18618496079.0
18627168505.0
18635140172.0
18643499026.0
18652501658.0
18663215841.0
18671501080.0
18681506010.0
18691507755.0
18701017552.0
18710503284.0
18720033962.0
18729155511.0
18737502332.0
18747165730.0
18755952826.0
18764483684.0
18773487378.0
18782103531.0
18790482204.0
18800016776.0
18808915710.0
18817489393.0
18826482823.0
18835486163.0
18844498351.0
18853488596.0
18862101563.0
18870390695.0
18879130365.0
18887488865.0
18896488666.0
18905489175.0
18914491099.0
18923487006.0
18932494947.0
18941966168.0
18950489594.0
18959940287.0
18968489903.0
18977115966.0
18985978800.0
18994501164.0
19003497072.0
19012499350.0
19021955706.0
19030493643.0
19039197921.0
19047173127.0
19056497825.0
19067370210.0
19076500253.0
19088500931.0
19100328897.0
19109114931.0
19118115086.0
19128352186.0
19138341898.0
19148383282.0
19157902635.0
19167514008.0
19178334013.0
19187511835.0
19209331635.0
19219345767.0
19228913608.0
19238508346.0
19249428156.0
19258980778.0
19269863427.0
19278123183.0
19287836838.0
19297414942.0
19306507116.0
19318858527.0
19328399470.0
19337507216.0
19347155396.0
19356940896.0
19366170036.0
19376510128.0
19385510990.0
19397938140.0
19407279473.0
19419041256.0
19429050433.0
19438023690.0
19447065607.0
19467353647.0
19476073144.0
19486385984.0
19496081235.0
19506007595.0
19515190018.0
19524071609.0
19534021328.0
19542146596.0
19550148345.0
19559089042.0
19569033452.0
19577157657.0
19586037480.0
19596075324.0
19606028936.0
19614158804.0
19624937401.0
19633925876.0
19642976995.0
19651938573.0
19660933419.0
19670012851.0
19678150860.0
19686961668.0
19696006416.0
19704954191.0
19713203330.0
19721860183.0
19731067734.0
19741365709.0
19751409570.0
19760921492.0
19771375899.0
19781379767.0
19791064047.0
19800944751.0
19810980118.0
19820914619.0
19829913358.0
19839068883.0
19848947464.0
19858983892.0
19869352651.0
19878925446.0
19887951437.0
19897924868.0
19908946253.0
19917991002.0
19927046014.0
19936167209.0
19945916255.0
19955981352.0
19965026454.0
19975408662.0
19984915982.0
19994042486.0
