3565706.0
12598003.0
21594201.0
43489940.0
60317243.0
73123350.0
82536461.0
91610874.0
101595560.0
113137478.0
122399467.0
131602352.0
140233662.0
149218889.0
161508278.0
170667985.0
180602061.0
190544985.0
200451455.0
209618595.0
220377650.0
230355257.0
239598135.0
320617003.0
334606252.0
344544575.0
354345578.0
363604382.0
374335478.0
384318040.0
393617544.0
403632667.0
413605320.0
424340309.0
434334904.0
443233067.0
452592029.0
462623078.0
471603704.0
482330906.0
491592188.0
500617407.0
510236497.0
521326818.0
530604025.0
540617378.0
551341041.0
560364491.0
569610554.0
580362176.0
589614963.0
600612912.0
611345777.0
622358236.0
631675790.0
642364769.0
651611540.0
662335203.0
672320243.0
682417120.0
692263779.0
702364196.0
712411879.0
721612286.0
731560165.0
742362752.0
751629342.0
761574035.0
771618533.0
782359892.0
792347409.0
801621432.0
811568603.0
821404290.0
830421723.0
839422875.0
848634254.0
857635761.0
866629835.0
875630634.0
884631787.0
893623738.0
902246200.0
910447502.0
919633399.0
928639507.0
937631811.0
946624824.0
955242331.0
964648010.0
973631467.0
982628019.0
991243403.0
1000640942.0
1009625461.0
1018339233.0
1027634844.0
1036631396.0
1048200565.0
1057629957.0
1067109604.0
1075261004.0
1084658189.0
1093630675.0
1102632889.0
1111296406.0
1120632009.0
1129631038.0
1139113163.0
1148620062.0
1162438723.0
1171634884.0
1181266008.0
1193363220.0
1203427891.0
1213382140.0
1222660763.0
1233332047.0
1243488382.0
1254640638.0
1265387660.0
1275446315.0
1284661941.0
1295382419.0
1304661396.0
1313641667.0
1324363915.0
1334408059.0
1343642088.0
1353649779.0
1364496251.0
1373270190.0
1382643308.0
1393334057.0
1403120550.0
1412368029.0
1422434115.0
1432370669.0
1441644337.0
1452350658.0
1462476203.0
1472546537.0
1482462917.0
1492265336.0
1501648011.0
1510655888.0
1519651732.0
1528656070.0
1537650144.0
1546692351.0
1555651742.0
1564652187.0
1573655817.0
1582657323.0
1591322256.0
1600654674.0
1610223862.0
1619652192.0
1628312523.0
1636681581.0
1645659022.0
1654655928.0
1663659558.0
1673659816.0
1682657783.0
1691652212.0
1700365984.0
1709686016.0
1718677613.0
1728679287.0
1739222099.0
1750678015.0
1760982641.0
1770389028.0
1780288420.0
1789286742.0
1798331780.0
1806688805.0
1816683755.0
1827162862.0
1836677193.0
1846683468.0
1856356000.0
1864690020.0
1876058165.0
1885684334.0
1896203434.0
1906235190.0
1916363920.0
1925217844.0
1935683148.0
1945690131.0
1964374079.0
1972688988.0
1982685707.0
1993181095.0
2002330538.0
2010395936.0
2022383435.0
2032308309.0
2042216903.0
2051322815.0
2060992869.0
2070306176.0
2079323609.0
2088298218.0
2107116300.0
2116300782.0
2125309721.0
2135692562.0
2144369528.0
2153211418.0
2164138937.0
2173695031.0
2183694935.0
2194220759.0
2204390543.0
2213218631.0
2223215704.0
2232699245.0
2242698087.0
2252479272.0
2264381830.0
2273140196.0
2281695768.0
2290699044.0
2301200448.0
2311251671.0
2321210167.0
2331244047.0
2341198650.0
2350690685.0
2366211329.0
2375315826.0
2384478010.0
2395152833.0
2404341915.0
2414221842.0
2424207944.0
2434231561.0
2446269669.0
2456376810.0
2465211268.0
2475229576.0
2485189134.0
2496247602.0
2506294931.0
2516374113.0
2524332982.0
2534218218.0
2544207151.0
2555235890.0
2564398783.0
2573216607.0
2583699607.0
2594228616.0
2605186926.0
2616270168.0
2630452655.0
2640291528.0
2651237096.0
2672447299.0
2681324935.0
2692300232.0
2702243510.0
2712211208.0
2722259245.0
2734252760.0
2744379013.0
2753221965.0
2763235672.0
2773192753.0
2783614525.0
2794302797.0
2804329953.0
2814254473.0
2824233143.0
2834234109.0
2844227643.0
2855345569.0
2864990495.0
2876386245.0
2885244416.0
2895252460.0
2904343154.0
2914250686.0
2924300139.0
2934305352.0
2945278172.0
2954335952.0
2963336397.0
2973202167.0
2983257282.0
2993231705.0
3003232317.0
3015254145.0
3025208748.0
3036227932.0
3046248009.0
3056382048.0
3065230663.0
3075240123.0
3085198265.0
3095238870.0
3104375219.0
3123271871.0
3133202408.0
3144273970.0
3154183626.0
3162462790.0
3172352980.0
3185324720.0
3194346753.0
3204130415.0
3212344104.0
3221114857.0
3230131228.0
3239134504.0
3247346070.0
3256430747.0
3266133362.0
3275130621.0
3284251398.0
3294149728.0
3303132123.0
3312115580.0
3321088773.0
3330143368.0
3339149475.0
3348115236.0
3356620552.0
3367156994.0
3376133726.0
3385092409.0
3394142756.0
3402351490.0
3412135506.0
3421100559.0
3430140642.0
3441171859.0
3449350156.0
3459148328.0
3468124707.0
3476351491.0
3484358493.0
3492486180.0
3502134292.0
3510353289.0
3519145278.0
3528138290.0
3537099450.0
3545354194.0
3555136440.0
3564117419.0
3573098399.0
3582162194.0
3590356418.0
3599141328.0
3610153787.0
3619161310.0
3628358532.0
3637700860.0
3646358714.0
3655360221.0
3664359958.0
3673100274.0
3682135757.0
3691175133.0
3700361384.0
3709109840.0
3717362106.0
3727126656.0
3735362288.0
3744127732.0
3752363364.0
3761204193.0
3770196144.0
3779391596.0
3788290821.0
3799171977.0
3808452370.0
3817505548.0
3827138441.0
3835367349.0
3844367440.0
3853103863.0
3861374179.0
3870216423.0
3879192802.0
3887374284.0
3896285896.0
3905133449.0
3913370497.0
3922374127.0
3930372988.0
3939156483.0
3947372295.0
3956311512.0
3973112626.0
3981376217.0
3989374371.0
3998159989.0
4006374386.0
4015173098.0
4024375275.0
4032379092.0
4041113392.0
4049459092.0
4058384506.0
4067169770.0
4075378150.0
4084380719.0
4093118912.0
4101378610.0
4110300485.0
4119154409.0
4128142820.0
4136407119.0
4145147790.0
4153384129.0
4162381743.0
4170551192.0
4180382633.0
4189125073.0
4197383001.0
4206184899.0
4215154907.0
4223384876.0
4232405848.0
4240384183.0
4249125207.0
4258178739.0
4266386058.0
4275388626.0
4284190524.0
4292405983.0
4300387149.0
4308387780.0
4316388411.0
4325177568.0
4334388947.0
4343174565.0
4351390377.0
4360390822.0
4369148127.0
4378290138.0
4387220507.0
4396417022.0
4405170433.0
4413400756.0
4422215749.0
4431176555.0
4440161428.0
4448394228.0
4456403000.0
4464496003.0
4474395749.0
4483214989.0
4492397347.0
4500398686.0
4508540176.0
4517397639.0
4527146971.0
4535404545.0
4546398955.0
4555220672.0
4564977790.0
4573399227.0
4581514882.0
4590399950.0
4599194415.0
4608184243.0
4616401117.0
4624407411.0
4632401672.0
4640402303.0
4648406120.0
4657175811.0
4665403303.0
4674403748.0
4683198568.0
4691404824.0
4699405102.0
4708405193.0
4716409009.0
4725182240.0
4734406714.0
4743193393.0
4751407082.0
4760333205.0
4768407805.0
4776413391.0
4784408713.0
4792409345.0
4800416347.0
4808409546.0
4816409823.0
4825181992.0
4834410713.0
4843226060.0
4852411603.0
4860411880.0
4868413220.0
4876418098.0
4885163369.0
4893413865.0
4902230274.0
4910421666.0
4919215424.0
4928422910.0
4936415047.0
4945164919.0
4953415769.0
4962424001.0
4971206433.0
4979416937.0
4987417568.0
4996418367.0
5005169655.0
5013418381.0
5022235144.0
5031211876.0
5039419903.0
5047420180.0
5056423102.0
5065177575.0
5073421347.0
5082403388.0
5091218381.0
5100431884.0
5108425083.0
5116423237.0
5124423514.0
5133179049.0
5141424590.0
5150226134.0
5159224102.0
5167425404.0
5176431865.0
5184426126.0
5192426404.0
5200433052.0
5208426605.0
5216430775.0
5224457596.0
5233187295.0
5241428236.0
5250428681.0
5259396211.0
5268429924.0
5276440465.0
5284432603.0
5293183537.0
5301433679.0
5310222482.0
5318431924.0
5327088008.0
5335433000.0
5344433091.0
5352433015.0
5360433646.0
5368434278.0
5376439510.0
5384435186.0
5392435110.0
5400442466.0
5408436019.0
5416436296.0
5424436220.0
5435208016.0
5443461697.0
5452437722.0
5460437999.0
5468578428.0
5477645055.0
5486438813.0
5494452893.0
5502440075.0
5511229232.0
5519440798.0
5528278441.0
5536441520.0
5544444275.0
5552442075.0
5560530478.0
5570169741.0
5580218840.0
5588443855.0
5596444132.0
5605444577.0
5613444500.0
5624445634.0
5632445558.0
5640445835.0
5648449652.0
5656451345.0
5665650337.0
5674447280.0
5682448265.0
5691237422.0
5699448280.0
5707453866.0
5716452187.0
5725208076.0
5734449892.0
5742455832.0
5750450447.0
5758451432.0
5766451355.0
5775276612.0
5783452432.0
5791452355.0
5800453154.0
5808453078.0
5816453709.0
5824453986.0
5833207752.0
5841455063.0
5849455340.0
5858455431.0
5866456062.0
5874456340.0
5882456971.0
5891271256.0
5899460171.0
5908457431.0
5916458062.0
5924459047.0
5933234755.0
5941458708.0
5949459339.0
5957460325.0
5965459894.0
5982293922.0
5991252959.0
5999461339.0
6008266068.0
6016462415.0
6024462693.0
6033206194.0
6041463415.0
6050463506.0
6058464137.0
6066464415.0
6075260296.0
6083492389.0
6091469308.0
6100512577.0
6109466304.0
6117468705.0
6127226885.0
6136258828.0
6144467917.0
6152468194.0
6160468825.0
6168476181.0
6176475397.0
6189079771.0
6198127287.0
6206470863.0
6216154367.0
6225089691.0
6234478028.0
6243491568.0
6253078452.0
6262123844.0
6270473791.0
6280118717.0
6289081647.0
6297474772.0
6307141287.0
6315477785.0
6325081303.0
6335181012.0
6343479995.0
6352477254.0
6365108880.0
6373477938.0
6382478383.0
6392236209.0
6400479627.0
6410123846.0
6419124290.0
6428654194.0
6437480866.0
6446480957.0
6456106418.0
6465084566.0
6473482645.0
6483123325.0
6492110321.0
6500483626.0
6509483717.0
6519122627.0
6528270655.0
6537485219.0
6548642430.0
6557486090.0
6567130308.0
6575534404.0
6584492379.0
6594172343.0
6603150845.0
6611488405.0
6621123422.0
6630190757.0
6641111552.0
6650120844.0
6658490964.0
6668691893.0
6679108711.0
6689670635.0
6699145327.0
6707492797.0
6717139846.0
6727640896.0
6736494112.0
6746531178.0
6756137881.0
6764495614.0
6774306527.0
6785123978.0
6793498699.0
6802497374.0
6812269003.0
6821498078.0
6831600618.0
6840502674.0
6849523292.0
6859151584.0
6868131856.0
6876499853.0
6885625938.0
6895500910.0
6905124955.0
6914153005.0
6922501890.0
6932339701.0
6942474094.0
6951503206.0
6960503651.0
6970140437.0
6978504894.0
6988129294.0
6996505076.0
7005505521.0
7015148324.0
7024141691.0
7033122316.0
7043137439.0
7052266002.0
7060508004.0
7069510218.0
7079135679.0
7088266012.0
7096512261.0
7106134537.0
7115147015.0
7123510764.0
7135525514.0
7145124077.0
7153511539.0
7162512692.0
7172294938.0
7180521722.0
7190149660.0
7198514118.0
7207514208.0
7217137900.0
7227165410.0
7235515357.0
7245107549.0
7253516954.0
7263145954.0
7272161618.0
7280660563.0
7289518026.0
7299144902.0
7307518916.0
7316520068.0
7327163039.0
7336175163.0
7344522986.0
7354150924.0
7362521398.0
7372152522.0
7381107312.0
7389522379.0
7398526717.0
7408148285.0
7416523360.0
7427095547.0
7435574673.0
7444525216.0
7454148199.0
7463149352.0
7471525842.0
7481128299.0
7490151040.0
7498527177.0
7509527603.0
7519164035.0
7528184653.0
7536644314.0
7547218979.0
7556281359.0
7564529732.0
7574511232.0
7583565473.0
7592638116.0
7602168374.0
7610532123.0
7620156169.0
7629337111.0
7637533104.0
7647533362.0
7657120600.0
7665534606.0
7675215632.0
7683554607.0
7692536649.0
7702156093.0
7711176357.0
7719543646.0
7729454363.0
7737537457.0
7747218129.0
7756163009.0
7764538438.0
7774221941.0
7784544617.0
7794181050.0
7803173355.0
7811562940.0
7820542150.0
7830147792.0
7839197785.0
7848210617.0
7857135323.0
7866267779.0
7875203811.0
7887229532.0
7896544255.0
7906176086.0
7914545145.0
7924175560.0
7933165388.0
7941546479.0
7951183620.0
7960174155.0
7968547460.0
7986207528.0
7995202311.0
8004211603.0
8012549871.0
8022197629.0
8031204090.0
8040188255.0
8049135258.0
8057551741.0
8067178618.0
8076168445.0
8084552722.0
8094198002.0
8102553258.0
8112166686.0
8121353998.0
8131246666.0
8141332926.0
8150563063.0
8160212236.0
8168563599.0
8176563876.0
8186319578.0
8194556980.0
8203563441.0
8212564240.0
8221558668.0
8231228369.0
8239559204.0
8248571328.0
8257560094.0
8266560185.0
8275560983.0
8284564614.0
8293583108.0
8302708132.0
8311562409.0
8321169820.0
8330283872.0
8339563557.0
8349139470.0
8358204681.0
8366616210.0
8375565691.0
8385138418.0
8393578613.0
8402576227.0
8412189301.0
8420571454.0
8430554371.0
8439567556.0
8448568355.0
8458237348.0
8467190368.0
8475612868.0
8484569781.0
8494520845.0
8502571024.0
8511571115.0
8521143489.0
8530542797.0
8539601992.0
8548572708.0
8557573507.0
8567170655.0
8577137291.0
8585598014.0
8594574392.0
8604153844.0
8612575636.0
8621576435.0
8631181015.0
8639576617.0
8649138727.0
8658253840.0
8667599708.0
8677154385.0
8686185621.0
8694579453.0
8704188634.0
8712580343.0
8722191293.0
8731625286.0
8740581137.0
8749581582.0
8759181561.0
8767582472.0
8776582917.0
8786429221.0
8795191127.0
8805320211.0
8815204031.0
8824263226.0
8833207044.0
8841588489.0
8851204394.0
8859586548.0
8869144057.0
8877657159.0
8887646092.0
8899638191.0
8908600059.0
8917589179.0
8928163135.0
8936590236.0
8946204017.0
8954591125.0
8963612451.0
8973155096.0
8982223139.0
8991172266.0
9000164925.0
9008592733.0
9018307381.0
9027655725.0
9036599898.0
9046196691.0
9054594771.0
9064195458.0
9073159449.0
9081596105.0
9090601151.0
9100198653.0
9109157689.0
9117597885.0
9127580801.0
9137194937.0
9145598325.0
9154599478.0
9164325097.0
9172602491.0
9183602563.0
9193168566.0
9202209711.0
9210602128.0
9220229005.0
9229169638.0
9238264932.0
9247603721.0
9257188836.0
9265603549.0
9274605410.0
9284329967.0
9293193446.0
9301605328.0
9310618514.0
9320329977.0
9329252206.0
9338607629.0
9348189205.0
9357173015.0
9366074010.0
9375201511.0
9384196647.0
9392614192.0
9401609682.0
9411201167.0
9419611279.0
9429547125.0
9438669671.0
9447646757.0
9456614642.0
9465617210.0
9475225329.0
9483614207.0
9493178794.0
9501614035.0
9510628282.0
9520216582.0
9529540507.0
9538616336.0
9548338416.0
9559234082.0
9567620129.0
9577548188.0
9586722406.0
9595622338.0
9604640479.0
9614210021.0
9622620134.0
9632344691.0
9640724367.0
9649620407.0
9659222509.0
9668144031.0
9678600841.0
9687622167.0
9696622612.0
9706323811.0
9715234007.0
9724675432.0
9734624018.0
9742629605.0
9751625095.0
9760625540.0
9768625817.0
9776626802.0
9784629557.0
9793626817.0
9802355100.0
9810635325.0
9819636478.0
9828642586.0
9836636493.0
9844639955.0
9854311779.0
9862636952.0
9872446803.0
9883456431.0
9893312645.0
9901638526.0
9910652419.0
9922327764.0
9931333163.0
9939640286.0
9949351749.0
9958641697.0
9967645681.0
9977362807.0
9996500122.0
10005652750.0
10015335900.0
10023645146.0
10032645237.0
10040645161.0
10050334327.0
10058646050.0
10067646495.0
10077277973.0
10089221586.0
10098361119.0
10106649485.0
10115671872.0
10125275391.0
10134649217.0
10144649830.0
10154381819.0
10164682907.0
10174316862.0
10182651944.0
10192654680.0
10202447543.0
10210662294.0
10220449848.0
10230444444.0
10249365870.0
10259317996.0
10267654494.0
10277320655.0
10285655737.0
10295321191.0
10303656627.0
10313308986.0
10323716602.0
10332724479.0
10342326582.0
10350659186.0
10360659799.0
10369659182.0
10379352949.0
10387662903.0
10397371180.0
10407706243.0
10417291358.0
10425665017.0
10436454863.0
10444671737.0
10454334713.0
10467431739.0
10476663999.0
10486342193.0
10494668074.0
10504338128.0
10512665778.0
10522446255.0
10532699563.0
10541444834.0
10550667185.0
10560322021.0
10568681877.0
10578353347.0
10586672857.0
10595686397.0
10606737787.0
10617303604.0
10630478137.0
10642708068.0
10652462708.0
10660672504.0
10670340789.0
10678673394.0
10688465550.0
10699354846.0
10708674169.0
10718355195.0
10727280256.0
10735681874.0
10745561447.0
10754679038.0
10763677360.0
10775284752.0
10784463217.0
10792677967.0
10802356162.0
10811372533.0
10819704430.0
10828679747.0
10838349801.0
10846679575.0
10856495797.0
10864681172.0
10874460233.0
10884756365.0
10894362361.0
10902682225.0
10912683191.0
10922430045.0
10931428013.0
10939684526.0
10951297227.0
10960685564.0
10970466748.0
10978688577.0
10988585492.0
10998424010.0
11006686540.0
11016337837.0
11027692179.0
11036688377.0
11046376127.0
11054689266.0
11064339148.0
11072690156.0
11082444443.0
11097643731.0
11107381384.0
11115692754.0
11125329894.0
11135367667.0
11143703103.0
11152701425.0
11162510215.0
11175575742.0
11185624133.0
11196696403.0
11206405389.0
11214698709.0
11224383628.0
11237304403.0
11246361475.0
11263092867.0
11272382461.0
11280699140.0
11290492003.0
11298700030.0
11309556412.0
11319381481.0
11328354321.0
11336701082.0
11346399096.0
11354703742.0
11364384414.0
11372703216.0
11382398752.0
11393568704.0
11403386341.0
11411711514.0
11420705942.0
11429706033.0
11439381043.0
11448367331.0
11456706306.0
11466468733.0
11474706842.0
11484366987.0
11495291674.0
11504518980.0
11512708956.0
11522385381.0
11531410954.0
11539710999.0
11549382469.0
11557710827.0
11567392206.0
11575712070.0
11584713223.0
11594481666.0
11602717652.0
11611714912.0
11621388151.0
11629714740.0
11640258967.0
11648715089.0
11658477869.0
11666715625.0
11676426026.0
11684720054.0
11694413820.0
11702717404.0
11712378611.0
11720724311.0
11729726525.0
11739408259.0
11748627070.0
11757720241.0
11767420732.0
11776423654.0
11786668823.0
11796384179.0
11804725277.0
11814420106.0
11822722982.0
11831722719.0
11841364460.0
11849724317.0
11859408528.0
11867727330.0
11877398446.0
11885728220.0
11895417739.0
11904342800.0
11913366603.0
11921727522.0
11930727613.0
11940407931.0
11948729564.0
11958422977.0
11969585850.0
11979415521.0
11987739632.0
12004411920.0
12012730722.0
12022412456.0
12031424934.0
12039732411.0
12051314675.0
12060119404.0
12068759916.0
12078081363.0
12087414843.0
12096345920.0
12105256470.0
12114430688.0
12122737103.0
12131759137.0
12141430607.0
12149737730.0
12159420171.0
12170351584.0
12179405116.0
12188540049.0
12197470772.0
12205760907.0
12213762246.0
12223444334.0
12232421420.0
12241459734.0
12250742251.0
12260578646.0
12268742432.0
12284671142.0
12294455158.0
12306336835.0
12315421158.0
12324294547.0
12332745006.0
12342439481.0
12350756867.0
12360398608.0
12368746432.0
12378549559.0
12389620060.0
12398323569.0
12407425588.0
12415759962.0
12425485936.0
12434750048.0
12444412670.0
12452758370.0
12462445412.0
12473317367.0
12482751359.0
12492410088.0
12500751895.0
12510454510.0
12518753138.0
12527753583.0
12539377256.0
12548585095.0
12556754899.0
12566431324.0
12574755081.0
12585403714.0
12598414030.0
12607455175.0
12615756989.0
12625394130.0
12634535787.0
12642769295.0
12652758936.0
12661759027.0
12671437222.0
12681766268.0
12691558070.0
12699769282.0
12709381648.0
12717762031.0
12727273531.0
12736762734.0
12746500741.0
12757278907.0
12768423023.0
12776764122.0
12786457535.0
12794769966.0
12804441437.0
12815332502.0
12824665628.0
12835461491.0
12843766844.0
12853399029.0
12861768087.0
12871454068.0
12882343364.0
12891471219.0
12900325850.0
12909437779.0
12918363901.0
12927431590.0
12935775167.0
12945407706.0
12954361788.0
12962772254.0
12972426028.0
12983349300.0
12992561387.0
13000774368.0
13010500696.0
13019293392.0
13028415584.0
13037448589.0
13046449388.0
13055299772.0
13064563177.0
13075369302.0
13085277896.0
13094448929.0
13103290819.0
13112706762.0
13122466357.0
13132663039.0
13142445285.0
13151292130.0
13160574292.0
13169296559.0
13178556071.0
13187298511.0
13196683663.0
13207245232.0
13216456257.0
13225258863.0
13235460500.0
13244464130.0
13253441216.0
13262449447.0
13271312926.0
13280569961.0
13299677193.0
13315332679.0
13325319135.0
13335453881.0
13344413980.0
13353430705.0
13362363906.0
13371464509.0
13380320556.0
13389432484.0
13398345866.0
13408465748.0
13417280033.0
13427434245.0
13437072093.0
13445460616.0
13454315248.0
13463460444.0
13472451687.0
13481456379.0
13490321628.0
13499486644.0
13508467977.0
13518484870.0
13527421964.0
13536301723.0
13545429932.0
13554339066.0
13563486740.0
13572327215.0
13581052313.0
13589314489.0
13598503217.0
13607331658.0
13616590108.0
13625374310.0
13636378275.0
13645444195.0
13654339172.0
13663498526.0
13673317933.0
13682476224.0
13691331918.0
13700611956.0
13709320066.0
13718579578.0
13727449428.0
13736451288.0
13749512922.0
13758420995.0
13767479482.0
13776323850.0
13785455598.0
13794354823.0
13803484093.0
13812313950.0
13823483902.0
13832594061.0
13841320928.0
13850534431.0
13859334205.0
13868599026.0
13877327309.0
13886494802.0
13895349434.0
13904645045.0
13913324487.0
13922491981.0
13931485701.0
13940513044.0
13950725298.0
13960511083.0
13969297055.0
13978579925.0
13987378991.0
14008091587.0
14016317664.0
14025435609.0
14035348804.0
14045324996.0
14054477271.0
14063334025.0
14072591767.0
14081318989.0
14090537092.0
14099478079.0
14108448795.0
14117479323.0
14127247058.0
14136469763.0
14145292541.0
14154557008.0
14163489855.0
14172358997.0
14181444381.0
14190349977.0
14199475354.0
14208315121.0
14217448992.0
14227282910.0
14236485441.0
14245296187.0
14254484915.0
14263349456.0
14272343177.0
14281440241.0
14290334865.0
14299503066.0
14308405830.0
14323542829.0
14332489832.0
14341368530.0
14350325089.0
14359501077.0
14368337658.0
14377434722.0
14386238390.0
14395238481.0
14404254852.0
14413316170.0
14423484185.0
14432584788.0
14441205481.0
14450225745.0
14459225482.0
14468362185.0
14477215754.0
14486216907.0
14495217706.0
14504347330.0
14513479786.0
14522306458.0
14533386161.0
14542271937.0
14551250793.0
14560219031.0
14569187624.0
14578222045.0
14587503853.0
14596243815.0
14605181617.0
14614226301.0
14623252936.0
14632230023.0
14641187290.0
14650316914.0
14659249053.0
14668228617.0
14677194024.0
14686230568.0
14695245878.0
14704237475.0
14713187663.0
14722239780.0
14731513448.0
14740226159.0
14749188381.0
14758224218.0
14767503195.0
14776224046.0
14785209980.0
14794286163.0
14803251924.0
14812227241.0
14821204327.0
14831556024.0
14840650965.0
14849216093.0
14858599121.0
14867225830.0
14876656637.0
14885520117.0
14894232474.0
14903225486.0
14914550807.0
14923268827.0
14932468527.0
14942534614.0
14951536474.0
14960335541.0
14969519668.0
14978531792.0
14987232116.0
14996375189.0
15005521094.0
15014533925.0
15023222924.0
15033177527.0
15042552769.0
15051222303.0
15060204698.0
15069495000.0
15078236024.0
15087760619.0
15097237789.0
15106229386.0
15115561805.0
15124293273.0
15133434223.0
15142475368.0
15151250722.0
15160226747.0
15169211265.0
15178292049.0
15187257810.0
15196229942.0
15205309664.0
15214231539.0
15223252158.0
15232479463.0
15241195359.0
15250310827.0
15259256768.0
15268249781.0
15277264736.0
15286481778.0
15296340470.0
15305521412.0
15314224921.0
15323225366.0
15333212176.0
15342246243.0
15351541146.0
15360211741.0
15369184226.0
15378556283.0
15387731917.0
15397514516.0
15406603086.0
15415630429.0
15425492660.0
15436353643.0
15445359042.0
15454535030.0
15463406649.0
15474410614.0
15483521835.0
15492369388.0
15501463974.0
15510787191.0
15525683527.0
15536635466.0
15545405865.0
15555509821.0
15564333662.0
15573462578.0
15585134737.0
15593385234.0
15602650408.0
15612573512.0
15622529885.0
15631379562.0
15641495551.0
15654418450.0
15663506312.0
15672339354.0
15681763437.0
15691517370.0
15700350058.0
15709465172.0
15720394461.0
15729382872.0
15738592482.0
15747401458.0
15756487904.0
15765319885.0
15774515692.0
15783350150.0
15792489330.0
15803420742.0
15812643446.0
15821357573.0
15830358726.0
15839507107.0
15848506845.0
15857500211.0
15866601168.0
15875348209.0
15884639219.0
15895380932.0
15904415707.0
15913466054.0
15922380851.0
15931399700.0
15941491976.0
15950510825.0
15959353423.0
15968623552.0
15979441357.0
15989487270.0
16001497773.0
16018375687.0
16027261109.0
16036238549.0
16045195816.0
16054242624.0
16063272090.0
16072232542.0
16081200781.0
16090629464.0
16099259359.0
16108236445.0
16117540904.0
16127471087.0
16136353678.0
16145233437.0
16154635931.0
16163230080.0
16172347671.0
16181530383.0
16192555583.0
16201194679.0
16210550456.0
16219571074.0
16228505337.0
16238544526.0
16247271747.0
16256683797.0
16265259188.0
16274661328.0
16283551351.0
16292370945.0
16301220268.0
16310544546.0
16319233544.0
16328598523.0
16338560912.0
16347599226.0
16356241862.0
16367147084.0
16376380052.0
16385542237.0
16394615234.0
16403232742.0
16412688323.0
16421225491.0
16430779461.0
16440532332.0
16449201511.0
16458319103.0
16467546762.0
16476225143.0
16485196213.0
16494563315.0
16503541109.0
16512299475.0
16521608181.0
16530498558.0
16540553673.0
16551551976.0
16560272119.0
16569508980.0
16578572068.0
16587484741.0
16598450483.0
16607514633.0
16617392436.0
16627554435.0
16636431363.0
16645336250.0
16654603548.0
16664482413.0
16675749338.0
16685502562.0
16694362503.0
16703647496.0
16713475043.0
16723393193.0
16733565809.0
16742351780.0
16751536262.0
16762490678.0
16771528992.0
16780377607.0
16789503692.0
16798551562.0
16807387082.0
16817360442.0
16828430590.0
16837493678.0
16846511465.0
16855383084.0
16865358922.0
16874570655.0
16883375030.0
16892631003.0
16905626808.0
16915548143.0
16924523814.0
16933470818.0
16942430208.0
16951528688.0
16960358191.0
16969473659.0
16980385959.0
16989089469.0
16997775282.0
17007511873.0
17016343853.0
17025473478.0
17035388088.0
17045498415.0
17054359416.0
17063507090.0
17072478514.0
17081498071.0
17090356595.0
17099510286.0
17108502237.0
17117507990.0
17127274310.0
17136490998.0
17145330764.0
17154519139.0
17163505073.0
17172344486.0
17181467740.0
17190381475.0
17199510746.0
17208345204.0
17217475536.0
17228619652.0
17237357137.0
17246531001.0
17257483294.0
17266375086.0
17275543995.0
17286449218.0
17295522569.0
17304487623.0
17313200334.0
17322322172.0
17331485418.0
17340469229.0
17349202821.0
17358253168.0
17367433756.0
17376226098.0
17385202123.0
17394260610.0
17403242651.0
17412243450.0
17421207088.0
17430510131.0
17439243369.0
17448232489.0
17457208867.0
17466369990.0
17475253643.0
17484221881.0
17493205338.0
17502259224.0
17511240558.0
17520226846.0
17529451320.0
17538254279.0
17547281268.0
17556227917.0
17565206066.0
17574271277.0
17583241285.0
17592468237.0
17601201475.0
17610482929.0
17619363042.0
17628229353.0
17637213872.0
17646281561.0
17655247322.0
17664230071.0
17673447466.0
17682257150.0
17691243438.0
17700244237.0
17709204336.0
17718272379.0
17728511176.0
17738627873.0
17747606375.0
17756411458.0
17765517370.0
17775555852.0
17784336868.0
17793516041.0
17802344483.0
17811343512.0
17821533115.0
17830506663.0
17840678924.0
17849228126.0
17858248036.0
17867566652.0
17876675749.0
17885230613.0
17894257602.0
17903244952.0
17912668681.0
17921575338.0
17931418457.0
17940499241.0
17949326621.0
17958531629.0
17967369627.0
17976496773.0
17985343265.0
17994601361.0
18003366097.0
18012498907.0
18031440152.0
18041514733.0
18050380690.0
18059370517.0
18068667898.0
18077374946.0
18086524390.0
18095378667.0
18104660121.0
18115436518.0
18125510037.0
18135369437.0
18144501539.0
18153337058.0
18162537466.0
18174757133.0
18184524515.0
18193335968.0
18202626625.0
18211387822.0
18221360121.0
18230376846.0
18241358868.0
18250661204.0
18259413907.0
18269438586.0
18278549099.0
18287382849.0
18296617586.0
18306265698.0
18315563079.0
18324227303.0
18333460271.0
18343597141.0
18355364857.0
18364573759.0
18373211793.0
18382261787.0
18391604115.0
18400251351.0
18409519003.0
18418274184.0
18427651549.0
18437554835.0
18446558819.0
18455246401.0
18464674731.0
18473547412.0
18482267555.0
18491251012.0
18500696330.0
18509546360.0
18518246330.0
18527738365.0
18537252342.0
18546265174.0
18555250401.0
18564565477.0
18573522744.0
18582580170.0
18591491428.0
18601211384.0
18610572116.0
18619602644.0
18630356390.0
18640566520.0
18649524849.0
18658258087.0
18667608555.0
18676564761.0
18685210935.0
18694257389.0
18703599364.0
18712561585.0
18721214838.0
18734251698.0
18743260283.0
18752706663.0
18761235691.0
18770279668.0
18779565369.0
18788734986.0
18797293743.0
18806560687.0
18815252163.0
18825230833.0
18836269127.0
18845548458.0
18854256214.0
18863377345.0
18872687820.0
18881551654.0
18890316390.0
18899255607.0
18908370721.0
18917257913.0
18927209331.0
18936487246.0
18945209867.0
18954325688.0
18963298882.0
18972234206.0
18981211646.0
18990264471.0
18999248635.0
19008232092.0
19017219796.0
19027202005.0
19036255537.0
19045213158.0
19054256781.0
19063273860.0
19072253070.0
19081215645.0
19090258560.0
19099278117.0
19110268987.0
19119366758.0
19128485057.0
19137223250.0
19146330224.0
19155252453.0
19164241219.0
19173216536.0
19182267945.0
19191251048.0
19200238044.0
19209218669.0
19218270786.0
19227522511.0
19236255396.0
19245217264.0
19254318928.0
19263257084.0
19272237710.0
19281214088.0
19290347606.0
19299265588.0
19308240551.0
19317222592.0
19327221435.0
19336256210.0
19345216662.0
19354314434.0
19363284442.0
19372262590.0
19381215256.0
19390260294.0
19399280559.0
19408258353.0
19417226237.0
19427186503.0
19436369923.0
19445237295.0
19454255082.0
19463258712.0
19474276834.0
19483291435.0
19492284094.0
19501219418.0
19510263749.0
19519279058.0
19528506717.0
19537228984.0
19546346929.0
19555279068.0
19564258278.0
19573219792.0
19582262707.0
19591701654.0
19600256872.0
19609217324.0
19618261301.0
19627336068.0
19636261483.0
19645466137.0
19654274052.0
19663286530.0
19672256538.0
19681220529.0
19690316532.0
19699278754.0
19708269997.0
19717222309.0
19727173373.0
19736372365.0
19745246816.0
19754335739.0
19763260800.0
19772382284.0
19781245410.0
19790257180.0
19799260456.0
19808370615.0
19819310521.0
19828618165.0
19837477752.0
19846261600.0
19855302745.0
19864257535.0
19873223650.0
19882321067.0
19891308064.0
19900261438.0
19909218351.0
19918329925.0
19927289670.0
19938285495.0
19947314253.0
19956242853.0
19967296012.0
19976373965.0
19985243460.0
19994343002.0
