1259234.0
10216147.0
18618473.0
27470981.0
44566199.0
59607995.0
73608569.0
82214751.0
92571757.0
102432218.0
112479548.0
121591830.0
130218893.0
138225541.0
146607694.0
161158962.0
171506766.0
181392710.0
190225044.0
199613381.0
210574169.0
219611775.0
229598230.0
240407895.0
320279721.0
335547669.0
344232421.0
353602000.0
364430777.0
373608180.0
383601006.0
394514722.0
404572669.0
414442686.0
423604163.0
433600882.0
443649627.0
452280937.0
461640961.0
472437177.0
481602193.0
491273663.0
501405224.0
510685971.0
520612261.0
531424757.0
541404134.0
550611974.0
561053212.0
570535691.0
579611874.0
592052385.0
601407100.0
610615294.0
621627753.0
632633133.0
641619775.0
652439704.0
661610736.0
671613118.0
681622932.0
693072832.0
701618140.0
711613798.0
722437973.0
731245180.0
741629083.0
752604381.0
761246309.0
772468994.0
781616314.0
791637807.0
802457736.0
811252555.0
820620365.0
829621518.0
838625148.0
847279817.0
855618792.0
864620653.0
873621098.0
882622604.0
891273734.0
901160739.0
909635618.0
918255603.0
927064579.0
935622629.0
944333216.0
952627244.0
961622380.0
970303946.0
978630181.0
987628502.0
996647351.0
1005626207.0
1014627359.0
1023626035.0
1032629311.0
1041631879.0
1051300164.0
1059631353.0
1068630736.0
1077646400.0
1086666310.0
1095632425.0
1104651627.0
1113645702.0
1122635529.0
1131631373.0
1140645267.0
1151142070.0
1161643827.0
1172957469.0
1181686814.0
1192641585.0
1202685375.0
1212679970.0
1223496360.0
1232648635.0
1243151808.0
1255497824.0
1264640543.0
1275118588.0
1285513463.0
1294641318.0
1304344287.0
1314480095.0
1323632016.0
1333669435.0
1344448664.0
1354535985.0
1363648268.0
1373686749.0
1383473242.0
1392643213.0
1403544896.0
1413017465.0
1421644528.0
1431644079.0
1442466131.0
1451638579.0
1462154493.0
1473213315.0
1481648202.0
1493407070.0
1503065092.0
1512666486.0
1521666931.0
1531352912.0
1539668175.0
1548666142.0
1557666233.0
1566680127.0
1576678616.0
1586670734.0
1595668701.0
1604386721.0
1615672049.0
1624671433.0
1633669046.0
1643220539.0
1652372814.0
1660682060.0
1670671701.0
1679673561.0
1688363622.0
1696676053.0
1707217804.0
1715675695.0
1724368940.0
1733164822.0
1742603061.0
1752533244.0
1760362580.0
1768689168.0
1778678455.0
1787692349.0
1796391611.0
1804682454.0
1813677944.0
1822680158.0
1832567163.0
1840684941.0
1849681847.0
1859682459.0
1868365441.0
1877479139.0
1887576724.0
1897558225.0
1907608739.0
1917246942.0
1927613503.0
1937544394.0
1947690112.0
1965260993.0
1974557666.0
1984551200.0
1994598883.0
2003689577.0
2012657461.0
2021250903.0
2030688788.0
2040690462.0
2050228152.0
2060371746.0
2069207620.0
2077693825.0
2086691084.0
2106420855.0
2114696833.0
2123697632.0
2132295674.0
2141206578.0
2149692075.0
2158420712.0
2167256940.0
2177209419.0
2185508756.0
2196221802.0
2206231616.0
2216367778.0
2224568726.0
2234631982.0
2244564288.0
2256645928.0
2265250341.0
2275315012.0
2283698227.0
2294220157.0
2303333148.0
2315228274.0
2324368870.0
2332611580.0
2342560166.0
2356391568.0
2365180371.0
2374235319.0
2383239303.0
2392315132.0
2401177904.0
2410695774.0
2419313990.0
2428239050.0
2437700294.0
2448221517.0
2457250275.0
2466572784.0
2476573750.0
2486551712.0
2495214167.0
2504436163.0
2513250448.0
2523238319.0
2531317520.0
2540387687.0
2549199140.0
2558225421.0
2569189393.0
2578238325.0
2586401758.0
2595583054.0
2606514112.0
2615235317.0
2625083037.0
2639227301.0
2648363296.0
2657225714.0
2674227498.0
2682578152.0
2691225389.0
2699379974.0
2708385373.0
2716326193.0
2727181159.0
2735612153.0
2745303442.0
2754584189.0
2764598604.0
2774537988.0
2783175315.0
2792376431.0
2801223276.0
2811242646.0
2820220794.0
2828366531.0
2837238858.0
2845528285.0
2854230732.0
2864378574.0
2873229312.0
2883600475.0
2892225768.0
2900375045.0
2909238524.0
2919255062.0
2927380272.0
2935449564.0
2944239074.0
2953195280.0
2962245273.0
2971209618.0
2980242977.0
2989275275.0
2999241203.0
3007340931.0
3016622739.0
3027621749.0
3038270029.0
3047633945.0
3057251266.0
3067264266.0
3076610487.0
3086547748.0
3096554023.0
3105239128.0
3124622415.0
3134537380.0
3143239827.0
3152293713.0
3161232577.0
3171240621.0
3184265448.0
3193203604.0
3205256223.0
3215247633.0
3224391414.0
3233235074.0
3242308426.0
3251351694.0
3259482921.0
3268359495.0
3277152545.0
3285472055.0
3295206876.0
3305241818.0
3315243492.0
3324230134.0
3332401707.0
3341238289.0
3351241379.0
3362287814.0
3372230030.0
3380354532.0
3389272868.0
3398495572.0
3407310919.0
3416356311.0
3425237132.0
3435247300.0
3444165991.0
3453196872.0
3464594392.0
3473255431.0
3483262768.0
3492163408.0
3503183653.0
3511445121.0
3520308954.0
3530312752.0
3539362037.0
3548329568.0
3557172874.0
3566252596.0
3574396564.0
3584290293.0
3593173592.0
3602144661.0
3611487697.0
3620510439.0
3629426652.0
3639126081.0
3647507173.0
3656573800.0
3665421707.0
3674376850.0
3683313590.0
3696161813.0
3705149517.0
3713537333.0
3722296053.0
3731183952.0
3740370557.0
3748370481.0
3757144419.0
3766187688.0
3775240866.0
3784182915.0
3793205656.0
3802310507.0
3811213978.0
3820220794.0
3829150809.0
3838236194.0
3847246903.0
3855379545.0
3864174718.0
3873270720.0
3881377173.0
3890191458.0
3899205705.0
3907378340.0
3916197934.0
3925158386.0
3933379153.0
3941400312.0
3950189469.0
3968214425.0
3977192927.0
3986338477.0
3996178766.0
4004395640.0
4013182319.0
4022188781.0
4030383358.0
4039210738.0
4047386204.0
4056177838.0
4065151739.0
4073385248.0
4082198825.0
4091202101.0
4099408712.0
4108196807.0
4117168584.0
4125387582.0
4143414308.0
4151388042.0
4160381054.0
4170314422.0
4181407928.0
4190270346.0
4198457491.0
4207405910.0
4216305843.0
4224437423.0
4234297885.0
4243252674.0
4252239316.0
4260393194.0
4269194030.0
4278255702.0
4286400023.0
4294414811.0
4302395270.0
4310395547.0
4319246993.0
4328430413.0
4337230895.0
4345397159.0
4354250375.0
4363304969.0
4372237108.0
4381196499.0
4390251447.0
4399251537.0
4407442576.0
4416213683.0
4424400474.0
4432471889.0
4441272725.0
4450401288.0
4459264413.0
4470641760.0
4479242633.0
4488223258.0
4496501006.0
4504483588.0
4513200900.0
4522306812.0
4531254169.0
4540279034.0
4549141452.0
4558247010.0
4567273291.0
4575406641.0
4584229773.0
4593210045.0
4601408516.0
4610237665.0
4618411715.0
4626414470.0
4634409793.0
4642409716.0
4650409994.0
4659243744.0
4668224016.0
4677225169.0
4685411960.0
4693411883.0
4702252712.0
4710418976.0
4720227058.0
4728413849.0
4737222118.0
4745415634.0
4754295393.0
4762419895.0
4770415926.0
4778418327.0
4786418958.0
4794419589.0
4802416682.0
4810416959.0
4819277961.0
4828303180.0
4837223640.0
4846258768.0
4854420786.0
4862418940.0
4870419925.0
4879269247.0
4887420293.0
4896234224.0
4904562582.0
4913271400.0
4921422092.0
4930249826.0
4939281769.0
4947422905.0
4956244268.0
4965223124.0
4973424780.0
4981423996.0
4990261639.0
4999295352.0
5007426225.0
5016249712.0
5024555773.0
5033236631.0
5041431563.0
5050506330.0
5059285931.0
5067428483.0
5076242060.0
5085236134.0
5094288959.0
5102433280.0
5110430372.0
5118438436.0
5127191847.0
5135431372.0
5157335251.0
5165433563.0
5174250679.0
5182433224.0
5190433501.0
5198433779.0
5206434056.0
5214434687.0
5222453722.0
5231262345.0
5239435687.0
5248265190.0
5257231305.0
5270251531.0
5278450710.0
5287300032.0
5295440107.0
5304252622.0
5312444368.0
5321417562.0
5329439782.0
5338381831.0
5346440858.0
5354440428.0
5362441059.0
5370442398.0
5378441614.0
5386442246.0
5394452433.0
5402446340.0
5410443432.0
5418448664.0
5427209154.0
5436413101.0
5446283472.0
5454445489.0
5462494253.0
5471172280.0
5480402063.0
5488447641.0
5497321030.0
5505448010.0
5513448287.0
5521453166.0
5530389906.0
5538452826.0
5546598209.0
5554449134.0
5566677649.0
5574450713.0
5582450990.0
5590450914.0
5599306253.0
5607520296.0
5616530296.0
5625412179.0
5634458279.0
5642458557.0
5650454587.0
5659321252.0
5668319927.0
5676460355.0
5685249866.0
5693463201.0
5701477282.0
5710295813.0
5719343329.0
5728286440.0
5736459074.0
5744458290.0
5752466000.0
5760459553.0
5769266759.0
5777462399.0
5785459137.0
5794300673.0
5804585834.0
5812466488.0
5820462519.0
5829249552.0
5837465718.0
5845461749.0
5854310718.0
5862462825.0
5870462749.0
5878502665.0
5887350926.0
5895464456.0
5904325458.0
5912471549.0
5920466164.0
5929267000.0
5937466178.0
5945466456.0
5953466380.0
5961470550.0
5978416769.0
5989253686.0
5997477284.0
6006304310.0
6014469159.0
6022470144.0
6031328315.0
6039470513.0
6048271703.0
6056475836.0
6064471866.0
6073258546.0
6081472235.0
6089480652.0
6098323958.0
6107313432.0
6115504116.0
6124299644.0
6132474402.0
6140475387.0
6148475311.0
6156478773.0
6178669324.0
6188472451.0
6197470064.0
6207145428.0
6215474139.0
6224492988.0
6235174535.0
6244168963.0
6252472547.0
6261473346.0
6271159681.0
6279473528.0
6288473973.0
6298279931.0
6306478402.0
6316216054.0
6324475752.0
6334590680.0
6344302850.0
6355405911.0
6364482802.0
6374151795.0
6383160026.0
6391478474.0
6401157023.0
6409490335.0
6418480163.0
6428327175.0
6438192592.0
6447198345.0
6455481756.0
6464481847.0
6474234010.0
6482482383.0
6491482827.0
6501136248.0
6510171376.0
6518484162.0
6528688276.0
6538245785.0
6548307271.0
6558181535.0
6566485827.0
6576217817.0
6585205167.0
6593487515.0
6602487960.0
6612143858.0
6620489558.0
6630648371.0
6640489721.0
6649489812.0
6659226048.0
6668309310.0
6677585809.0
6689272833.0
6698352909.0
6708157805.0
6716494303.0
6727276363.0
6737163368.0
6746070025.0
6755518528.0
6765161331.0
6774730873.0
6784503917.0
6794236615.0
6803169815.0
6811504898.0
6822191400.0
6831286340.0
6841140785.0
6850225108.0
6858498609.0
6867499408.0
6877139025.0
6886638846.0
6896327658.0
6904501001.0
6913501092.0
6923189904.0
6933117963.0
6942110268.0
6952177063.0
6961139284.0
6969503742.0
6979212373.0
6987504631.0
6997215740.0
7006203444.0
7014505966.0
7023509950.0
7033540291.0
7042507114.0
7051508975.0
7061164519.0
7070201063.0
7078508540.0
7087510400.0
7097236374.0
7105509167.0
7114510319.0
7124341406.0
7136411720.0
7144511448.0
7154198137.0
7163210615.0
7171537557.0
7181205134.0
7189519335.0
7199225489.0
7208324677.0
7216518192.0
7225537749.0
7236189921.0
7244515801.0
7254226202.0
7262518815.0
7271517844.0
7281439179.0
7290312922.0
7298517763.0
7308196665.0
7317201003.0
7325521575.0
7335548023.0
7345180562.0
7353520599.0
7363249404.0
7371523259.0
7380521580.0
7390223133.0
7399234196.0
7407525392.0
7417183414.0
7425523805.0
7436387973.0
7445201550.0
7453525307.0
7462525044.0
7472340558.0
7480525933.0
7489526024.0
7499226516.0
7510229773.0
7518528402.0
7528609353.0
7538292148.0
7546572020.0
7555529287.0
7565208897.0
7574208634.0
7583181119.0
7592308974.0
7601533802.0
7611226153.0
7619559820.0
7628654052.0
7638245184.0
7648229162.0
7656533453.0
7666230759.0
7674592739.0
7684249345.0
7693202011.0
7701536032.0
7710536123.0
7720240507.0
7729149995.0
7738327044.0
7746537548.0
7755537639.0
7765195660.0
7775600799.0
7785234754.0
7793540461.0
7802543737.0
7812242813.0
7821258476.0
7829546842.0
7839616114.0
7848629653.0
7856542514.0
7865543666.0
7875643729.0
7887657063.0
7897251734.0
7905544346.0
7915281644.0
7923544882.0
7933584779.0
7942247233.0
7950546216.0
7959550554.0
7969199374.0
7986631874.0
7995619578.0
8004628871.0
8013218065.0
8021559871.0
8031619942.0
8040607292.0
8048551650.0
8058348761.0
8066551478.0
8075552277.0
8085208175.0
8093554583.0
8103245518.0
8111557242.0
8120672356.0
8131742857.0
8140554664.0
8148554942.0
8156558051.0
8164557974.0
8172555420.0
8180556406.0
8188556683.0
8197235064.0
8206236925.0
8215249403.0
8224237814.0
8232559094.0
8240709078.0
8249255094.0
8260250919.0
8269189429.0
8278234821.0
8287250484.0
8296233941.0
8305186961.0
8312697772.0
8320563562.0
8330702201.0
8340241661.0
8348566126.0
8357569756.0
8367320149.0
8376240255.0
8384566135.0
8394351567.0
8403268841.0
8411606755.0
8421237525.0
8430248233.0
8440271496.0
8449222746.0
8457575524.0
8466574200.0
8476315391.0
8485222756.0
8494205505.0
8503279919.0
8512266915.0
8520571914.0
8530238429.0
8539277097.0
8549249750.0
8558263998.0
8566573244.0
8576574210.0
8586363181.0
8595260282.0
8603575191.0
8613233920.0
8622308334.0
8630576172.0
8640264630.0
8648577062.0
8658676770.0
8668287013.0
8676587411.0
8685579008.0
8695287286.0
8703579190.0
8713236858.0
8721586451.0
8731257567.0
8741261010.0
8750318436.0
8758581673.0
8768400372.0
8777267745.0
8785713249.0
8794584160.0
8806178104.0
8814584323.0
8823601756.0
8833625727.0
8842349763.0
8850588580.0
8860281285.0
8868586285.0
8878499126.0
8888489474.0
8899288876.0
8909278870.0
8918310106.0
8927414248.0
8937247812.0
8945589973.0
8955282324.0
8964283123.0
8972594847.0
8981592106.0
8991633773.0
8999591934.0
9009246062.0
9017609104.0
9027315966.0
9037256412.0
9045593972.0
9055300126.0
9063594862.0
9072595661.0
9082375783.0
9091304383.0
9099599119.0
9108596732.0
9118295808.0
9127217683.0
9136606020.0
9146369155.0
9155286429.0
9163599215.0
9173277763.0
9184302963.0
9192607609.0
9201603099.0
9211313146.0
9219626285.0
9228610804.0
9238685739.0
9248424453.0
9256603458.0
9266288731.0
9275308641.0
9283604793.0
9292610546.0
9302305729.0
9311311128.0
9319606926.0
9329676552.0
9339308383.0
9347610905.0
9356610289.0
9366531978.0
9374608347.0
9383612331.0
9393274245.0
9402408117.0
9410610480.0
9420283012.0
9429240987.0
9438287441.0
9447327525.0
9457270449.0
9466404320.0
9474616239.0
9484302574.0
9492618899.0
9502310896.0
9511338946.0
9519615986.0
9529234723.0
9539304703.0
9547616427.0
9558616498.0
9568316636.0
9577242758.0
9586379815.0
9596443070.0
9605335217.0
9613619335.0
9623313102.0
9631619871.0
9641541914.0
9650330363.0
9658621913.0
9667740920.0
9678293996.0
9688311242.0
9697315934.0
9705622703.0
9714624210.0
9724285770.0
9732623684.0
9740703238.0
9749275798.0
9758277305.0
9766626190.0
9774625760.0
9782633115.0
9791334147.0
9800408561.0
9808627558.0
9817246835.0
9825247113.0
9832628391.0
9840631146.0
9848631777.0
9856629223.0
9864629501.0
9873144372.0
9882254885.0
9891359027.0
9899631113.0
9908417792.0
9916632543.0
9924632112.0
9933254221.0
9940646116.0
9948632945.0
9956633576.0
9965283644.0
9974293291.0
9991516626.0
10003320796.0
10011636059.0
10019658633.0
10027717661.0
10036641306.0
10044637336.0
10052637968.0
10061290159.0
10069654616.0
10077693471.0
10087333796.0
10096640025.0
10104645965.0
10113253563.0
10121297018.0
10130304895.0
10138642101.0
10146642024.0
10155191226.0
10164276965.0
10172668673.0
10180643469.0
10188643746.0
10196646855.0
10204645009.0
10212644579.0
10221145294.0
10229646009.0
10238309526.0
10246673983.0
10255331129.0
10263646392.0
10271647377.0
10281393524.0
10289648267.0
10297648544.0
10305649176.0
10313722714.0
10323311014.0
10332318891.0
10340650788.0
10348651065.0
10356650989.0
10365264249.0
10373304873.0
10381654112.0
10389708539.0
10398200406.0
10407306672.0
10415653433.0
10423654773.0
10432316520.0
10440654787.0
10448655419.0
10457074025.0
10466656308.0
10474660125.0
10482679514.0
10490661742.0
10498658480.0
10506658050.0
10514659389.0
10523186294.0
10531682408.0
10540659494.0
10548659064.0
10556660403.0
10564659973.0
10573139099.0
10580660882.0
10588663637.0
10597173907.0
10606327952.0
10614662680.0
10622670390.0
10631296037.0
10640446543.0
10648663771.0
10656664048.0
10664664680.0
10672666727.0
10680665589.0
10689143653.0
10698405996.0
10706666048.0
10714667387.0
10722666957.0
10731343215.0
10739668033.0
10748487627.0
10756668402.0
10765155314.0
10774335194.0
10782669569.0
10790669846.0
10798670478.0
10806670401.0
10817674012.0
10825705080.0
10834671549.0
10842679967.0
10850672458.0
10858673090.0
10866673367.0
10875220445.0
10884360333.0
10892674534.0
10900705956.0
10908674735.0
10916678552.0
10924675644.0
10932683708.0
10941080018.0
10950364303.0
10958677089.0
10966677720.0
10974677998.0
10983283472.0
10992462645.0
11000679165.0
11008679442.0
11016750503.0
11027293315.0
11034691227.0
11042681241.0
11050681518.0
11058681796.0
11066682781.0
11074682705.0
11083198638.0
11094634027.0
11105348842.0
11113684279.0
11121684202.0
11130423103.0
11139355242.0
11148242434.0
11156686168.0
11165582916.0
11174687058.0
11183350928.0
11192556645.0
11200688225.0
11208693457.0
11216700105.0
11225183479.0
11236354846.0
11244689574.0
11252696222.0
11260695792.0
11268691468.0
11276691038.0
11284691670.0
11292691593.0
11300700011.0
11308693210.0
11317338677.0
11325693224.0
11334693315.0
11342693593.0
11350698117.0
11358695209.0
11366694779.0
11374695764.0
11383219838.0
11392698424.0
11401332565.0
11409702331.0
11417697654.0
11427306835.0
11435374356.0
11443698113.0
11452372247.0
11460698836.0
11468700175.0
11476700098.0
11485143479.0
11494374677.0
11502700912.0
11510701189.0
11518702174.0
11527332423.0
11537706063.0
11545710941.0
11553703079.0
11561703356.0
11569703634.0
11578476510.0
11586715681.0
11595549432.0
11604537136.0
11613689057.0
11622547227.0
11631551919.0
11641435739.0
11650523955.0
11659555191.0
11669362918.0
11678392738.0
11686717911.0
11695533965.0
11704718093.0
11713471504.0
11722607499.0
11731688637.0
11741431244.0
11750173330.0
11759576886.0
11768644221.0
11777759688.0
11785730945.0
11794406494.0
11802722111.0
11810722035.0
11818725498.0
11827383351.0
11835730113.0
11843746317.0
11851738808.0
11861391521.0
11869724479.0
11878559999.0
11887657771.0
11897438955.0
11905725905.0
11914570627.0
11923622389.0
11932565854.0
11941487729.0
11950545155.0
11959207609.0
11968725480.0
11977355728.0
11985722309.0
12000723758.0
12008723328.0
12016723252.0
12024723883.0
12033351300.0
12041217089.0
12050413958.0
12059377949.0
12067725773.0
12077272310.0
12085725954.0
12094207558.0
12102267293.0
12110727308.0
12118732187.0
12127405613.0
12135750605.0
12143730001.0
12151731340.0
12160192771.0
12169375129.0
12177730384.0
12185733847.0
12194405503.0
12203425768.0
12213364445.0
12221732795.0
12230404452.0
12238761477.0
12246733441.0
12254734072.0
12262754169.0
12270736751.0
12278740567.0
12286735536.0
12295217847.0
12305394710.0
12313736163.0
12321738918.0
12330490559.0
12338737163.0
12346739210.0
12354742672.0
12362760646.0
12370739334.0
12379275087.0
12388739870.0
12397414358.0
12405740592.0
12413743701.0
12421743271.0
12430741592.0
12438741870.0
12446741793.0
12454742779.0
12463222967.0
12472413464.0
12480748901.0
12488745285.0
12496751225.0
12504744424.0
12512745056.0
12520745687.0
12529208887.0
12538552985.0
12546749332.0
12554746424.0
12562747055.0
12570761843.0
12579422882.0
12588143380.0
12597562507.0
12605752838.0
12613749222.0
12621750208.0
12630466812.0
12638750222.0
12646750500.0
12654751485.0
12663751576.0
12672186463.0
12681374837.0
12689407675.0
12697753021.0
12705757899.0
12713753575.0
12721754207.0
12730525668.0
12739209358.0
12747273340.0
12756397302.0
12764756450.0
12772756374.0
12780756651.0
12788761884.0
12796759330.0
12805169088.0
12814425061.0
12823434354.0
12831758464.0
12839759096.0
12847761497.0
12855759651.0
12863760636.0
12872327180.0
12881412210.0
12889761096.0
12898250485.0
12905764482.0
12913762282.0
12921765391.0
12931442523.0
12939763449.0
12947763727.0
12956360707.0
12964765157.0
12973157927.0
12982434781.0
12990765616.0
12998765894.0
13006766171.0
13014767156.0
13022767080.0
13031448646.0
13039773465.0
13048771078.0
13056768525.0
13065223938.0
13074446997.0
13082772877.0
13090770323.0
13098773786.0
13107111346.0
13114772217.0
13123219137.0
13131771878.0
13140413806.0
13148779325.0
13156773232.0
13164773155.0
13172777326.0
13180774064.0
13188774342.0
13197296292.0
13206427685.0
13214775155.0
13223196947.0
13231452398.0
13240201562.0
13247779263.0
13255778833.0
13264455445.0
13272778140.0
13281232846.0
13292646292.0
13301346262.0
13312779881.0
13320779805.0
13329402975.0
13337443953.0
13346319111.0
13354597567.0
13363725775.0
13372528381.0
13381610227.0
13390536703.0
13400467240.0
13409523604.0
13418699237.0
13428503072.0
13437734270.0
13447536335.0
13456324430.0
13464527148.0
13475476964.0
13484446972.0
13493458388.0
13502320452.0
13510309758.0
13519537063.0
13528553080.0
13537603073.0
13546601395.0
13555689965.0
13564541057.0
13573640598.0
13582480011.0
13591494967.0
13600482671.0
13609293416.0
13617591691.0
13627368275.0
13635470480.0
13644343161.0
13652475803.0
13661470939.0
13671330693.0
13679329201.0
13687348944.0
13695325509.0
13703337819.0
13711350130.0
13719622215.0
13728524625.0
13740366664.0
13748458606.0
13757490195.0
13766326423.0
13774350413.0
13782346089.0
13790327609.0
13798378143.0
13806354708.0
13815657043.0
13824524416.0
13833592105.0
13842726684.0
13851561850.0
13860650420.0
13869595654.0
13878676792.0
13887563629.0
13896670957.0
13905632825.0
13914728827.0
13923552314.0
13932523384.0
13942366149.0
13950348023.0
13958473941.0
13967338836.0
13975349731.0
13983327004.0
13991494684.0
14008738900.0
14017611935.0
14027540703.0
14037327903.0
14046649350.0
14055526986.0
14064643162.0
14073576716.0
14082658208.0
14091555309.0
14100512577.0
14109733865.0
14118571509.0
14128568228.0
14137492935.0
14146633884.0
14155607078.0
14165551771.0
14174351899.0
14182547892.0
14191710785.0
14200530732.0
14209605854.0
14218598512.0
14229390128.0
14237535511.0
14246646377.0
14255537462.0
14264430670.0
14273666116.0
14282589053.0
14291659927.0
14300682669.0
14322454890.0
14331336773.0
14339332096.0
14347560295.0
14357481630.0
14366332369.0
14374343618.0
14382351327.0
14390479369.0
14399481583.0
14408706765.0
14424544164.0
14433615746.0
14442402072.0
14451467991.0
14460249716.0
14469356690.0
14478271133.0
14487257421.0
14496233446.0
14505710616.0
14515521883.0
14524489060.0
14534561163.0
14543319175.0
14552416593.0
14561241495.0
14570299275.0
14579254418.0
14588679209.0
14597319013.0
14606212929.0
14615267169.0
14624409888.0
14633306990.0
14642316636.0
14651375478.0
14660457323.0
14669270900.0
14678229937.0
14687281700.0
14696406369.0
14705260293.0
14714315595.0
14723304714.0
14732698714.0
14741258533.0
14750257562.0
14759261192.0
14768684921.0
14777299597.0
14786244477.0
14795332693.0
14804414185.0
14813254660.0
14821615932.0
14831239977.0
14840335979.0
14849639377.0
14858284136.0
14867638143.0
14876341298.0
14885205485.0
14894641955.0
14903637091.0
14914232637.0
14923682201.0
14933246435.0
14942224229.0
14951223258.0
14960749623.0
14969207160.0
14978221761.0
14987642659.0
14996786440.0
15005210001.0
15014223895.0
15023635237.0
15032581532.0
15042237076.0
15051630014.0
15060615241.0
15069183200.0
15078648337.0
15087442448.0
15097652225.0
15106642406.0
15115252836.0
15123473249.0
15132209672.0
15140362134.0
15149208625.0
15157437532.0
15166526456.0
15175497172.0
15184472489.0
15193435773.0
15201184062.0
15209461456.0
15218474642.0
15227222744.0
15235263014.0
15243477057.0
15252462991.0
15261437954.0
15270491133.0
15279248437.0
15287233496.0
15296753490.0
15305209966.0
15314631217.0
15323639094.0
15332609810.0
15342661032.0
15351226514.0
15360622637.0
15369595123.0
15378241298.0
15387242096.0
15395473835.0
15404416238.0
15413333158.0
15422476231.0
15431475261.0
15440342279.0
15448500757.0
15457208159.0
15465242059.0
15473467073.0
15482316750.0
15490235273.0
15498301378.0
15506697334.0
15515340678.0
15525192291.0
15533212388.0
15541190369.0
15549442988.0
15558249487.0
15566229591.0
15574233408.0
15583486903.0
15592477792.0
15601189795.0
15609444539.0
15618512582.0
15627239095.0
15635231586.0
15645155045.0
15653468892.0
15662241061.0
15670235676.0
15678245155.0
15686250742.0
15694238986.0
15702245280.0
15710228215.0
15719490912.0
15728607088.0
15737227780.0
15745214609.0
15753192236.0
15761260465.0
15769193145.0
15777202978.0
15785240771.0
15793188668.0
15802577006.0
15811245831.0
15819263096.0
15827431484.0
15835500775.0
15844256664.0
15852216241.0
15860352068.0
15869237844.0
15877212286.0
15885302458.0
15894112496.0
15902228150.0
15910254618.0
15918294180.0
15927167569.0
15935478585.0
15944346665.0
15953217576.0
15961194849.0
15969288561.0
15978607530.0
15987486936.0
15996221589.0
16004374051.0
16021443433.0
16030240376.0
16038506445.0
16047592537.0
16056463095.0
16065441243.0
16073215014.0
16081609554.0
16090320849.0
16098527460.0
16108652297.0
16117205038.0
16127148316.0
16136768822.0
16145652474.0
16154322008.0
16163645224.0
16172763169.0
16181217875.0
16192239890.0
16201605222.0
16210236179.0
16219253611.0
16229234050.0
16238233080.0
16247748827.0
16256352177.0
16265673270.0
16274344219.0
16283237428.0
16292786443.0
16301631164.0
16310234161.0
16319648688.0
16329271318.0
16338245927.0
16347285656.0
16356655944.0
16367587710.0
16376800504.0
16385222650.0
16394299895.0
16403644346.0
16412370506.0
16421638866.0
16430479340.0
16440219116.0
16449618425.0
16458738493.0
16467236377.0
16476635686.0
16485607109.0
16494249037.0
16503232140.0
16512721697.0
16521291426.0
16531253461.0
16540240103.0
16549199848.0
16560690802.0
16569196826.0
16578257082.0
16588243892.0
16597483938.0
16606240181.0
16614721430.0
16623133666.0
16631600052.0
16640355586.0
16649284894.0
16657460006.0
16666339766.0
16675257040.0
16683488425.0
16692217416.0
16700354305.0
16709466942.0
16718485790.0
16727434917.0
16735525089.0
16744260805.0
16752254712.0
16761446979.0
16770253478.0
16778320646.0
16786275622.0
16794341374.0
16803238475.0
16811240522.0
16819258142.0
16827510053.0
16836219579.0
16844363901.0
16853221009.0
16861200406.0
16869203161.0
16877229628.0
16885215395.0
16893306275.0
16902501728.0
16913473486.0
16922341920.0
16930250179.0
16938313454.0
16946236578.0
16954328873.0
16962255536.0
16970296514.0
16979487012.0
16988355092.0
16997280507.0
17005446417.0
17013444925.0
17021475993.0
17030605264.0
17039504135.0
17048480867.0
17057525905.0
17066423007.0
17074364888.0
17082699262.0
17091700769.0
17100552215.0
17109788014.0
17118591328.0
17128625916.0
17137523725.0
17146792793.0
17155601415.0
17164566822.0
17173648668.0
17182575498.0
17191768119.0
17200575680.0
17209649385.0
17218556750.0
17227237963.0
17235245672.0
17243255506.0
17251384609.0
17260253043.0
17268225361.0
17276406489.0
17285540007.0
17294239977.0
17302258658.0
17311256979.0
17319488718.0
17328224080.0
17336355660.0
17345226571.0
17353449462.0
17361200937.0
17369491072.0
17378517352.0
17387503641.0
17396604244.0
17405481526.0
17414484802.0
17423492325.0
17435249424.0
17443505583.0
17452551329.0
17461592474.0
17470495946.0
17479509840.0
17488487988.0
17497499404.0
17506497018.0
17515511265.0
17524488706.0
17533480656.0
17542492781.0
17551504197.0
17560509597.0
17569446337.0
17577210198.0
17585475559.0
17594583594.0
17603482465.0
17612693136.0
17621569710.0
17630488401.0
17639491323.0
17648605375.0
17657487258.0
17667383465.0
17675503012.0
17684602553.0
17693476650.0
17702487359.0
17711560002.0
17720525410.0
17729246261.0
17738309349.0
17747290682.0
17757086731.0
17766283953.0
17775245113.0
17784754490.0
17793203887.0
17802766351.0
17811761487.0
17821216006.0
17831252364.0
17840364293.0
17849640438.0
17858660703.0
17867253436.0
17876361471.0
17885650358.0
17894666375.0
17903656910.0
17912356172.0
17921259644.0
17930561980.0
17939243546.0
17947315315.0
17955247286.0
17963244378.0
17971259166.0
17981224033.0
17989207323.0
17997266704.0
18005233006.0
18013191167.0
18030507229.0
18039486439.0
18048234895.0
18056363998.0
18065235972.0
18073210059.0
18081205736.0
18089230787.0
18097254423.0
18105326192.0
18114506426.0
18123493068.0
18132471216.0
18141206932.0
18149229152.0
18157216689.0
18165780047.0
18174262712.0
18182507900.0
18191247862.0
18199258403.0
18207250541.0
18215246571.0
18223279763.0
18231363211.0
18240479386.0
18249206962.0
18257267051.0
18265211410.0
18273211687.0
18281238508.0
18289222152.0
18297328604.0
18306679072.0
18315251632.0
18324637492.0
18334380453.0
18343280740.0
18354521829.0
18364256650.0
18373620213.0
18382675161.0
18391287713.0
18400664017.0
18409209680.0
18418687912.0
18428484314.0
18437241973.0
18446249142.0
18455725250.0
18464360453.0
18473235966.0
18482679160.0
18491677481.0
18500380283.0
18509232083.0
18518654042.0
18527435413.0
18536630157.0
18546679256.0
18555653157.0
18564252261.0
18573210236.0
18582265538.0
18592258718.0
18601622281.0
18610255361.0
18619284827.0
18630799493.0
18640226761.0
18649213049.0
18658672169.0
18667293216.0
18676252961.0
18685619001.0
18694668640.0
18703282962.0
18712249785.0
18721626089.0
18733535726.0
18743674365.0
18752389554.0
18761654020.0
18770692688.0
18779250738.0
18788417877.0
18797711719.0
18806249949.0
18815665183.0
18824625990.0
18836703737.0
18845234889.0
18854666403.0
18863799567.0
18872370357.0
18881235960.0
18890727641.0
18900286566.0
18909383276.0
18918532365.0
18928798061.0
18938635164.0
18947581106.0
18956646671.0
18965522184.0
18974523336.0
18983521304.0
18992642788.0
19001509099.0
19010518037.0
19019527330.0
19028374883.0
19037307022.0
19046249425.0
19055300834.0
19064441076.0
19073289690.0
19082316679.0
19091305091.0
19102435404.0
19111365419.0
19120432400.0
19129554946.0
19138272258.0
19147513366.0
19156297214.0
19165277132.0
19174266959.0
19183356591.0
19192321998.0
19201237857.0
19210328197.0
19219361202.0
19228618590.0
19237278214.0
19246269811.0
19255405805.0
19264375459.0
19273249202.0
19282318661.0
19291462796.0
19300310349.0
19309255229.0
19318283987.0
19328409178.0
19337303448.0
19346303893.0
19355374767.0
19364473247.0
19373311244.0
19382263556.0
19391333722.0
19409438664.0
19418468837.0
19428263470.0
19437420700.0
19446321341.0
19455305505.0
19464299934.0
19475401580.0
19484475993.0
19493347966.0
19502280459.0
19511466710.0
19520469986.0
19529611644.0
19538274452.0
19547470967.0
19556478844.0
19565317195.0
19574269154.0
19583355600.0
19593494240.0
19602543879.0
19611528398.0
19620536983.0
19629504513.0
19639644922.0
19648386655.0
19656511157.0
19665493198.0
19674661045.0
19683606633.0
19692535941.0
19701491084.0
19710553818.0
19719546477.0
19728220965.0
19737404739.0
19746332631.0
19755403505.0
19764347323.0
19773419613.0
19782347505.0
19791342995.0
19800311587.0
19811427036.0
19820595591.0
19829770871.0
19839543561.0
19848517462.0
19857493841.0
19866729286.0
19875533307.0
19884525966.0
19893519686.0
19902558354.0
19911532609.0
19920803446.0
19930799458.0
19942538153.0
19951567973.0
19960585405.0
19969512944.0
19978600098.0
19987574707.0
19996549316.0
