4418998.0
13151883.0
21501829.0
30502274.0
39500596.0
48502102.0
57501131.0
66505823.0
75120853.0
99452597.0
108506838.0
122404422.0
133505714.0
142574819.0
152100121.0
161569859.0
170515447.0
180161789.0
190158862.0
200399430.0
210089657.0
219432693.0
228574705.0
237552499.0
246527108.0
255431287.0
264572237.0
273572682.0
282555431.0
291526501.0
300588173.0
309546502.0
319125600.0
327513416.0
336513861.0
345513952.0
354517582.0
362522106.0
370521676.0
379515042.0
388515841.0
397516640.0
406516731.0
416177230.0
425518496.0
435077421.0
444518845.0
453538402.0
463155015.0
472127146.0
480524872.0
490116357.0
498523992.0
508118662.0
517599018.0
527103085.0
536109193.0
544522845.0
554237139.0
563140964.0
573191125.0
582531329.0
592151835.0
600578936.0
611207042.0
622132083.0
632526251.0
641528111.0
651087744.0
659527939.0
669122609.0
677528829.0
686529274.0
696146949.0
705611732.0
714537146.0
724138541.0
732535205.0
742125628.0
751098467.0
759532292.0
769156692.0
777534952.0
787096354.0
796500263.0
805602636.0
816204198.0
824539988.0
842258807.0
850559205.0
859535938.0
868197685.0
876538076.0
885537105.0
895091783.0
903545781.0
912545164.0
922133818.0
932129829.0
940539942.0
950247511.0
959118423.0
967540922.0
976542783.0
986249998.0
995132589.0
1004227176.0
1014481900.0
1023100469.0
1031544204.0
1040637021.0
1050122331.0
1059112866.0
1067567926.0
1077157641.0
1086131897.0
1094547318.0
1104157914.0
1113554038.0
1122561915.0
1132254266.0
1140559973.0
1150557046.0
1160220376.0
1171167361.0
1193320396.0
1201559921.0
1210566383.0
1222635989.0
1232223227.0
1240560079.0
1249560524.0
1258562031.0
1268231731.0
1276562921.0
1285563012.0
1295223864.0
1303563193.0
1313181222.0
1321564083.0
1331332526.0
1340564786.0
1350209005.0
1358565322.0
1370344364.0
1380646513.0
1390569971.0
1400230470.0
1408567676.0
1417568829.0
1427234282.0
1435568656.0
1444569455.0
1454346392.0
1464641109.0
1474576601.0
1484260104.0
1492571474.0
1502361860.0
1510572364.0
1523203282.0
1533266891.0
1541576138.0
1551214340.0
1559580920.0
1569308309.0
1578303092.0
1586575885.0
1596265758.0
1607461192.0
1616605327.0
1626232557.0
1635147355.0
1644286889.0
1652578439.0
1662258049.0
1673095674.0
1682601157.0
1690582677.0
1700286707.0
1713318613.0
1721581850.0
1731220406.0
1739605036.0
1749277214.0
1758232712.0
1766583366.0
1776275010.0
1787453455.0
1797248796.0
1805585294.0
1815219603.0
1823586892.0
1833291630.0
1842235094.0
1850587165.0
1859587609.0
1869255186.0
1877588145.0
1887217499.0
1897620514.0
1908272687.0
1916589719.0
1926242078.0
1934590963.0
1943591762.0
1953259693.0
1961597960.0
1971230145.0
1982323297.0
1991593426.0
2001265958.0
2010246584.0
2019229333.0
2027616087.0
2037263137.0
2046265705.0
2055231112.0
2065493269.0
2075256049.0
2084386381.0
2094250382.0
2102597851.0
2113253209.0
2123465463.0
2133303274.0
2141599425.0
2151240459.0
2159612348.0
2169292666.0
2177603328.0
2187234806.0
2207628170.0
2216603133.0
2226332645.0
2234607915.0
2244352646.0
2252604912.0
2262263995.0
2272664887.0
2282606041.0
2292306886.0
2300607639.0
2310273446.0
2319245224.0
2327608265.0
2337277612.0
2348280869.0
2357292285.0
2365611441.0
2375273356.0
2383609854.0
2392610653.0
2402517123.0
2410611896.0
2423191850.0
2434613436.0
2444314636.0
2452612911.0
2462413206.0
2473219332.0
2482617933.0
2492291880.0
2500615283.0
2510415225.0
2519283659.0
2527616264.0
2536617417.0
2546493450.0
2557228085.0
2566618546.0
2576302049.0
2584619081.0
2594536523.0
2602620679.0
2613264003.0
2621620674.0
2630620765.0
2640315948.0
2651507842.0
2661304953.0
2669640389.0
2679292394.0
2687623583.0
2697298946.0
2705630489.0
2714624564.0
2726363613.0
2735625956.0
2745309813.0
2755253798.0
2763650816.0
2776269347.0
2788318781.0
2796632274.0
2806388684.0
2815272337.0
2823629362.0
2833365952.0
2850628219.0
2860337912.0
2868634771.0
2878444977.0
2886632476.0
2896317749.0
2904634073.0
2919129422.0
2928641276.0
2939313268.0
2947635609.0
2958293798.0
2966636312.0
2976339989.0
2987498615.0
2997315191.0
3007002941.0
3015637791.0
3025334743.0
3033638680.0
3043289269.0
3051661513.0
3061342185.0
3072228649.0
3081308018.0
3089643808.0
3099641235.0
3109339249.0
3118321644.0
3126645047.0
3136330674.0
3148643775.0
3158442655.0
3166644311.0
3176329230.0
3184660065.0
3194443727.0
3205280997.0
3214647037.0
3228449064.0
3239508240.0
3249329417.0
3257653882.0
3267294207.0
3275665035.0
3284643183.0
3293642212.0
3302642657.0
3311643102.0
3323360916.0
3333389488.0
3342334368.0
3350644676.0
3360365694.0
3369348443.0
3377646718.0
3386655303.0
3396380569.0
3405350931.0
3414340404.0
3424361544.0
3433405874.0
3441648584.0
3451320762.0
3459654783.0
3469387834.0
3478528076.0
3488334034.0
3497335187.0
3505666022.0
3518472129.0
3526660690.0
3536334638.0
3547185711.0
3556397090.0
3564661742.0
3574665540.0
3584378064.0
3592663245.0
3602524060.0
3613358499.0
3622247106.0
3631364697.0
3639670405.0
3649595987.0
3659338240.0
3667670491.0
3677357179.0
3685671735.0
3695332233.0
3706250904.0
3715285325.0
3724366109.0
3733404777.0
3741669076.0
3751315772.0
3760344176.0
3769261451.0
3779279405.0
3791339810.0
3799671707.0
3808672152.0
3817676136.0
3827334865.0
3835673133.0
3844674639.0
3854461132.0
3862676591.0
3872632610.0
3884514287.0
3895311565.0
3903676376.0
3918653405.0
3928353896.0
3936677299.0
3947347167.0
3955684019.0
3965346995.0
3973682785.0
3983380799.0
3994276820.0
4003329998.0
4013357508.0
4021682327.0
4031352381.0
4039682155.0
4052337493.0
4062419152.0
4071531434.0
4081369953.0
4091436748.0
4101363391.0
4110421171.0
4119337384.0
4127686622.0
4137355261.0
4145686450.0
4155320052.0
4166395154.0
4175387458.0
4183687857.0
4193198649.0
4202474087.0
4211324471.0
4221360829.0
4243089519.0
4252368850.0
4261229852.0
4271208167.0
4280362920.0
4289229230.0
4298337620.0
4309285666.0
4319223635.0
4328363877.0
4337213199.0
4346479435.0
4355409451.0
4364243909.0
4373377072.0
4384301052.0
4393383252.0
4402281769.0
4414242723.0
4423347927.0
4432234411.0
4441398365.0
4452289077.0
4461374108.0
4470211751.0
4479332882.0
4488249095.0
4497365270.0
4506208222.0
4515204420.0
4526510983.0
4536431257.0
4545238463.0
4554378705.0
4563196175.0
4572393751.0
4581286960.0
4590365266.0
4599210696.0
4608400486.0
4617264319.0
4626436413.0
4635198319.0
4644399434.0
4653232476.0
4662362455.0
4671199744.0
4680550212.0
4689386086.0
4698217005.0
4707352646.0
4716421750.0
4725387512.0
4734220554.0
4743339915.0
4756378544.0
4766360399.0
4775376770.0
4784388186.0
4793235739.0
4802605319.0
4814423291.0
4823379143.0
4832253240.0
4841244483.0
4858077449.0
4867351117.0
4876295643.0
4885421020.0
4894344665.0
4903350419.0
4914327486.0
4923559392.0
4933443212.0
4942275193.0
4951364117.0
4960243522.0
4970356680.0
4979391101.0
4990469742.0
5000414436.0
5009245709.0
5018364008.0
5027468858.0
5036239611.0
5045391532.0
5054365433.0
5063381450.0
5074352501.0
5083393646.0
5092390906.0
5101418956.0
5110252707.0
5119366405.0
5128586985.0
5138579104.0
5147239789.0
5156388171.0
5165242094.0
5174514701.0
5183279084.0
5192402337.0
5203264382.0
5213442306.0
5222606614.0
5232405494.0
5241243138.0
5250481060.0
5264227877.0
5273240355.0
5282613119.0
5292425802.0
5305674304.0
5315241369.0
5324408862.0
5333282251.0
5342502124.0
5351233239.0
5360389761.0
5371220307.0
5380402311.0
5389259419.0
5399229595.0
5408387886.0
5417407443.0
5426465222.0
5436615541.0
5446397787.0
5455217734.0
5464398677.0
5473430974.0
5483276571.0
5492395224.0
5501251625.0
5510509367.0
5519381694.0
5528252251.0
5537395679.0
5547353113.0
5556267910.0
5565391164.0
5574226330.0
5583411873.0
5592261550.0
5601385865.0
5610225632.0
5619212628.0
5628418344.0
5637244662.0
5646394814.0
5655208037.0
5664406321.0
5673401457.0
5682286879.0
5691355276.0
5700265472.0
5709254592.0
5718239464.0
5727369089.0
5736262297.0
5745400061.0
5754232396.0
5763094106.0
5774420488.0
5783426242.0
5792242296.0
5801394218.0
5810424037.0
5819234783.0
5833366306.0
5843389923.0
5852253048.0
5861252078.0
5870508758.0
5879233148.0
5888391086.0
5897264829.0
5906571057.0
5917344976.0
5927402569.0
5936251184.0
5945247736.0
5954571660.0
5963234469.0
5972398423.0
5981268273.0
5990593259.0
6003418123.0
6013060218.0
6022491733.0
6031406530.0
6040136583.0
6049158263.0
6059425374.0
6068168876.0
6077189494.0
6087508631.0
6099283072.0
6108410218.0
6117480739.0
6126270250.0
6135359173.0
6144268662.0
6153397932.0
6162289725.0
6171372986.0
6184351804.0
6193420908.0
6202254305.0
6211372958.0
6221406484.0
6230420732.0
6239384369.0
6248249618.0
6257401539.0
6278571042.0
6288413807.0
6297253574.0
6306485480.0
6315228982.0
6325412923.0
6336294787.0
6345389373.0
6354115887.0
6364472539.0
6373154459.0
6382136854.0
6391100492.0
6400136328.0
6409159424.0
6418456451.0
6427099794.0
6436165713.0
6445148108.0
6454137582.0
6463406295.0
6472142719.0
6481155197.0
6490449392.0
6499433203.0
6508163610.0
6517401532.0
6527448508.0
6536171482.0
6545134766.0
6556459733.0
6565150855.0
6574450713.0
6583154222.0
6592141926.0
6601490978.0
6610521506.0
6619343223.0
6629453903.0
6638624936.0
6647118927.0
6656135652.0
6665445419.0
6674309606.0
6683471083.0
6692133538.0
6701143893.0
6710575761.0
6719679550.0
6729140794.0
6738516390.0
6747412783.0
6756634780.0
6766259533.0
6775364383.0
6784259361.0
6793415883.0
6802329618.0
6813695640.0
6823397193.0
6832405070.0
6841301463.0
6851395155.0
6868408973.0
6877269975.0
6887243689.0
6896415076.0
6907226156.0
6916422317.0
6925383123.0
6935147673.0
6944139978.0
6953385333.0
6962313933.0
6971124325.0
6980136803.0
6989140079.0
6998251299.0
7007121857.0
7016684321.0
7026118667.0
7035102832.0
7044468164.0
7053450560.0
7062122216.0
7071176456.0
7080468882.0
7089157527.0
7098189470.0
7109668037.0
7118984883.0
7127124249.0
7136453483.0
7145459236.0
7154318115.0
7163125321.0
7172465172.0
7181157709.0
7190633110.0
7200164075.0
7210150531.0
7219650706.0
7229139909.0
7238280859.0
7247435257.0
7256450920.0
7265139565.0
7274254325.0
7283481630.0
7292149040.0
7301164703.0
7310567904.0
7319681956.0
7329147447.0
7338380769.0
7347104451.0
7356154798.0
7365150289.0
7374127729.0
7383139853.0
7392154101.0
7401157023.0
7410124200.0
7419347612.0
7428158004.0
7437139691.0
7446123856.0
7455116160.0
7464154474.0
7473138993.0
7484075360.0
7493146234.0
7502257101.0
7511132967.0
7521224890.0
7530435915.0
7539105448.0
7548469011.0
7557150931.0
7566154207.0
7575416904.0
7584504766.0
7593143155.0
7602500347.0
7611105468.0
7621588114.0
7631439728.0
7640140405.0
7649450881.0
7658253841.0
7667444692.0
7679212409.0
7688149502.0
7697149947.0
7706307177.0
7715391854.0
7724142434.0
7733298602.0
7742259762.0
7751131736.0
7760144921.0
7769386737.0
7778581128.0
7787134931.0
7796144223.0
7805147854.0
7814545393.0
7824477699.0
7833496547.0
7842128566.0
7851418514.0
7862262863.0
7871133420.0
7880155100.0
7889144220.0
7898260041.0
7907136261.0
7917495037.0
7927661282.0
7937145177.0
7946577753.0
7955451142.0
7964144388.0
7973147664.0
7982573516.0
7991136874.0
8000465754.0
8009145904.0
8018602193.0
8028509018.0
8037152007.0
8046464606.0
8055111135.0
8064160420.0
8073462756.0
8082508148.0
8091110083.0
8100172817.0
8109476214.0
8119243242.0
8128402595.0
8137164500.0
8146150789.0
8155119027.0
8164154510.0
8173175482.0
8182191853.0
8191145935.0
8200165845.0
8209179031.0
8218402089.0
8227111615.0
8239124241.0
8248462676.0
8257161230.0
8267136714.0
8276146007.0
8285204848.0
8294273953.0
8303406055.0
8313364551.0
8322129287.0
8331160877.0
8340166985.0
8349149380.0
8358134252.0
8367110985.0
8376185752.0
8385157176.0
8394128599.0
8403110995.0
8415202544.0
8424330753.0
8433198479.0
8442138050.0
8451117614.0
8460184241.0
8469147171.0
8478133813.0
8487109484.0
8496163016.0
8505167354.0
8514475352.0
8523119758.0
8532165504.0
8541152146.0
8550178427.0
8559116582.0
8568163744.0
8577152864.0
8586142337.0
8595113761.0
8606277696.0
8615394225.0
8624168872.0
8633188074.0
8642381757.0
8651134815.0
8660148354.0
8669156585.0
8678283378.0
8687132701.0
8696150842.0
8705152348.0
8714522282.0
8723141205.0
8732147312.0
8741157313.0
8750268180.0
8759279596.0
8768149800.0
8777152722.0
8788168720.0
8797171996.0
8806159346.0
8815364709.0
8824158466.0
8833203151.0
8842154401.0
8851119101.0
8860292965.0
8877403047.0
8886158228.0
8895110894.0
8904167258.0
8913154962.0
8922135233.0
8931119752.0
8940188857.0
8949158865.0
8958133828.0
8967111268.0
8978337492.0
8987143283.0
8996152222.0
9005466591.0
9015117534.0
9024486051.0
9033196639.0
9042137626.0
9051427574.0
9060501280.0
9069155241.0
9078446605.0
9087423337.0
9096166131.0
9105159144.0
9114683031.0
9124167279.0
9133320970.0
9143470227.0
9152461470.0
9161168164.0
9170666923.0
9179150650.0
9188466081.0
9197470065.0
9206267715.0
9215402295.0
9225468027.0
9234136853.0
9243118186.0
9252171719.0
9261156237.0
9270134739.0
9279112180.0
9288167835.0
9297174651.0
9306229953.0
9315418681.0
9324196512.0
9333196603.0
9342139360.0
9353162082.0
9362330991.0
9371148108.0
9380156693.0
9389159615.0
9398287470.0
9407273050.0
9416166966.0
9425157501.0
9434275093.0
9443283677.0
9452176886.0
9461160696.0
9470270148.0
9479137520.0
9488157430.0
9497160352.0
9506386242.0
9515391288.0
9524158148.0
9533215573.0
9542288571.0
9552419071.0
9561162572.0
9570258575.0
9579175141.0
9588187265.0
9597153380.0
9606138607.0
9615369097.0
9624186567.0
9633473684.0
9642142510.0
9651124905.0
9660171359.0
9669406096.0
9679125699.0
9688474398.0
9697668789.0
9707413873.0
9717310788.0
9726408206.0
9735236648.0
9744456521.0
9753277176.0
9762511206.0
9771308503.0
9780288774.0
9789270462.0
9798404687.0
9809310617.0
9818442011.0
9827030851.0
9835175526.0
9844443532.0
9853292147.0
9863267277.0
9872429108.0
9881282323.0
9890648364.0
9903612671.0
9913600188.0
9923425966.0
9932296524.0
9941428625.0
9951237769.0
9960439592.0
9971316501.0
9980423829.0
9989339688.0
9998537972.0
10007266963.0
10016279795.0
10025453305.0
10034490557.0
10044700334.0
10054425953.0
10063245193.0
10072431444.0
10081314388.0
10091421175.0
10100422682.0
10109281914.0
10118418263.0
10129373387.0
10139439828.0
10148288797.0
10157282163.0
10166542383.0
10175298625.0
10184431789.0
10193278634.0
10202543101.0
10214471141.0
10224299750.0
10233467597.0
10242514405.0
10253434138.0
10262393882.0
10271416978.0
10282321138.0
10291392367.0
10300426080.0
10309305485.0
10318279740.0
10327390253.0
10336274613.0
10350125835.0
10359386408.0
10368297312.0
10377427290.0
10386322622.0
10395397035.0
10406525579.0
10416310656.0
10425437803.0
10434339505.0
10443400116.0
10452297571.0
10461427195.0
10470261654.0
10479387739.0
10490657495.0
10500726059.0
10511435919.0
10521436178.0
10530525456.0
10539486970.0
10549493245.0
10558287002.0
10567390437.0
10578360780.0
10587008016.0
10595637203.0
10605430066.0
10614417416.0
10623249043.0
10632450866.0
10641547930.0
10651392820.0
10660287090.0
10669465908.0
10678280901.0
10687392122.0
10697642599.0
10707398655.0
10716450064.0
10725288415.0
10734422286.0
10743425562.0
10752296828.0
10761429637.0
10771015814.0
10779241890.0
10788499278.0
10799650118.0
10809432010.0
10819246816.0
10828458195.0
10837301855.0
10847273800.0
10856427491.0
10867297676.0
10884490574.0
10893279731.0
10902410417.0
10911246291.0
10920447760.0
10929285050.0
10938410427.0
10950172127.0
10959014017.0
10967630463.0
10979427908.0
10988308375.0
10997432691.0
11006404115.0
11015287059.0
11026396491.0
11035394105.0
11044441975.0
11053457992.0
11063422859.0
11072283507.0
11081438259.0
11090461000.0
11099420037.0
11110314996.0
11119259522.0
11128460637.0
11137300404.0
11148386832.0
11158436638.0
11167244553.0
11176444960.0
11187333195.0
11196448308.0
11205290907.0
11214432564.0
11223251096.0
11232309937.0
11242296747.0
11251262508.0
11260437787.0
11269302682.0
11279629959.0
11289430255.0
11298361686.0
11307438223.0
11316451763.0
11325308871.0
11334492291.0
11343248534.0
11352448941.0
11374559153.0
11383290267.0
11392459884.0
11401308853.0
11411638253.0
11422438716.0
11431253709.0
11440439960.0
11449304147.0
11459636733.0
11469434905.0
11478277149.0
11487414206.0
11496304937.0
11509401609.0
11519333561.0
11528438765.0
11537434963.0
11546406387.0
11555289686.0
11564458241.0
11573289514.0
11582558935.0
11593368600.0
11603456275.0
11613621813.0
11623484044.0
11633324332.0
11642552699.0
11651309295.0
11660319296.0
11669444673.0
11681107984.0
11690590463.0
11700455171.0
11709292815.0
11718273794.0
11727424654.0
11736310784.0
11745510837.0
11754984114.0
11767423917.0
11776444536.0
11785308015.0
11795282083.0
11804435420.0
11814471778.0
11824674122.0
11834555465.0
11843566881.0
11853437960.0
11862440529.0
11871261538.0
11880454867.0
11889288263.0
11898281984.0
11907437798.0
11916650947.0
11926440271.0
11937323550.0
11947249840.0
11956451663.0
11965304171.0
11974447244.0
11983291612.0
11992445303.0
12003386979.0
12013436077.0
12022295310.0
12031435551.0
12040454754.0
12049366012.0
12059444840.0
12068441391.0
12077317966.0
12086553765.0
12097352458.0
12107447566.0
12116444472.0
12125510037.0
12135252291.0
12144452698.0
12153447481.0
12163617619.0
12173454368.0
12182416590.0
12191447825.0
12200289716.0
12209452962.0
12223308430.0
12232448672.0
12241320999.0
12251463178.0
12260340814.0
12269449911.0
12278409302.0
12287453632.0
12298334080.0
12307448486.0
12316453532.0
12325331168.0
12335523249.0
12345450955.0
12354388756.0
12363453968.0
12374478460.0
12388401172.0
12401351323.0
12410567657.0
12419471836.0
12428312311.0
12437312048.0
12446567313.0
12455305506.0
12464455303.0
12473319844.0
12482658279.0
12493688788.0
12503466079.0
12513205147.0
12522463243.0
12531273989.0
12540463071.0
12549350970.0
12558460068.0
12569255576.0
12578522520.0
12588494111.0
12597292823.0
12606531454.0
12615534730.0
12624426523.0
12635650270.0
12645464014.0
12654280422.0
12663465258.0
12672315288.0
12681464732.0
12690338121.0
12699466683.0
12711364287.0
12722493538.0
12733349920.0
12743315848.0
12752325495.0
12761472461.0
12770520685.0
12780698963.0
12790473423.0
12799259748.0
12808471835.0
12817495285.0
12827598887.0
12836298857.0
12845479091.0
12856393869.0
12866673721.0
12876483573.0
12893463414.0
12902293625.0
12911172323.0
12920183031.0
12929459177.0
12942337482.0
12951512408.0
12961487184.0
12970310317.0
12979479934.0
12988303421.0
12997480470.0
13006302895.0
13015264763.0
13026426220.0
13035471967.0
13044314211.0
13053482058.0
13062488166.0
13071262812.0
13080480561.0
13089299801.0
13098481451.0
13109642909.0
13119497000.0
13128329688.0
13137507445.0
13146353583.0
13155489577.0
13164317665.0
13173486928.0
13184351096.0
13193487091.0
13202481519.0
13211497182.0
13221308096.0
13230508857.0
13239263330.0
13248486388.0
13260398856.0
13270495734.0
13279267549.0
13288493438.0
13297321526.0
13307499096.0
13316496356.0
13325303563.0
13334592095.0
13345378756.0
13355167372.0
13364189052.0
13373184542.0
13382300010.0
13391174460.0
13400188000.0
13409201894.0
13418154914.0
13426253580.0
13435148558.0
13444203860.0
13453206428.0
13462188469.0
13471155646.0
13480192898.0
13489218117.0
13498187064.0
13507149286.0
13516506832.0
13525203971.0
13534215033.0
13543151419.0
13552190795.0
13561206104.0
13570279809.0
13579206994.0
13588208500.0
13597201513.0
13606188509.0
13615494030.0
13624206387.0
13633255672.0
13642196305.0
13653137273.0
13662169570.0
13671150904.0
13680211514.0
13689190016.0
13698266553.0
13707174626.0
13716496073.0
13725243822.0
13734173129.0
13743152693.0
13752198439.0
13761220827.0
13770169246.0
13779245075.0
13788206589.0
13797189692.0
13806171379.0
13815509460.0
13824276675.0
13834344177.0
13846524914.0
13855496337.0
13864559425.0
13874686740.0
13883212583.0
13892501115.0
13901192591.0
13910303458.0
13919485462.0
13928499002.0
13937189416.0
13946553333.0
13956203922.0
13966673119.0
13975464400.0
13984195514.0
13993206931.0
14002570140.0
14011158980.0
14021199585.0
14030651981.0
14039518999.0
14048219677.0
14057545725.0
14066684197.0
14075176418.0
14084264988.0
14093511405.0
14102306932.0
14111489998.0
14121194028.0
14130232696.0
14139471681.0
14148243142.0
14157499468.0
14166173602.0
14175174755.0
14184521330.0
14193499124.0
14202173258.0
14211477717.0
14223636511.0
14233537319.0
14242415662.0
14251534315.0
14260316040.0
14270570764.0
14279306126.0
14288532723.0
14299319383.0
14308537841.0
14317593143.0
14326312224.0
14335536344.0
14344436277.0
14353543250.0
14362335238.0
14371540955.0
14382339294.0
14391580756.0
14400545809.0
14409327534.0
14425091673.0
14434612729.0
14443364724.0
14453315434.0
14462582024.0
14471299690.0
14480543629.0
14491322150.0
14500544500.0
14509337550.0
14518548221.0
14527269780.0
14536546633.0
14545409405.0
14556387888.0
14566549886.0
14577323097.0
14586549341.0
14595273377.0
14604581729.0
14616391561.0
14626415178.0
14635547988.0
14644316971.0
14653554540.0
14662553923.0
14671279729.0
14680550920.0
14691395269.0
14700578334.0
14709315819.0
14718292198.0
14727555249.0
14736325648.0
14745555431.0
14754403338.0
14763566938.0
14772331675.0
14781556502.0
14790296111.0
14799564116.0
14810563834.0
14821624780.0
14830318379.0
14839580722.0
14848312899.0
14857567101.0
14868395524.0
14877561248.0
14886298379.0
14903309011.0
14912565337.0
14922570550.0
14935482832.0
14945550688.0
14956194012.0
14965592613.0
14974245866.0
14983509979.0
14992201101.0
15001540243.0
15010648987.0
15019551397.0
15029199862.0
15038626776.0
15047249239.0
15056199073.0
15065556266.0
15075558294.0
15085542980.0
15094199064.0
15103192431.0
15113441138.0
15122707728.0
15131191455.0
15140198979.0
15149202963.0
15158638017.0
15168528915.0
15177229593.0
15186556702.0
15195261273.0
15204550514.0
15213750213.0
15223233400.0
15232200931.0
15241224734.0
15250259863.0
15259255353.0
15268562289.0
15277567335.0
15287499995.0
15296202089.0
15307202515.0
15317207020.0
15326318241.0
15335184197.0
15344508122.0
15353515291.0
15362401067.0
15371195179.0
15380513086.0
15389213410.0
15398633954.0
15407188464.0
15416572200.0
15426590862.0
15435264642.0
15446351778.0
15455200039.0
15464202253.0
15473516976.0
15482632089.0
15491193324.0
15502527847.0
15511580317.0
15521212857.0
15530629861.0
15539505020.0
15548207467.0
15557206142.0
15566634118.0
15575222250.0
15584580151.0
15593200136.0
15602377185.0
15611526274.0
15621520870.0
15630216593.0
15639261985.0
15648223853.0
15658523879.0
15667588382.0
15676211199.0
15685557420.0
15694205718.0
15703590870.0
15713463010.0
15722317996.0
15731534329.0
15740204217.0
15749580520.0
15758634761.0
15767222185.0
15776203165.0
15786203423.0
15795268281.0
15804242536.0
15813403659.0
15822283772.0
15831585046.0
15840532757.0
15849281567.0
15858561960.0
15867558158.0
15876226275.0
15885213271.0
15894605856.0
15903595683.0
15912360420.0
15923291124.0
15932550989.0
15941317142.0
15950339883.0
15959609658.0
15968233890.0
15977210623.0
15986716814.0
15995604713.0
16004235316.0
16013723811.0
16022437230.0
16033162309.0
16043239721.0
16054649982.0
16063683341.0
16073648562.0
16082510271.0
16092629092.0
16101354544.0
16110624319.0
16119620163.0
16128348800.0
16137622468.0
16147694571.0
16157648821.0
16167110065.0
16176642446.0
16185355510.0
16194627409.0
16203327379.0
16214527414.0
16224349298.0
16236379620.0
16245631346.0
16256413405.0
16266632738.0
16275319613.0
16284627611.0
16293345630.0
16302640888.0
16311297680.0
16323420374.0
16332658297.0
16341330661.0
16350634412.0
16359290497.0
16368637426.0
16377327486.0
16386636192.0
16397424268.0
16408639875.0
16417688806.0
16427649072.0
16436477160.0
16446703924.0
16461321728.0
16470641406.0
16481404708.0
16491315071.0
16500647490.0
16509326932.0
16518344011.0
16527648116.0
16536270579.0
16544642822.0
16553341376.0
16562663885.0
16575721980.0
16585644731.0
16594407344.0
16603646682.0
16613250908.0
16621398769.0
16631646769.0
16640343199.0
16649642350.0
16660527045.0
16670634540.0
16679340172.0
16688653479.0
16697342478.0
16706702502.0
16715662246.0
16724329656.0
16733656058.0
16744420067.0
16756655307.0
16765501798.0
16775663088.0
16784401635.0
16793343330.0
16802653452.0
16813341369.0
16822319871.0
16831595663.0
16840314391.0
16849641146.0
16858260069.0
16867273963.0
16876315816.0
16885637617.0
16894313521.0
16910637909.0
16919305319.0
16928634906.0
16939657628.0
16948328931.0
16957638699.0
16966641621.0
16975275762.0
16983321341.0
16992645973.0
17001638986.0
17010255786.0
17019640938.0
17028266939.0
17037350200.0
17046640856.0
17055273936.0
17063304651.0
17072639192.0
17081319697.0
17089329176.0
17099648313.0
17108316077.0
17117318645.0
17125334849.0
17134324322.0
17143473766.0
17152655062.0
17161337690.0
17170292480.0
17179329732.0
17188648701.0
17197330268.0
17206651361.0
17216646664.0
17226612239.0
17235597111.0
17244327518.0
17254652672.0
17264310693.0
17273634263.0
17282578082.0
17294656890.0
17304655025.0
17313694047.0
17323369764.0
17332651218.0
17341407815.0
17350316242.0
17358297762.0
17366333431.0
17375305916.0
17383318935.0
17392657016.0
17401332565.0
17410656136.0
17419676046.0
17428322575.0
17436331700.0
17445658810.0
17455295242.0
17467657184.0
17477641516.0
17486656471.0
17495304769.0
17504628340.0
17513712663.0
17522397414.0
17531311150.0
17540628704.0
17549655692.0
17558331242.0
17567623668.0
17576628360.0
17585326206.0
17594330898.0
17603628986.0
17613449101.0
17622608101.0
17631287898.0
17640333644.0
17649647658.0
17658618020.0
17669295321.0
17678726482.0
17687617212.0
17696317536.0
17705637214.0
17714678713.0
17724640748.0
17734351503.0
17743394418.0
17752668794.0
17761337265.0
17770322492.0
17778422928.0
17787664743.0
17796331091.0
17804332784.0
17813119818.0
17821334215.0
17832674400.0
17842313664.0
17852257649.0
17861328170.0
17870648909.0
17879624933.0
17888625732.0
17897674664.0
17907668198.0
17917648637.0
17926680934.0
17936318074.0
17946250027.0
17954741186.0
17963694914.0
17974293999.0
17984266298.0
17993679409.0
18004267876.0
18016320141.0
18025692198.0
18035627336.0
18044628842.0
18053683437.0
18063639809.0
18072340133.0
18082381446.0
18092357638.0
18101682270.0
18110684484.0
18120658553.0
18129691912.0
18139723669.0
18150117128.0
18158346390.0
18168328244.0
18177686853.0
18187304173.0
18199686642.0
18210390132.0
18220341196.0
18229703698.0
18240452135.0
18250332416.0
18260639165.0
18269742600.0
18279334793.0
18288655532.0
18297689599.0
18308316997.0
18317693655.0
18327731074.0
18338641605.0
18347708233.0
18357702474.0
18368479225.0
18377711839.0
18388336760.0
18398553261.0
18407703412.0
18418396285.0
18427686233.0
18437697817.0
18448323799.0
18457704704.0
18466389102.0
18476341227.0
18485645332.0
18494338578.0
18504453859.0
18514385812.0
18523695225.0
18534421012.0
18543638762.0
18552352888.0
18561703002.0
18571715648.0
18581643707.0
18592464697.0
18601708283.0
18611715266.0
18622325322.0
18632639150.0
18641705423.0
18652445720.0
18661711603.0
18672399874.0
18681708226.0
18692469405.0
18702432856.0
18711701569.0
18722753667.0
18732502290.0
18741716855.0
18752342483.0
18762424496.0
18771714445.0
18781684620.0
18790329733.0
18800460586.0
18810416959.0
18819720356.0
18829726985.0
18839723704.0
18850436042.0
18859738378.0
18870422402.0
18879728277.0
18889724996.0
18900487236.0
18917721189.0
18927721094.0
18937682421.0
18946667648.0
18955731090.0
18966443074.0
18976455719.0
18985729741.0
18996479948.0
19006447293.0
19015714590.0
19026497358.0
19036464702.0
19046581045.0
19055717747.0
19065339315.0
19078456160.0
19087724520.0
19097718408.0
19108457997.0
19118579649.0
19127734755.0
19138547959.0
19148461508.0
19158426729.0
19168464502.0
19178562087.0
19187745507.0
19198446874.0
19208478277.0
19217725047.0
19228476670.0
19238588412.0
19247592750.0
19257725373.0
19268462485.0
19277731552.0
19287745259.0
19297683936.0
19306731452.0
19316340987.0
19326209588.0
19335427692.0
19344696759.0
19354675782.0
19364566681.0
19373539166.0
19382746652.0
19391753113.0
19402461558.0
19413390847.0
19422731405.0
19432668667.0
19441677605.0
19450734677.0
19460728565.0
19471432763.0
19480738637.0
19490738542.0
19500547685.0
19509737829.0
19519735610.0
19532444390.0
19541736462.0
19551737782.0
19562601242.0
19571790324.0
19581741388.0
19592486640.0
19601763140.0
19613639154.0
19622782582.0
19632781070.0
19642777436.0
19652773447.0
19662776183.0
19672781750.0
19683768019.0
19693765446.0
19702776154.0
19713262694.0
19722390548.0
19732330287.0
19741780206.0
19750772511.0
19763111448.0
19772784687.0
19782781407.0
19793411282.0
19802481094.0
19811779537.0
19822791642.0
19832774912.0
19841776773.0
19850789251.0
19861763841.0
19870666959.0
19879687577.0
19888768714.0
19900144291.0
19909564127.0
19918499097.0
19927794708.0
19937794259.0
19946471224.0
19955791256.0
19966381492.0
19975796019.0
19985785306.0
19994487400.0
