1566079.0
10499280.0
19128467.0
28163595.0
37187753.0
46163070.0
55122814.0
62501614.0
71154867.0
99097265.0
109228473.0
121625452.0
134311935.0
143387764.0
151507665.0
161228330.0
171192135.0
179517307.0
189507302.0
201149732.0
209507819.0
219126556.0
228190705.0
237164253.0
246147002.0
255127627.0
264185760.0
273189037.0
282149135.0
291135777.0
300205944.0
309165334.0
317516697.0
325513789.0
334173766.0
343134573.0
350517620.0
358514004.0
366514990.0
375136390.0
382522977.0
391148270.0
400175259.0
409217820.0
417647044.0
426193060.0
434517879.0
445241188.0
454238448.0
462562559.0
471525489.0
481247923.0
489521777.0
499177675.0
507521959.0
517274122.0
526524078.0
535521692.0
545211212.0
553523997.0
562536121.0
573614409.0
583241285.0
591537791.0
601444261.0
613047053.0
621532903.0
633259919.0
642198782.0
650527848.0
660232586.0
668528030.0
678200208.0
687175879.0
695529719.0
705268433.0
715196846.0
723535822.0
733289400.0
741531049.0
750531494.0
760224906.0
768536276.0
778223319.0
786537520.0
796193772.0
805217929.0
814541499.0
822534699.0
831153622.0
846170289.0
855153746.0
862544580.0
870536363.0
879153163.0
886559923.0
894539319.0
904262461.0
913282018.0
921538530.0
931539143.0
941231494.0
949540386.0
958540831.0
968224688.0
977225841.0
985541812.0
994545442.0
1005088962.0
1014175408.0
1022543405.0
1032251682.0
1041464123.0
1049546509.0
1058548724.0
1068394674.0
1076548198.0
1085546519.0
1095217989.0
1103549886.0
1113155174.0
1120547777.0
1128548409.0
1136550810.0
1144551087.0
1152549241.0
1160635874.0
1170219573.0
1178556071.0
1187204723.0
1195572366.0
1204228804.0
1213134753.0
1221564331.0
1230189625.0
1238553020.0
1247193178.0
1256205302.0
1264553480.0
1272554111.0
1281213380.0
1289582793.0
1297562543.0
1306216150.0
1315174479.0
1322954620.0
1330559573.0
1338558435.0
1346557297.0
1354562883.0
1362563161.0
1371048303.0
1380241633.0
1388561496.0
1396559650.0
1404559928.0
1413214243.0
1421582593.0
1429561282.0
1438151537.0
1446562004.0
1455054225.0
1464239414.0
1472562817.0
1480563095.0
1488563726.0
1496564004.0
1504564281.0
1513099680.0
1522221518.0
1531192234.0
1539569786.0
1547591653.0
1555572111.0
1563570619.0
1572118758.0
1580593284.0
1588568433.0
1597106309.0
1606593035.0
1614568539.0
1622569878.0
1634169130.0
1642570748.0
1650573503.0
1658577674.0
1667572102.0
1675599277.0
1684242621.0
1692573102.0
1701137876.0
1711095310.0
1720051516.0
1727575422.0
1735574284.0
1743580932.0
1751574839.0
1760235524.0
1768576269.0
1777099635.0
1786577159.0
1795205284.0
1803600886.0
1812656187.0
1821578063.0
1829578340.0
1837579326.0
1846237533.0
1855204356.0
1863211358.0
1871581124.0
1879580694.0
1887631227.0
1897190152.0
1906308805.0
1914587969.0
1922583645.0
1930582861.0
1938584908.0
1947205247.0
1955248348.0
1963605373.0
1971645643.0
1981262964.0
1989585305.0
1997585229.0
2005628330.0
2015233972.0
2023588520.0
2031587382.0
2039587659.0
2047590768.0
2055652627.0
2064598215.0
2073978412.0
2081591859.0
2089589659.0
2098590103.0
2106594628.0
2114656487.0
2122593767.0
2131222954.0
2139591658.0
2147592290.0
2155614156.0
2163599923.0
2171599493.0
2179594107.0
2187671892.0
2197288152.0
2205600937.0
2214251359.0
2222595643.0
2230595920.0
2238596198.0
2246596475.0
2254597461.0
2263074817.0
2271604554.0
2280280457.0
2288598198.0
2296602014.0
2304599106.0
2313213783.0
2321264670.0
2329600106.0
2338092327.0
2347231861.0
2355604813.0
2363601197.0
2371602182.0
2379623695.0
2387604153.0
2396606013.0
2404609122.0
2413094973.0
2422280162.0
2430604627.0
2438610213.0
2446605182.0
2454606167.0
2463081754.0
2472290302.0
2480606272.0
2488628139.0
2496607535.0
2504607813.0
2513228859.0
2521298151.0
2529608813.0
2538613858.0
2546615551.0
2556294808.0
2564612194.0
2572610702.0
2580611333.0
2588611257.0
2596611888.0
2606665588.0
2615271062.0
2623614285.0
2632613668.0
2641135264.0
2650614558.0
2659317359.0
2667638285.0
2675632192.0
2683622913.0
2691615759.0
2699637979.0
2707616667.0
2716095440.0
2725308588.0
2733617481.0
2741618112.0
2749618390.0
2757618667.0
2766180610.0
2775265287.0
2784320588.0
2792620279.0
2800648870.0
2809125519.0
2817291429.0
2825621910.0
2834298876.0
2850124242.0
2858558775.0
2866623819.0
2874630821.0
2882625436.0
2890626421.0
2898624929.0
2907165990.0
2915628129.0
2926300120.0
2935259865.0
2943626799.0
2952315444.0
2960627522.0
2968635585.0
2977119312.0
2986632582.0
2995259291.0
3003629057.0
3013311499.0
3021629947.0
3029630932.0
3037632979.0
3045635380.0
3053635304.0
3062220959.0
3071291833.0
3079634702.0
3087637102.0
3095633487.0
3103633764.0
3111634750.0
3120637672.0
3129142280.0
3137109643.0
3146444539.0
3154636285.0
3162635855.0
3170636840.0
3178637118.0
3186639873.0
3195109443.0
3204347366.0
3213039903.0
3220644856.0
3229183087.0
3238639730.0
3247264315.0
3255266362.0
3263297785.0
3271643130.0
3280314787.0
3289346730.0
3298412650.0
3307344081.0
3315643772.0
3324143425.0
3332643432.0
3341644231.0
3351425769.0
3359645121.0
3368645212.0
3378503196.0
3387431796.0
3395647254.0
3404646991.0
3415081151.0
3423647694.0
3432648139.0
3442525589.0
3450648675.0
3460482593.0
3468656997.0
3477650364.0
3486305386.0
3494652502.0
3503651177.0
3511651808.0
3520652253.0
3528652885.0
3537104405.0
3546303043.0
3554654406.0
3562653622.0
3570654253.0
3578657362.0
3587123747.0
3594655439.0
3603189776.0
3612665531.0
3621325154.0
3629657051.0
3637658744.0
3645659730.0
3653657884.0
3661663116.0
3671317598.0
3679662236.0
3687671716.0
3696128899.0
3705331076.0
3714415045.0
3722660941.0
3730662988.0
3739664494.0
3747662294.0
3756122309.0
3764326442.0
3772678866.0
3781172503.0
3789398933.0
3797663940.0
3805679436.0
3815316930.0
3823665107.0
3831669632.0
3840343412.0
3848666107.0
3856666738.0
3864667724.0
3873242407.0
3883341408.0
3891668350.0
3899668628.0
3908116963.0
3917429916.0
3926462214.0
3934669886.0
3943296241.0
3951295811.0
3959323340.0
3967671517.0
3975671795.0
3984126147.0
3993329386.0
4001672962.0
4009678902.0
4019210575.0
4027674483.0
4035674053.0
4044302886.0
4053125664.0
4061675928.0
4070676373.0
4079348383.0
4088398022.0
4097342903.0
4105682232.0
4115355471.0
4123678167.0
4132146321.0
4139679076.0
4147679707.0
4156124503.0
4165367027.0
4173680166.0
4182104789.0
4189682845.0
4198681520.0
4207077830.0
4215321956.0
4224371595.0
4233392213.0
4242148456.0
4250683854.0
4258685194.0
4266684409.0
4274685395.0
4282686380.0
4290921658.0
4299086153.0
4308359467.0
4317138714.0
4325104662.0
4332686964.0
4341109110.0
4348689642.0
4357379349.0
4366110817.0
4374099769.0
4383349371.0
4391689408.0
4399690040.0
4408370191.0
4417371343.0
4426114491.0
4434099904.0
4442256966.0
4451357570.0
4460131508.0
4468113382.0
4476127462.0
4484108982.0
4492159869.0
4500131126.0
4508117600.0
4516198925.0
4525376328.0
4534365801.0
4543079574.0
4551083391.0
4559102426.0
4567076513.0
4575075021.0
4583164486.0
4591112737.0
4600553808.0
4609481346.0
4619235987.0
4627422424.0
4636535768.0
4645460475.0
4654560370.0
4663404738.0
4672534362.0
4681612669.0
4691385005.0
4700240344.0
4708454033.0
4717571624.0
4727380060.0
4736240000.0
4744440240.0
4753383705.0
4762134639.0
4770109788.0
4778240307.0
4787109095.0
4795084952.0
4803127346.0
4813427371.0
4822123448.0
4830106030.0
4838242211.0
4847108521.0
4863330274.0
4871361342.0
4880193323.0
4888222622.0
4896169812.0
4904133636.0
4913373328.0
4922246009.0
4931367493.0
4940187441.0
4948132154.0
4956143402.0
4964123507.0
4972133694.0
4980148836.0
4989245900.0
4998367030.0
5007087173.0
5015391111.0
5024195840.0
5032134536.0
5040177991.0
5048126951.0
5056138908.0
5064136354.0
5073370383.0
5082108222.0
5090334298.0
5099465692.0
5108124608.0
5116634525.0
5126266003.0
5136390485.0
5145133987.0
5153123647.0
5161144452.0
5169139774.0
5177158809.0
5185152716.0
5193128220.0
5202419230.0
5211098673.0
5219371466.0
5228399516.0
5237218756.0
5245143649.0
5253131539.0
5261133587.0
5269144481.0
5277131310.0
5285129818.0
5293153454.0
5305170327.0
5313058059.0
5321130536.0
5329141077.0
5337128613.0
5345126413.0
5353143679.0
5361123783.0
5370350380.0
5379089635.0
5387115748.0
5395088420.0
5403091175.0
5411186656.0
5419339472.0
5428149156.0
5436138816.0
5444372324.0
5453126797.0
5461147248.0
5469126644.0
5480375165.0
5489134239.0
5497151505.0
5505136564.0
5513321939.0
5521401494.0
5530136502.0
5538109174.0
5548449900.0
5557664818.0
5566457160.0
5575516709.0
5584500166.0
5593605724.0
5602559451.0
5611519904.0
5621256495.0
5629508407.0
5638572910.0
5647437097.0
5656550441.0
5665461346.0
5675407101.0
5684248283.0
5692449231.0
5703356577.0
5713381256.0
5722406121.0
5731360910.0
5740157853.0
5748148221.0
5756131865.0
5764082240.0
5773389530.0
5782134094.0
5790111013.0
5798242593.0
5806132095.0
5814362418.0
5823138480.0
5832392683.0
5841407992.0
5850116102.0
5858366244.0
5867119656.0
5875114624.0
5883134013.0
5891119426.0
5899095284.0
5907231111.0
5916538755.0
5925378876.0
5934120962.0
5942415344.0
5951117083.0
5959093648.0
5967092510.0
5975203917.0
5983139074.0
5991294367.0
6003100660.0
6013529157.0
6022175332.0
6031097207.0
6040549250.0
6049574115.0
6059111450.0
6068579419.0
6077603930.0
6087187275.0
6097412270.0
6106384048.0
6115344854.0
6124229568.0
6132161540.0
6140132442.0
6148140860.0
6156174405.0
6164136460.0
6172157265.0
6183501343.0
6192148933.0
6200134700.0
6208148427.0
6216578004.0
6226146839.0
6236134710.0
6244140296.0
6252167118.0
6260139436.0
6268143960.0
6276151316.0
6284400043.0
6293133989.0
6301152316.0
6309301238.0
6318120478.0
6326269400.0
6335366818.0
6344132970.0
6352137849.0
6360393654.0
6369143880.0
6377386236.0
6386571071.0
6395364829.0
6404378723.0
6413056750.0
6421155770.0
6429378661.0
6438373443.0
6447345221.0
6455131379.0
6463098388.0
6472556093.0
6481566093.0
6490138300.0
6499102645.0
6508585478.0
6518358522.0
6527133876.0
6536582733.0
6545545309.0
6556142270.0
6565562813.0
6574139974.0
6583562641.0
6592570872.0
6601152634.0
6610142462.0
6620151214.0
6629139272.0
6638306057.0
6647529116.0
6656542655.0
6665134681.0
6674984879.0
6683157159.0
6692541603.0
6701551604.0
6710260776.0
6719375536.0
6729551337.0
6738128851.0
6747099567.0
6756152746.0
6764133912.0
6772146930.0
6780154994.0
6788173321.0
6796146347.0
6804298101.0
6813313056.0
6821389426.0
6830252197.0
6838385193.0
6847346353.0
6855344153.0
6872385222.0
6881163054.0
6889157314.0
6897138834.0
6906364016.0
6915105748.0
6924523106.0
6933181668.0
6941397127.0
6950161509.0
6958146569.0
6966365920.0
6975345484.0
6983164556.0
6991350286.0
6999207581.0
7007534877.0
7016384554.0
7026596454.0
7035515498.0
7044152471.0
7053140175.0
7062533113.0
7071590538.0
7080153543.0
7089567716.0
7098601429.0
7109319429.0
7118267849.0
7127535500.0
7136144514.0
7145146020.0
7154981708.0
7163535864.0
7172153371.0
7181566129.0
7190316709.0
7200580989.0
7210563197.0
7219349877.0
7229551160.0
7238694941.0
7247124518.0
7256140890.0
7265549400.0
7274664514.0
7283168768.0
7292559229.0
7301583740.0
7310255042.0
7319376173.0
7329555513.0
7339433316.0
7348146027.0
7357220440.0
7366177000.0
7375116571.0
7384214697.0
7393197446.0
7402182672.0
7411186656.0
7420480144.0
7429208781.0
7438171357.0
7447113052.0
7456148534.0
7465199589.0
7474165350.0
7485164360.0
7494170114.0
7503259392.0
7513056856.0
7521636494.0
7530124469.0
7539514575.0
7548155087.0
7557558289.0
7566567582.0
7575105104.0
7584192612.0
7593548389.0
7602123427.0
7611514595.0
7621159521.0
7631128635.0
7640546701.0
7649141204.0
7658665091.0
7667130769.0
7678411496.0
7687351067.0
7695111036.0
7703381351.0
7713338786.0
7721389319.0
7730568492.0
7739500277.0
7748390300.0
7757389683.0
7767241651.0
7774987108.0
7783148418.0
7791352905.0
7799125968.0
7807351690.0
7815214648.0
7824160944.0
7833183685.0
7842637497.0
7851108483.0
7860161662.0
7868389861.0
7877390660.0
7886516037.0
7895383764.0
7904387040.0
7917033530.0
7927357976.0
7937555366.0
7946261706.0
7955138280.0
7964551745.0
7973556437.0
7982260300.0
7991548833.0
8000155015.0
8009556093.0
8019278527.0
8028193678.0
8037563258.0
8046142188.0
8055525925.0
8064571671.0
8073150247.0
8082127688.0
8091521334.0
8100585130.0
8109163352.0
8118377917.0
8127127789.0
8135148593.0
8143358035.0
8151114110.0
8159390089.0
8168392657.0
8177420707.0
8186575814.0
8195419120.0
8204504151.0
8213086266.0
8221165467.0
8230327298.0
8239534784.0
8248149814.0
8257577082.0
8268208019.0
8277182628.0
8286445325.0
8295559023.0
8314626616.0
8323247663.0
8332287746.0
8341219885.0
8350181046.0
8359130527.0
8368152914.0
8377258118.0
8386295370.0
8395118149.0
8404158587.0
8416338969.0
8426537067.0
8437657116.0
8447259219.0
8455398232.0
8464418496.0
8473429912.0
8482523791.0
8491380900.0
8500422753.0
8509432399.0
8518418688.0
8527378786.0
8536423117.0
8545440903.0
8554420467.0
8563380212.0
8572419941.0
8581437728.0
8590418354.0
8599394732.0
8608422429.0
8617519493.0
8626491624.0
8635376692.0
8644426685.0
8653431023.0
8662415188.0
8671378826.0
8680430235.0
8689455454.0
8698417675.0
8707384144.0
8716437323.0
8725515629.0
8734471127.0
8743378846.0
8752578545.0
8761440963.0
8770524224.0
8780130220.0
8789216312.0
8798452112.0
8807189951.0
8816483438.0
8825191194.0
8834595104.0
8843182174.0
8852155721.0
8861327816.0
8878475059.0
8887152025.0
8896145745.0
8905217327.0
8914249625.0
8924404544.0
8933466217.0
8942544169.0
8951415081.0
8960423312.0
8970129112.0
8979331643.0
8988128940.0
8996559580.0
9005153375.0
9014519769.0
9024168588.0
9033607890.0
9042612227.0
9051115774.0
9060184525.0
9069564368.0
9078136574.0
9087111537.0
9096578797.0
9105571456.0
9114382202.0
9124581007.0
9134172846.0
9143156303.0
9152152147.0
9161583662.0
9170349460.0
9179562963.0
9188155696.0
9197157203.0
9206679320.0
9216189404.0
9225158351.0
9234610747.0
9243526606.0
9253225327.0
9262191442.0
9271128182.0
9280144199.0
9289220382.0
9298287010.0
9307260203.0
9316494586.0
9336383973.0
9345230465.0
9354181007.0
9363327620.0
9372207025.0
9381184466.0
9390343819.0
9399407615.0
9408453361.0
9418442294.0
9427458665.0
9436434690.0
9445529984.0
9454423192.0
9463387892.0
9472429037.0
9481442577.0
9490492570.0
9499381177.0
9508432232.0
9517438693.0
9526431352.0
9537432132.0
9546417358.0
9555121221.0
9563399677.0
9572407908.0
9581420740.0
9590519928.0
9599391193.0
9608402609.0
9617405532.0
9626517814.0
9635413146.0
9644433410.0
9653414035.0
9662127808.0
9670172325.0
9679533411.0
9688162243.0
9697172598.0
9705410353.0
9714464947.0
9725158528.0
9733222156.0
9741160498.0
9749161484.0
9757196799.0
9765158499.0
9773413950.0
9782276368.0
9791149757.0
9799129861.0
9808408838.0
9817424501.0
9826250466.0
9833998755.0
9842363566.0
9851142813.0
9859121148.0
9867121425.0
9875150724.0
9883168697.0
9893064904.0
9903134530.0
9911397413.0
9920161088.0
9928166321.0
9936174030.0
9944438329.0
9953164489.0
9961189187.0
9970478073.0
9979120001.0
9987148946.0
9995140729.0
10003128266.0
10011123588.0
10019463979.0
10028181999.0
10036171305.0
10044186093.0
10052432696.0
10061164165.0
10069211513.0
10077166843.0
10085412385.0
10094284004.0
10103154562.0
10111129003.0
10119181306.0
10128429493.0
10137409410.0
10146231128.0
10154280246.0
10163163898.0
10171247346.0
10179137201.0
10187146327.0
10195134571.0
10203214834.0
10213452216.0
10222161742.0
10230213691.0
10238605046.0
10247185746.0
10255435181.0
10264169480.0
10272163741.0
10281412281.0
10290226212.0
10298284532.0
10307154028.0
10315368071.0
10323379320.0
10332176971.0
10340007722.0
10348024634.0
10356190898.0
10364160031.0
10372167740.0
10380199870.0
10388171481.0
10396238294.0
10405534613.0
10414242723.0
10422146028.0
10431607272.0
10440192219.0
10448165599.0
10456169061.0
10464182080.0
10472166077.0
10480163523.0
10489438607.0
10498483999.0
10507386056.0
10517424891.0
10526285185.0
10535210245.0
10543386773.0
10552204951.0
10560198150.0
10568164098.0
10577410869.0
10586281426.0
10595152692.0
10603376644.0
10611388247.0
10621205177.0
10629164400.0
10637172817.0
10645149029.0
10655408354.0
10664167782.0
10672176199.0
10680187448.0
10688160120.0
10697165874.0
10705447868.0
10714433803.0
10723142974.0
10731129449.0
10740179442.0
10748166625.0
10756173627.0
10764200802.0
10772414845.0
10781170026.0
10789264445.0
10799158882.0
10807377880.0
10817168974.0
10825188363.0
10833208814.0
10841170514.0
10849182471.0
10857156205.0
10866457124.0
10883198426.0
10891134645.0
10899125720.0
10907151126.0
10915132292.0
10923137878.0
10931163284.0
10939132063.0
10948422719.0
10958285658.0
10967150906.0
10975380522.0
10984174279.0
10992181281.0
11000171649.0
11008192454.0
11016299260.0
11025429946.0
11034152567.0
11042370503.0
11051155413.0
11059380781.0
11068203914.0
11076187557.0
11084222518.0
11092177848.0
11100164677.0
11109410740.0
11118395966.0
11127128850.0
11135187524.0
11143380686.0
11152426078.0
11161228330.0
11169186845.0
11177192431.0
11186600588.0
11195148728.0
11203156437.0
11211389946.0
11221194842.0
11229169992.0
11238156988.0
11246284675.0
11254424396.0
11263135337.0
11271133845.0
11279148987.0
11287384619.0
11296178022.0
11304182901.0
11313074693.0
11321175129.0
11331163708.0
11339151245.0
11347132411.0
11355140121.0
11363160925.0
11371139260.0
11379134229.0
11387153617.0
11395134783.0
11403134353.0
11411157281.0
11419134554.0
11427131646.0
11435155636.0
11443140695.0
11451139203.0
11459155053.0
11467396347.0
11476181965.0
11484187905.0
11492170841.0
11500239070.0
11508437895.0
11517176442.0
11525225206.0
11533260875.0
11541421830.0
11550398209.0
11559140649.0
11567155437.0
11575139434.0
11583280570.0
11592433553.0
11601185548.0
11610160865.0
11619457538.0
11628464000.0
11637174941.0
11645179111.0
11653309630.0
11662176649.0
11670164185.0
11680281236.0
11689633827.0
11698485981.0
11707138173.0
11715410612.0
11724209678.0
11732173502.0
11740211295.0
11748196708.0
11756368635.0
11765423229.0
11774707514.0
11783199028.0
11791141617.0
11799131985.0
11807159868.0
11815219249.0
11824186072.0
11832434799.0
11841185733.0
11849425257.0
11858352442.0
11869202099.0
11877175125.0
11885182835.0
11893438640.0
11902174355.0
11910614197.0
11919136501.0
11927172524.0
11936422480.0
11945176599.0
11953209083.0
11961179277.0
11969174954.0
11977192573.0
11985186480.0
11993176848.0
12002629952.0
12011169951.0
12019462564.0
12028184476.0
12036390025.0
12045210681.0
12053474272.0
12062295281.0
12070430755.0
12079163285.0
12087215234.0
12096439708.0
12105430951.0
12114494747.0
12123149416.0
12131170574.0
12139157403.0
12147137861.0
12155176715.0
12163144433.0
12171425366.0
12180203197.0
12188174454.0
12196183579.0
12204232343.0
12213406915.0
12222431780.0
12231141659.0
12239161048.0
12247483743.0
12256186899.0
12264196732.0
12272179314.0
12280185254.0
12288199688.0
12297430532.0
12306228537.0
12314594410.0
12323171571.0
12331170079.0
12339439333.0
12348192390.0
12356180280.0
12364212056.0
12373438654.0
12382182156.0
12391386810.0
12400439635.0
12409213573.0
12417443896.0
12426161562.0
12434353308.0
12443170778.0
12451148051.0
12459138065.0
12467164532.0
12475143221.0
12483181721.0
12493191535.0
12501439554.0
12510160759.0
12518543620.0
12527164313.0
12535141940.0
12543142217.0
12551176117.0
12559182411.0
12568143925.0
12576221710.0
12584461235.0
12593180670.0
12601251731.0
12609214493.0
12617506752.0
12626453755.0
12635163281.0
12643447045.0
12652209304.0
12660194717.0
12668178715.0
12676189256.0
12684216431.0
12692182378.0
12700225834.0
12710313509.0
12719169910.0
12728452073.0
12737178940.0
12747272986.0
12756252196.0
12764181337.0
12772201433.0
12780217991.0
12788452207.0
12797180136.0
12805200587.0
12813395165.0
12822170519.0
12830301037.0
12838187354.0
12846197541.0
12855104198.0
12864467053.0
12873181534.0
12889745877.0
12898268535.0
12906457096.0
12915463204.0
12924167067.0
12932492947.0
12941463309.0
12950304138.0
12959487557.0
12968182926.0
12976188159.0
12984197638.0
12992183759.0
13000188991.0
13008200594.0
13016264576.0
13025462860.0
13034297318.0
13042246632.0
13050165155.0
13058383091.0
13067165523.0
13075153060.0
13083185544.0
13091176973.0
13099180082.0
13109117343.0
13117200791.0
13125469337.0
13134178155.0
13142298410.0
13150188266.0
13158172263.0
13166319062.0
13174215996.0
13183470906.0
13192188572.0
13200200883.0
13208217794.0
13216472891.0
13225202590.0
13233224457.0
13241190050.0
13249233859.0
13259488230.0
13268475226.0
13277183690.0
13285204140.0
13293189199.0
13301476857.0
13310298574.0
13318481118.0
13327152421.0
13335254981.0
13344520509.0
13356257080.0
13365223195.0
13374203467.0
13383342647.0
13392335660.0
13410420781.0
13419458388.0
13428508381.0
13437723299.0
13446491575.0
13455489188.0
13464489633.0
13475496783.0
13484503952.0
13493484932.0
13502550143.0
13511492900.0
13521211441.0
13529483880.0
13538697736.0
13547492910.0
13556485569.0
13565510788.0
13574557596.0
13583518402.0
13592485579.0
13601493810.0
13610550173.0
13619497531.0
13628496206.0
13637558586.0
13646550537.0
13655512759.0
13664490907.0
13673493829.0
13682620976.0
13691499674.0
13700495872.0
13709512597.0
13718600813.0
13727564451.0
13736494112.0
13745494911.0
13754564723.0
13763514912.0
13772516065.0
13781503061.0
13790558717.0
13799506074.0
13808499087.0
13817504487.0
13826295767.0
13835022988.0
13846204265.0
13856222220.0
13865351136.0
13874368923.0
13883623126.0
13892190731.0
13901603842.0
13910718602.0
13919174370.0
13928189679.0
13937599251.0
13947217988.0
13956615173.0
13966349640.0
13975154369.0
13984605703.0
13993622428.0
14002254093.0
14011565630.0
14021614375.0
14030330979.0
14039176408.0
14048631636.0
14057228262.0
14066367088.0
14075588377.0
14084675531.0
14093196419.0
14102718537.0
14111177490.0
14121602448.0
14130646070.0
14139157049.0
14148658993.0
14157190499.0
14166584853.0
14175604409.0
14184206698.0
14193189801.0
14202582739.0
14211164855.0
14223156600.0
14231521058.0
14240190945.0
14248195115.0
14256213442.0
14264517734.0
14273195407.0
14281213734.0
14289231000.0
14298517763.0
14307154736.0
14315535119.0
14324198282.0
14332202099.0
14340215471.0
14348213271.0
14356200808.0
14364210287.0
14372226137.0
14381524933.0
14390486801.0
14399195973.0
14407158735.0
14415533810.0
14424212191.0
14432522853.0
14441200526.0
14449229471.0
14457257354.0
14465199943.0
14473223933.0
14481242614.0
14490526900.0
14499157856.0
14507177245.0
14515158057.0
14523159396.0
14531185510.0
14539163844.0
14547260033.0
14555538135.0
14564530440.0
14573205635.0
14581247675.0
14589200174.0
14597198682.0
14605317521.0
14615548533.0
14624207448.0
14632198524.0
14640211543.0
14648194124.0
14656261646.0
14665227407.0
14673204680.0
14681257691.0
14690646382.0
14699182135.0
14707162947.0
14715540145.0
14724224897.0
14732218804.0
14742187563.0
14750311004.0
14758196258.0
14766178132.0
14774315729.0
14783607447.0
14792199827.0
14800270887.0
14809592688.0
14818349993.0
14826188884.0
14834414252.0
14842198995.0
14850270763.0
14858386064.0
14867553911.0
14876193361.0
14884235755.0
14900571114.0
14909201363.0
14917252250.0
14926535828.0
14935169262.0
14946341691.0
14955549885.0
14965275504.0
14974660302.0
14983199594.0
14992611997.0
15001226674.0
15010330462.0
15020260999.0
15029610405.0
15038312853.0
15047664382.0
15056608555.0
15065240219.0
15076285238.0
15085227640.0
15094608545.0
15103595541.0
15113101733.0
15122385664.0
15131604830.0
15140624032.0
15149615275.0
15158321262.0
15168212160.0
15177639074.0
15186243132.0
15195676063.0
15204235882.0
15213449385.0
15222557066.0
15231558219.0
15241634569.0
15251303916.0
15260596696.0
15269278970.0
15278388067.0
15287187133.0
15296610862.0
15307643494.0
15316563246.0
15325567230.0
15335597218.0
15344200214.0
15353201721.0
15363038824.0
15371609968.0
15380202702.0
15389624307.0
15398320384.0
15407600423.0
15417280741.0
15426273753.0
15435674124.0
15445582010.0
15455618014.0
15464611026.0
15473203052.0
15482317104.0
15491606344.0
15502207553.0
15511264978.0
15521623400.0
15530316999.0
15539190388.0
15548680653.0
15557617039.0
15566320902.0
15575629608.0
15584267996.0
15593611740.0
15603023082.0
15611216598.0
15621209070.0
15630621827.0
15639674652.0
15648637935.0
15658207831.0
15667272689.0
15676623157.0
15685237125.0
15694618384.0
15703276946.0
15713126082.0
15722731370.0
15731221114.0
15740612636.0
15749265889.0
15758323668.0
15767627773.0
15776610876.0
15785583362.0
15794624507.0
15803591684.0
15814225098.0
15822697146.0
15831265459.0
15840219187.0
15849692818.0
15858245913.0
15867242465.0
15876640711.0
15885625938.0
15894288747.0
15903278574.0
15912773794.0
15922669293.0
15932234942.0
15941734409.0
15950752196.0
15959294319.0
15968637001.0
15977620104.0
15986400059.0
15995289020.0
16004641966.0
16013420505.0
16023099407.0
16032501193.0
16043659466.0
16052238396.0
16063274568.0
16071641502.0
16080227511.0
16088595862.0
16097213015.0
16105223910.0
16113396191.0
16121605633.0
16130413193.0
16138325700.0
16147292169.0
16155607078.0
16164225647.0
16172254945.0
16181233094.0
16189224523.0
16197215953.0
16205221893.0
16213451508.0
16222236772.0
16230303586.0
16238328637.0
16246332454.0
16255606122.0
16264243449.0
16272628433.0
16281238862.0
16289238078.0
16297227030.0
16305248543.0
16313277487.0
16322662639.0
16331297843.0
16339263790.0
16347291319.0
16355306815.0
16363287981.0
16371295337.0
16379298446.0
16387300847.0
16396609199.0
16405232369.0
16413381999.0
16421616923.0
16430327156.0
16438307968.0
16446293381.0
16454618908.0
16463314985.0
16471309954.0
16480612997.0
16489252093.0
16497310767.0
16505311752.0
16513433069.0
16522316014.0
16530266389.0
16538622706.0
16547311705.0
16555291455.0
16563347297.0
16572628398.0
16583629885.0
16592310390.0
16600314561.0
16608255026.0
16616618776.0
16625622406.0
16634328038.0
16642302834.0
16650339919.0
16659625974.0
16668626065.0
16677317541.0
16685313571.0
16693258638.0
16701319789.0
16709317235.0
16717670367.0
16726317604.0
16734335223.0
16743626587.0
16752732145.0
16761318154.0
16769629524.0
16778330909.0
16786632723.0
16795271820.0
16803352790.0
16813298899.0
16822735723.0
16831280678.0
16840727057.0
16849325453.0
16858673444.0
16867686276.0
16877670254.0
16887043019.0
16896378976.0
16912664788.0
16921370774.0
16932121335.0
16941660440.0
16950324311.0
16959062858.0
16968667792.0
16977344757.0
16985352113.0
16993709138.0
17002684455.0
17011277188.0
17020696670.0
17029370450.0
17038755956.0
17047657658.0
17056651024.0
17065364443.0
17073690324.0
17083346222.0
17091319955.0
17100742622.0
17113148450.0
17121321792.0
17129653335.0
17138465851.0
17147670151.0
17156665995.0
17165645559.0
17174739438.0
17183397999.0
17191279361.0
17199276807.0
17207347868.0
17217390596.0
17226294776.0
17235278233.0
17244733814.0
17255341393.0
17264728314.0
17273316800.0
17282559678.0
17295324022.0
17304336854.0
17313387555.0
17322651314.0
17331282624.0
17339303429.0
17347654437.0
17356346267.0
17364330972.0
17372653314.0
17381326032.0
17389335511.0
17397313138.0
17405323325.0
17413441103.0
17422323694.0
17430300967.0
17438330973.0
17446362749.0
17455711801.0
17468388729.0
17477321929.0
17486340070.0
17495721683.0
17504313354.0
17513405817.0
17523045081.0
17531728417.0
17540313718.0
17549341061.0
17558747801.0
17567307975.0
17576313374.0
17585739580.0
17594740379.0
17603311524.0
17613117128.0
17622293823.0
17631701272.0
17640762236.0
17649329134.0
17658300557.0
17669701970.0
17678406187.0
17687301873.0
17696726310.0
17705322228.0
17715371681.0
17724331071.0
17733667737.0
17742674552.0
17751286397.0
17759336931.0
17767670951.0
17776321727.0
17784331914.0
17792316265.0
17800320436.0
17808333454.0
17816670660.0
17825372399.0
17833433550.0
17842725976.0
17851670502.0
17861747207.0
17870334985.0
17879307117.0
17888313932.0
17898359138.0
17908377800.0
17917332943.0
17927386997.0
17936729325.0
17945677036.0
17954421600.0
17964561301.0
17973683847.0
17983677027.0
17994389365.0
18003670819.0
18015687339.0
18026654496.0
18035310581.0
18044315273.0
18054389146.0
18063321285.0
18072756693.0
18081682461.0
18091686259.0
18102384440.0
18111367543.0
18120341798.0
18130547328.0
18140580854.0
18149536352.0
18158758348.0
18167691549.0
18178510416.0
18187715070.0
18200410755.0
18209686547.0
18219688929.0
18230651131.0
18239707849.0
18250750745.0
18260323826.0
18270551299.0
18279745336.0
18288338069.0
18298417959.0
18307693750.0
18318502707.0
18328566671.0
18337701604.0
18348567541.0
18358530285.0
18367725029.0
18378550621.0
18388757212.0
18397699615.0
18408542548.0
18417698008.0
18428403975.0
18438504038.0
18447690997.0
18458641874.0
18467405903.0
18475689314.0
18485327870.0
18494753368.0
18503712051.0
18513691428.0
18524529052.0
18533705747.0
18543315282.0
18552776526.0
18562640173.0
18572543458.0
18581326952.0
18591705193.0
18602648992.0
18613536165.0
18622740112.0
18632325580.0
18642573226.0
18651709221.0
18662652666.0
18671369978.0
18682584523.0
18691748477.0
18701728562.0
18713470797.0
18722431957.0
18731723675.0
18742548558.0
18751703310.0
18761712063.0
18772544732.0
18781365741.0
18790747708.0
18799736474.0
18809713727.0
18820547459.0
18830670880.0
18840580890.0
18849704851.0
18860587069.0
18869718463.0
18880558918.0
18890679508.0
18899735164.0
18918531658.0
18928547488.0
18937363897.0
18946354432.0
18956556777.0
18965727101.0
18975724882.0
18986693456.0
18995733185.0
19005713624.0
19016543108.0
19025720511.0
19035731741.0
19045731292.0
19056556883.0
19065750566.0
19077720014.0
19088553038.0
19098567807.0
19107729284.0
19117734143.0
19128635472.0
19137722626.0
19147740581.0
19159168891.0
19167732249.0
19177731800.0
19188586058.0
19197721345.0
19207738945.0
19218599928.0
19227739462.0
19237742906.0
19247613277.0
19258553537.0
19267738018.0
19278535650.0
19288575901.0
19297367535.0
19307540151.0
19316751530.0
19325730740.0
19334379392.0
19343762774.0
19353749583.0
19363765768.0
19372733299.0
19382397691.0
19392652061.0
19401729659.0
19411740889.0
19423521700.0
19432352265.0
19441361558.0
19451550454.0
19461555313.0
19470735547.0
19481574941.0
19490404799.0
19499735801.0
19510570240.0
19520573684.0
19529739054.0
19542583383.0
19552746797.0
19561752905.0
19572646448.0
19582572030.0
19591756157.0
19602623156.0
19613141194.0
19621366916.0
19629745176.0
19638743144.0
19647754206.0
19656749696.0
19665755450.0
19674632732.0
19682441187.0
19690749018.0
19699758664.0
19708750969.0
19717753891.0
19726751151.0
19735751596.0
19744750625.0
19753373087.0
19761744623.0
19770750730.0
19779772410.0
19791065525.0
19799758063.0
19808757800.0
19817755413.0
19826422823.0
19834765691.0
19843758704.0
19852652266.0
19861365685.0
19869759871.0
19879190324.0
19887777749.0
19896776424.0
19907784282.0
19917373290.0
19925757920.0
19934772168.0
19943760226.0
19952767041.0
19961403306.0
19969764224.0
19978767147.0
19987792012.0
19997788023.0
