4519511.0
13821138.0
22456695.0
31456786.0
40566238.0
66615183.0
75842135.0
84776397.0
93732249.0
103775685.0
112879827.0
121504767.0
130461680.0
140439288.0
149450350.0
158811082.0
167817897.0
177427078.0
186811522.0
195493442.0
214687384.0
224445209.0
233870354.0
242829391.0
251474857.0
261768158.0
270829123.0
279482376.0
288782942.0
297508040.0
307800633.0
316893804.0
325445837.0
334467871.0
343810199.0
352575289.0
361568656.0
370780389.0
379775171.0
388580608.0
399471320.0
408909913.0
417453452.0
426469823.0
435844357.0
444463280.0
453863651.0
462721467.0
472575204.0
481758978.0
490774641.0
499740756.0
508936917.0
517785885.0
526446925.0
535464357.0
544901889.0
553560805.0
563535581.0
573552473.0
582524251.0
591798273.0
600575043.0
611469294.0
620452397.0
629555831.0
640607221.0
649554932.0
658466544.0
667778082.0
676895673.0
685476373.0
694781186.0
706517757.0
715473255.0
724901231.0
733478746.0
742775064.0
751780464.0
760577761.0
769493974.0
778471060.0
787785075.0
796584849.0
806504061.0
815777021.0
824459649.0
833564853.0
842807377.0
851473725.0
860476647.0
869782522.0
880912127.0
889517955.0
899727024.0
908790112.0
917526536.0
926479556.0
935793216.0
944479030.0
953829144.0
962887985.0
972472038.0
981842325.0
990786143.0
999823042.0
1009795695.0
1018786584.0
1027506373.0
1036900373.0
1045861887.0
1055783576.0
1064788622.0
1073553358.0
1082488329.0
1091784293.0
1103315240.0
1113526078.0
1122787359.0
1131506441.0
1140784002.0
1149528920.0
1166501683.0
1175801541.0
1184550351.0
1193830036.0
1203592462.0
1212786853.0
1221561854.0
1233811958.0
1242476890.0
1251845408.0
1260868503.0
1269490258.0
1278479731.0
1287816043.0
1296501856.0
1305868958.0
1315813652.0
1324904699.0
1333556890.0
1342808616.0
1351524866.0
1360903293.0
1370811533.0
1379502655.0
1388554064.0
1400725953.0
1409865841.0
1419534833.0
1428820181.0
1437527937.0
1446508917.0
1455833549.0
1465528377.0
1474501925.0
1483815231.0
1492898493.0
1501906370.0
1511593766.0
1520878406.0
1529492020.0
1539512806.0
1548506526.0
1557530683.0
1566818508.0
1575521310.0
1584813028.0
1594566252.0
1603921321.0
1612621999.0
1621559801.0
1630873108.0
1639569185.0
1647512128.0
1656576277.0
1665874720.0
1674611143.0
1684881440.0
1693558759.0
1702599196.0
1712618920.0
1721815789.0
1731516280.0
1740906740.0
1750887887.0
1759887978.0
1768591841.0
1777566096.0
1786886482.0
1795573357.0
1804883478.0
1815521140.0
1824897798.0
1833522737.0
1842922754.0
1851832950.0
1860577867.0
1869571942.0
1878842425.0
1887521867.0
1896891447.0
1905887291.0
1924908167.0
1933584071.0
1942944449.0
1951597702.0
1960934013.0
1969620888.0
1978922516.0
1989639809.0
1999701294.0
2008712711.0
2018614226.0
2027908068.0
2036573354.0
2044712721.0
2053918437.0
2065674120.0
2074909919.0
2085576248.0
2094912913.0
2103614299.0
2113963873.0
2123599597.0
2132922460.0
2141547754.0
2149563249.0
2158896022.0
2167609440.0
2176902574.0
2186911680.0
2195889475.0
2204903014.0
2214582271.0
2223929553.0
2232617136.0
2241676331.0
2252915651.0
2261889552.0
2270524047.0
2279900705.0
2288881685.0
2297597935.0
2307982546.0
2316584127.0
2325851425.0
2334588202.0
2343963091.0
2352895584.0
2361597677.0
2370584319.0
2379948236.0
2388587686.0
2397546723.0
2407577064.0
2415608132.0
2424912945.0
2433564429.0
2441534977.0
2450616469.0
2459910310.0
2468911109.0
2477536403.0
2485717178.0
2495573038.0
2504030221.0
2513566496.0
2521551555.0
2530572173.0
2540919269.0
2549538192.0
2557559705.0
2565532377.0
2574853470.0
2583630593.0
2593952208.0
2602584226.0
2610609277.0
2619919753.0
2628919490.0
2637539121.0
2645552493.0
2653587808.0
2662919519.0
2671631168.0
2680924302.0
2689931117.0
2699439078.0
2707605342.0
2715599603.0
2725931835.0
2735892455.0
2747923838.0
2756683620.0
2765922251.0
2774986754.0
2784592396.0
2792560821.0
2801580731.0
2809897410.0
2818582162.0
2827926259.0
2836611365.0
2845609332.0
2854925116.0
2864887506.0
2873626406.0
2882595707.0
2891907244.0
2901539429.0
2912889878.0
2921573922.0
2930651875.0
2939892983.0
2948574549.0
2957868036.0
2967596133.0
2976577467.0
2985882987.0
2994639584.0
3004874489.0
3013571627.0
3022538096.0
3031896350.0
3040912368.0
3049942541.0
3059895375.0
3068887326.0
3079459867.0
3090580624.0
3100813406.0
3109945507.0
3120547777.0
3129608034.0
3138907538.0
3147999293.0
3157964160.0
3174980455.0
3183618843.0
3193968417.0
3202632288.0
3210610622.0
3218671065.0
3228650797.0
3237960564.0
3246608155.0
3254625420.0
3263963147.0
3272618524.0
3281955897.0
3290598532.0
3299391228.0
3307950694.0
3316608194.0
3325567584.0
3333947968.0
3342641921.0
3351955936.0
3361955132.0
3370949915.0
3379971594.0
3388603966.0
3397957620.0
3408598820.0
3420962178.0
3429951297.0
3438589686.0
3446594918.0
3454586702.0
3462634404.0
3470638221.0
3479980549.0
3488573990.0
3496593379.0
3505964020.0
3514607363.0
3522619674.0
3530606503.0
3539963695.0
3548578371.0
3556604485.0
3565574139.0
3573947798.0
3582621578.0
3590620086.0
3599395794.0
3607583647.0
3615598435.0
3624589324.0
3633947932.0
3642623836.0
3650600047.0
3659001666.0
3667573872.0
3675598923.0
3684607862.0
3692980814.0
3701966394.0
3710601243.0
3718876868.0
3727965792.0
3736604888.0
3745610288.0
3753645249.0
3761967236.0
3770646325.0
3780485906.0
3789958475.0
3799403792.0
3808037226.0
3818772569.0
3828710184.0
3837958370.0
3848703622.0
3858738210.0
3867981088.0
3878762793.0
3890767988.0
3899706497.0
3909045286.0
3918618013.0
3928845132.0
3938738154.0
3947593139.0
3957664181.0
3966935018.0
3975980764.0
3985979606.0
3995903065.0
4004974293.0
4014597985.0
4023939605.0
4032621879.0
4042896068.0
4051983223.0
4062492767.0
4072883395.0
4081984706.0
4091598134.0
4101673422.0
4110922316.0
4119987528.0
4130727825.0
4140718882.0
4149975208.0
4160695686.0
4170723904.0
4180007128.0
4189989690.0
4199979685.0
4210801383.0
4219986926.0
4230720499.0
4239991690.0
4249638740.0
4258940013.0
4267990361.0
4277992035.0
4288862219.0
4297673319.0
4308717276.0
4318549778.0
4328475714.0
4338760521.0
4348002337.0
4357983130.0
4368734399.0
4377995326.0
4387604153.0
4399688270.0
4408638105.0
4417988573.0
4428719669.0
4437984135.0
4448706737.0
4457672498.0
4467010225.0
4477702743.0
4486940666.0
4496700261.0
4506001181.0
4516878444.0
4525995681.0
4536716159.0
4546718187.0
4555988670.0
4566734630.0
4576853451.0
4585686139.0
4595769214.0
4606491461.0
4615020490.0
4624666124.0
4633642857.0
4641996696.0
4651008467.0
4660001833.0
4668997323.0
4677998476.0
4686999275.0
4696003259.0
4705030247.0
4713651294.0
4722001241.0
4731013365.0
4739998945.0
4749025226.0
4757998773.0
4767000280.0
4775999309.0
4785028067.0
4794012586.0
4803023294.0
4812668221.0
4821012151.0
4830035600.0
4840048600.0
4852795602.0
4861947877.0
4871430002.0
4882861852.0
4892026514.0
4900784172.0
4910598270.0
4920416970.0
4929628349.0
4939028365.0
4948046860.0
4966665687.0
4976865201.0
4986586927.0
4995730708.0
5004728675.0
5013906078.0
5023037118.0
5032741856.0
5043049668.0
5053058420.0
5063527972.0
5073032039.0
5083035837.0
5093360637.0
5103801167.0
5112916281.0
5123380877.0
5133042438.0
5143044465.0
5152850070.0
5163054538.0
5181437657.0
5191908624.0
5202550887.0
5212056724.0
5222041410.0
5232037775.0
5241677393.0
5251040602.0
5260744279.0
5269045385.0
5280046872.0
5289714803.0
5299561462.0
5308744882.0
5317046696.0
5327045539.0
5337047920.0
5347045701.0
5356756102.0
5365049422.0
5375046142.0
5384043401.0
5394056401.0
5404757767.0
5414737144.0
5425048495.0
5435045568.0
5445549803.0
5455046439.0
5465416540.0
5475689668.0
5484803012.0
5495030484.0
5504065613.0
5512714619.0
5522036420.0
5531037573.0
5541033584.0
5550048186.0
5559036951.0
5568037042.0
5577035363.0
5585657472.0
5594506441.0
5603036177.0
5612057503.0
5621049100.0
5630042820.0
5639608115.0
5649038569.0
5658051047.0
5667044059.0
5679065533.0
5689042787.0
5698040047.0
5708043137.0
5717059154.0
5726043318.0
5735035269.0
5744506777.0
5752721528.0
5762044390.0
5771062177.0
5780064391.0
5788722245.0
5797052019.0
5806670048.0
5815042291.0
5824618558.0
5833060523.0
5841662104.0
5851050087.0
5860067520.0
5868700954.0
5878048236.0
5887050097.0
5896066468.0
5906053985.0
5915043813.0
5926047424.0
5935045391.0
5944612810.0
5953056899.0
5962048142.0
5971486381.0
5979672818.0
5994506865.0
6003504833.0
6013057033.0
6022055001.0
6031058631.0
6039669414.0
6049058813.0
6058057488.0
6067496435.0
6075730651.0
6085054929.0
6095494398.0
6104482102.0
6112718087.0
6121060248.0
6130586259.0
6139773571.0
6148721990.0
6157071229.0
6166062118.0
6175057962.0
6184760577.0
6194514510.0
6203063004.0
6212070173.0
6221460634.0
6230068231.0
6241577943.0
6250064147.0
6259501325.0
6268611484.0
6277070790.0
6286065927.0
6294680249.0
6304700327.0
6314532829.0
6326063775.0
6335592263.0
6344486887.0
6352726412.0
6361071050.0
6370072202.0
6379684214.0
6388748364.0
6397069290.0
6407073441.0
6416075656.0
6424686085.0
6434512216.0
6443068850.0
6454496807.0
6463070783.0
6472617320.0
6482845501.0
6492075283.0
6502072357.0
6512796374.0
6522832024.0
6532949428.0
6542071974.0
6552507196.0
6562809345.0
6572071688.0
6584819752.0
6594516704.0
6605019878.0
6614530316.0
6624840959.0
6634512075.0
6644485082.0
6654859076.0
6664631766.0
6673726352.0
6683841634.0
6693454708.0
6703856661.0
6712715539.0
6723557057.0
6733867346.0
6743491391.0
6753454488.0
6763016598.0
6772020582.0
6781546947.0
6791818305.0
6801782110.0
6811498881.0
6821798553.0
6831845174.0
6841543896.0
6851845337.0
6861799586.0
6871503617.0
6880707563.0
6890871685.0
6900516257.0
6910826193.0
6920488107.0
6930892892.0
6940963933.0
6950516134.0
6960842349.0
6970830220.0
6980486826.0
6990417717.0
6999525044.0
7009822238.0
7019929733.0
7029472378.0
7039827968.0
7049048549.0
7058929891.0
7067968205.0
7077466257.0
7087478194.0
7096958903.0
7106518890.0
7116526934.0
7126565062.0
7137793410.0
7148592103.0
7158514146.0
7168964232.0
7178516432.0
7195908232.0
7207840873.0
7216740806.0
7226854318.0
7235837067.0
7245476684.0
7255841123.0
7264759813.0
7273724512.0
7283032156.0
7292062684.0
7300744250.0
7310849268.0
7322070184.0
7330726976.0
7340829516.0
7349730156.0
7359042401.0
7368036122.0
7376873057.0
7386044090.0
7394728842.0
7404528429.0
7413729545.0
7423036481.0
7432586558.0
7440730879.0
7449730616.0
7459044631.0
7467736107.0
7477561885.0
7488042407.0
7499513896.0
7507732894.0
7516644151.0
7525500906.0
7533733707.0
7541856085.0
7550920589.0
7559904754.0
7568891396.0
7577928648.0
7586990321.0
7595737361.0
7604737806.0
7614048636.0
7622739404.0
7631764269.0
7641047847.0
7650050061.0
7658740122.0
7669941218.0
7679051023.0
7687741437.0
7696744713.0
7706557750.0
7716049431.0
7724747985.0
7734057045.0
7743050057.0
7751771616.0
7760745163.0
7770067318.0
7778749946.0
7787768087.0
7797056266.0
7806921328.0
7815934514.0
7824921510.0
7833939297.0
7842962392.0
7854062622.0
7862749144.0
7872481487.0
7880750033.0
7890517061.0
7899945037.0
7908754013.0
7917751272.0
7927064579.0
7935752162.0
7944752607.0
7953752698.0
7962584679.0
7970756252.0
7979538330.0
7988754310.0
7997503120.0
8006755200.0
8015567715.0
8023763000.0
8032717436.0
8041647098.0
8050778138.0
8059553492.0
8067757625.0
8076757716.0
8085550058.0
8093761270.0
8102602806.0
8111536361.0
8119759960.0
8128683605.0
8136820140.0
8146553899.0
8154764403.0
8163603816.0
8172764585.0
8181538523.0
8189762830.0
8199999858.0
8209764408.0
8218577278.0
8227573475.0
8235767699.0
8244765313.0
8253536420.0
8261795410.0
8270611464.0
8279572625.0
8287772865.0
8296712436.0
8308782397.0
8317566245.0
8325772856.0
8334609083.0
8343769852.0
8352792594.0
8361667398.0
8372771168.0
8380785602.0
8388771369.0
8397539999.0
8406772612.0
8415591852.0
8424773502.0
8433774301.0
8443575658.0
8451802088.0
8460774928.0
8469587089.0
8478883762.0
8487776262.0
8496779185.0
8505599840.0
8514580820.0
8522777875.0
8531541903.0
8543585320.0
8551778836.0
8559779467.0
8568779558.0
8577780357.0
8586591457.0
8594806208.0
8604610750.0
8612781615.0
8620781893.0
8628781816.0
8637547261.0
8645783247.0
8654629738.0
8663601162.0
8671783706.0
8679784337.0
8688784782.0
8700528078.0
8708785653.0
8716786284.0
8724809212.0
8733814258.0
8742590320.0
8750787375.0
8759587503.0
8767788097.0
8775788375.0
8784788820.0
8792790159.0
8800796099.0
8809675859.0
8818583577.0
8826910166.0
8836731342.0
8844791432.0
8852791709.0
8860792340.0
8872613852.0
8881475208.0
8889793656.0
8899553605.0
8909473525.0
8917795512.0
8926795249.0
8936475921.0
8945452653.0
8954676066.0
8963830464.0
8973599261.0
8981804810.0
8991651115.0
9001796833.0
9011655171.0
9020806738.0
9036808001.0
9046640857.0
9054807829.0
9062808814.0
9071808905.0
9081715729.0
9091643789.0
9103698885.0
9112813291.0
9121811966.0
9130811703.0
9140632526.0
9148816132.0
9156813224.0
9164820580.0
9172816257.0
9180837415.0
9197495193.0
9206837875.0
9221598661.0
9229816597.0
9238815980.0
9248641404.0
9256935078.0
9265818022.0
9274817406.0
9282820868.0
9292832806.0
9301643552.0
9311686634.0
9320819797.0
9329820242.0
9339713972.0
9348857753.0
9358621595.0
9366814049.0
9377689896.0
9386815627.0
9396517888.0
9405911888.0
9416599452.0
9424816680.0
9432817665.0
9441615316.0
9450818909.0
9459819000.0
9468818383.0
9477588428.0
9485819813.0
9494627728.0
9503612600.0
9511848940.0
9519825505.0
9528821349.0
9537576530.0
9546454520.0
9557972017.0
9567022010.0
9576507674.0
9584823645.0
9593826213.0
9604017233.0
9612833287.0
9621853905.0
9631511927.0
9640599789.0
9648826573.0
9658499105.0
9666827462.0
9676573609.0
9685481328.0
9694622985.0
9704634923.0
9714513788.0
9722834713.0
9733830892.0
9743503070.0
9751859387.0
9761465737.0
9769832672.0
9778853290.0
9788488307.0
9797467163.0
9806836388.0
9817550142.0
9826505993.0
9834835059.0
9843835150.0
9853491402.0
9861862583.0
9870878247.0
9880605635.0
9889497428.0
9897837819.0
9910497050.0
9919527578.0
9927839302.0
9936839393.0
9946512633.0
9954841344.0
9963841081.0
9973488839.0
9982502733.0
9990841708.0
10000766582.0
10010503881.0
10018842856.0
10027851087.0
10037460622.0
10045853039.0
10055497611.0
10063845435.0
10073528938.0
10081877115.0
10090846415.0
10100476831.0
10109458872.0
10119670419.0
10128857024.0
10137855345.0
10146855790.0
10154860314.0
10163859344.0
10171886165.0
10179857421.0
10188878039.0
10199878819.0
10208867585.0
10216863615.0
10225860167.0
10235699747.0
10243859995.0
10253860961.0
10263727793.0
10273659391.0
10282866877.0
10292562768.0
10301662309.0
10309863611.0
10318862994.0
10327863439.0
10335864070.0
10344872302.0
10353886549.0
10363727899.0
10371895579.0
10380866649.0
10388878605.0
10396876759.0
10405830133.0
10414868093.0
10424685023.0
10432868983.0
10440870322.0
10449868290.0
10459704685.0
10467869887.0
10476883427.0
10486702834.0
10494870868.0
10503804423.0
10512939002.0
10522652588.0
10532551980.0
10541017304.0
10552694771.0
10560881563.0
10568874054.0
10579615767.0
10587999336.0
10599667602.0
10608876149.0
10616875719.0
10626714238.0
10634878024.0
10643877407.0
10653667793.0
10661909442.0
10670891129.0
10679983238.0
10688893081.0
10696879555.0
10705881062.0
10714880091.0
10722889924.0
10732728443.0
10743060675.0
10753633924.0
10762910777.0
10772536946.0
10780889370.0
10788955476.0
10797889031.0
10806884167.0
10816684816.0
10824895320.0
10833930803.0
10842923108.0
10851889577.0
10860887190.0
10870559014.0
10878887726.0
10887888525.0
10897653075.0
10908637928.0
10917889654.0
10927551214.0
10935890897.0
10944890280.0
10954564936.0
10962942488.0
10971896570.0
10980892060.0
10988904724.0
10996892615.0
11005550469.0
11013893337.0
11023613294.0
11032764861.0
11042595947.0
11050894930.0
11073774556.0
11083600333.0
11091898255.0
11101653957.0
11110897542.0
11120552024.0
11129594585.0
11137902062.0
11146902861.0
11155900120.0
11165530182.0
11173901718.0
11182929060.0
11191907563.0
11209722646.0
11217902359.0
11227577369.0
11236798657.0
11247084172.0
11256904641.0
11265904024.0
11275593898.0
11283904560.0
11292905713.0
11302056572.0
11311907124.0
11319907401.0
11328907846.0
11338577900.0
11348669115.0
11357912347.0
11366918808.0
11376032506.0
11385908894.0
11395591689.0
11404763076.0
11417739416.0
11426911510.0
11435911601.0
11444911692.0
11452912678.0
11460941622.0
11469913754.0
11479587348.0
11487914290.0
11496914381.0
11505920842.0
11515013659.0
11524916237.0
11532916160.0
11542592585.0
11552703265.0
11561921369.0
11571722372.0
11581609024.0
11589918624.0
11599584077.0
11608777407.0
11617810766.0
11630731187.0
11639923101.0
11649095195.0
11659604739.0
11667922125.0
11676922570.0
11684922848.0
11692923833.0
11701609293.0
11709923848.0
11719630355.0
11727925445.0
11736926598.0
11745925273.0
11755614793.0
11767714837.0
11776926570.0
11786008769.0
11796669789.0
11805558397.0
11813928870.0
11822928607.0
11831928698.0
11841635560.0
11851013634.0
11860737130.0
11871742864.0
11881728612.0
11889931329.0
11899765955.0
11910932721.0
11919933874.0
11928936796.0
11937933702.0
11947604110.0
11955935654.0
11964935037.0
11972944516.0
11980941254.0
11988936223.0
12000051318.0
12009690935.0
12017937892.0
12027635198.0
12037605020.0
12045938333.0
12055635639.0
12066751441.0
12075940170.0
12094722506.0
12103940610.0
12111972740.0
12120944871.0
12129941777.0
12138942930.0
12147943375.0
12156943819.0
12166622368.0
12174944001.0
12183944800.0
12193715013.0
12203624315.0
12211975323.0
12220950994.0
12228948794.0
12239949574.0
12248951080.0
12257951525.0
12266958341.0
12275948168.0
12284953568.0
12292948890.0
12301615592.0
12309949967.0
12319667092.0
12327950856.0
12337022438.0
12346631973.0
12357014107.0
12366647708.0
12374953062.0
12383952799.0
12392953244.0
12405601504.0
12413957113.0
12422954726.0
12431984192.0
12440956678.0
12449956061.0
12458956506.0
12467956951.0
12476960227.0
12484979262.0
12492957951.0
12501987771.0
12511711974.0
12520959453.0
12529967330.0
12538963882.0
12548636060.0
12557962107.0
12572469136.0
12581601591.0
12589962509.0
12599728121.0
12607962691.0
12616766005.0
12626653010.0
12634964026.0
12644614969.0
12652995353.0
12662686642.0
12674069651.0
12683685557.0
12692005774.0
12701600799.0
12710117086.0
12720904808.0
12731639797.0
12740969737.0
12749643164.0
12761729759.0
12770969805.0
12779970604.0
12788970694.0
12796994684.0
12805633781.0
12813971340.0
12823644934.0
12832002313.0
12840977984.0
12850065846.0
12860066812.0
12869653342.0
12877975330.0
12887813848.0
12899694818.0
12908975918.0
12917083078.0
12926669255.0
12934979209.0
12944006905.0
12952978329.0
12961979128.0
12970978865.0
12980633347.0
12991043794.0
13000985657.0
13009980439.0
13018980530.0
13027980975.0
13035982668.0
13044982051.0
13054684666.0
13064983275.0
13074014157.0
13082983811.0
13091983548.0
13108115052.0
13116986318.0
13126656018.0
13137024350.0
13146660782.0
13154986662.0
13164014713.0
13172990030.0
13180996324.0
13188989523.0
13197991029.0
13214448844.0
13223662347.0
13232990164.0
13242991130.0
13251994407.0
13261025288.0
13270694281.0
13279992015.0
13287998663.0
13296993446.0
13305691292.0
13313993106.0
13323686519.0
13334043171.0
13343661554.0
13351999821.0
13360006115.0
13369000190.0
13377996388.0
13387681307.0
13396889500.0
13407693503.0
13417854085.0
13427688003.0
13435998665.0
13443999650.0
13453000449.0
13461664319.0
13470719267.0
13480001784.0
13489006475.0
13499592465.0
13508001870.0
13516003563.0
13525002946.0
13534668046.0
13545046641.0
13554042485.0
13563700860.0
13572004090.0
13581038157.0
13590009580.0
13599638581.0
13608006223.0
13617644071.0
13626007113.0
13635007912.0
13644009064.0
13653032868.0
13662682749.0
13673786872.0
13683031165.0
13693068585.0
13702010280.0
13711042577.0
13721978590.0
13734026608.0
13743005818.0
13752005201.0
13761033251.0
13770028741.0
13779028478.0
13788011581.0
13797013796.0
13805622455.0
13814008148.0
13823083977.0
13833720930.0
13842016374.0
13851051857.0
13860061503.0
13870605023.0
13879612546.0
13888950274.0
13897706870.0
13907033980.0
13916612016.0
13925016112.0
13934620692.0
13943808358.0
13952014261.0
13961846763.0
13971066282.0
13980611404.0
13989590968.0
13998023023.0
14008772169.0
14017017002.0
14026613796.0
14035761116.0
14044018691.0
14053018428.0
14062629378.0
14071056833.0
14080763695.0
14089020207.0
14098027023.0
14107641158.0
14116876958.0
14126028171.0
14135633459.0
14144625410.0
14153023135.0
14162023580.0
14171772204.0
14180624004.0
14189024561.0
14199711416.0
14208638955.0
14217025355.0
14226030401.0
14235702578.0
14246590105.0
14255031716.0
14264625325.0
14273605242.0
14282033758.0
14291800432.0
14300996947.0
14310030306.0
14319032874.0
14328661520.0
14337604277.0
14346032085.0
14355798759.0
14364680642.0
14373032004.0
14382033157.0
14391803016.0
14401066420.0
14412805115.0
14421037916.0
14430034822.0
14439786277.0
14448036065.0
14457037218.0
14466762837.0
14475789472.0
14484039614.0
14493722764.0
14502775234.0
14512682767.0
14521811329.0
14530038821.0
14539766564.0
14548043604.0
14557995729.0
14567090316.0
14576084744.0
14585592705.0
14594042810.0
14603789665.0
14612778784.0
14621043437.0
14630043528.0
14639764192.0
14648747295.0
14657044863.0
14666784992.0
14675805964.0
14684045843.0
14693046288.0
14703597594.0
14712073181.0
14721726956.0
14730048589.0
14739072746.0
14748775007.0
14757723072.0
14768888777.0
14777050794.0
14786050885.0
14795762702.0
14804714306.0
14814767298.0
14823077960.0
14833053090.0
14842796759.0
14851772076.0
14860088047.0
14869797032.0
14878767748.0
14887055406.0
14896055851.0
14906108843.0
14915764740.0
14924770494.0
14936470612.0
14945729062.0
14954058482.0
14963850283.0
14973064140.0
14982099268.0
14991060075.0
15000724466.0
15010776043.0
15019814357.0
15028062022.0
15037068483.0
15046772159.0
15055063356.0
15064925941.0
15074064059.0
15083063796.0
15092793663.0
15101601931.0
15111860194.0
15121066265.0
15130745167.0
15140769846.0
15149748702.0
15158802588.0
15167067241.0
15176073702.0
15185740571.0
15194804721.0
15203759865.0
15222400989.0
15232073875.0
15241070781.0
15250071225.0
15259099630.0
15268072469.0
15277081408.0
15286075836.0
15297076970.0
15307074043.0
15316074488.0
15325074579.0
15334075378.0
15343075822.0
15352076267.0
15361076004.0
15370076803.0
15379104146.0
15388076985.0
15397077076.0
15407077334.0
15416078133.0
15425078932.0
15434085040.0
15443079468.0
15452080267.0
15461081065.0
15472080783.0
15481080520.0
15490080965.0
15500689252.0
15509882935.0
15518728011.0
15528093343.0
15537742870.0
15546100603.0
15555915410.0
15565097060.0
15574786933.0
15583100427.0
15592915587.0
15601779774.0
15610132198.0
15620955666.0
15630822144.0
15641780454.0
15651099423.0
15661104282.0
15670817515.0
15679108003.0
15688919270.0
15700892258.0
15710135843.0
15720712985.0
15730811632.0
15739102829.0
15748922236.0
15759729070.0
15769892130.0
15778108650.0
15787109449.0
15799755231.0
15808109425.0
15818033945.0
15829051359.0
15838790073.0
15847118077.0
15856937484.0
15865114012.0
15874795746.0
15883113132.0
15892926523.0
15903001104.0
15912795737.0
15921114539.0
15930922621.0
15939822907.0
15948685679.0
15957112779.0
15966843353.0
15975117208.0
15985983853.0
15995816002.0
16004776100.0
16013114721.0
16022814505.0
16031915816.0
16040809024.0
16049116147.0
16058807436.0
16067747716.0
16078993759.0
16088778836.0
16097118520.0
16106829628.0
16117120452.0
16126806079.0
16138119367.0
16147821627.0
16166025665.0
16175765795.0
16185680406.0
16194816400.0
16205692955.0
16214825765.0
16223136427.0
16232794094.0
16241127761.0
16250846302.0
16259125820.0
16268790211.0
16281886883.0
16290881312.0
16299817344.0
16309138791.0
16318842467.0
16327841142.0
16336981738.0
16345594645.0
16354119072.0
16363928570.0
16372135534.0
16381830717.0
16390590145.0
16399771087.0
16409889553.0
16418859561.0
16427124922.0
16436823644.0
16446441672.0
16455808775.0
16465123851.0
16474840976.0
16483843191.0
16492990157.0
16501781791.0
16511145708.0
16520872743.0
16529128548.0
16538865847.0
16547127314.0
16556128113.0
16566856377.0
16575133771.0
16584846650.0
16593129352.0
16602801530.0
16612681103.0
16623131543.0
16632858224.0
16641779746.0
16651132337.0
16661016157.0
16669139244.0
16678854953.0
16687133763.0
16696143410.0
16706093058.0
16715133849.0
16724843188.0
16733136155.0
16742591028.0
16751866466.0
16760877174.0
16769138288.0
16778139087.0
16787970881.0
16796143162.0
16805787380.0
16815876826.0
16824139709.0
16833831706.0
16842142014.0
16851708017.0
16861879925.0
16870898066.0
16879147854.0
16889582014.0
16899848771.0
16908142799.0
16917843645.0
16926147582.0
16935884527.0
16944144933.0
16953943813.0
16964147927.0
16973830722.0
16982892395.0
16991902395.0
17000832411.0
17010605101.0
17019930087.0
17028879568.0
17037607851.0
17046887536.0
17055917002.0
17064627944.0
17074873466.0
17083151214.0
17092995749.0
17102970171.0
17112835588.0
17122877254.0
17131672782.0
17140719943.0
17149559002.0
17158898145.0
17167904607.0
17189731685.0
17199820777.0
17208698059.0
17217815650.0
17234778149.0
17244728859.0
17253822738.0
17264794850.0
17273782908.0
17283526223.0
17292860057.0
17301817325.0
17310950134.0
17322868265.0
17331742008.0
17342067515.0
17351901433.0
17360684927.0
17369879672.0
17378721916.0
17387898611.0
17396688476.0
17405664147.0
17414874110.0
17426067066.0
17435878687.0
17444689433.0
17453822950.0
17462727130.0
17471848614.0
17480690505.0
17489836763.0
17500110953.0
17509893552.0
17518718101.0
17527735888.0
17536979827.0
17545740317.0
17554868879.0
17563868262.0
17572822344.0
17581845794.0
17592751016.0
17601738012.0
17610865513.0
17619807561.0
17629858784.0
17640729322.0
17649836296.0
17660750720.0
17669500592.0
17678105005.0
17687906008.0
17696694103.0
17705713306.0
17714883984.0
17723733307.0
17732841696.0
17741671553.0
17750876562.0
17762065625.0
17771875476.0
17780696486.0
17789832835.0
17801005264.0
17812890834.0
17821850225.0
17830726091.0
17839726536.0
17848985340.0
17857766710.0
17866869083.0
17875724422.0
17884981102.0
17895803154.0
17905849422.0
17914708654.0
17923712284.0
17932845094.0
17941850494.0
17950705833.0
17959907302.0
17968875187.0
17979128495.0
17988900124.0
17997696005.0
18007875699.0
18016830842.0
18025901363.0
18034866062.0
18043711492.0
18052997547.0
18063777837.0
18073859142.0
18082712004.0
18091718819.0
18100998858.0
18109723956.0
18120805074.0
18131770462.0
18141034929.0
18149693137.0
18158988040.0
18167711722.0
18176851256.0
18185749773.0
18200832977.0
18210730600.0
18219969938.0
18230841892.0
18242013614.0
18253873348.0
18262839109.0
18271635344.0
18280748688.0
18289601196.0
18299534565.0
18308911576.0
18317551734.0
18326610929.0
18335589431.0
18344578197.0
18353558823.0
18362609170.0
18371634743.0
18380579977.0
18389841258.0
18399642969.0
18408609084.0
18417806660.0
18426597941.0
18435621744.0
18444595999.0
18453557867.0
18462603259.0
18471628478.0
18480596363.0
18489601763.0
18499558843.0
18508712888.0
18517614944.0
18526839064.0
18535595306.0
18544707589.0
18553586640.0
18562594164.0
18571598502.0
18580710430.0
18589614256.0
18599532052.0
18608580629.0
18617566563.0
18626594260.0
18637579821.0
18646594423.0
18655596991.0
18664709274.0
18673586556.0
18682599034.0
18691593462.0
18700969412.0
18709617710.0
18718607891.0
18727909519.0
18736714956.0
18745938368.0
18754594099.0
18763609408.0
18773037738.0
18781894492.0
18790594816.0
18800792914.0
18809938110.0
18818609413.0
18827595701.0
18836901930.0
18845565800.0
18854921577.0
18863609160.0
18872584831.0
18881871948.0
18890648010.0
18900142876.0
18909590671.0
18918607750.0
18927940522.0
18936909822.0
18945571215.0
18954921683.0
18963626254.0
18972942392.0
18981882318.0
18990615910.0
19000724113.0
19009613428.0
19018926381.0
19027913731.0
19036710674.0
19045592203.0
19054910464.0
19063606187.0
19073022484.0
19081647070.0
19090598674.0
19099938525.0
19109028864.0
19117799971.0
19128788718.0
19137915511.0
19146621497.0
19155964533.0
19164604691.0
19173871281.0
19182920566.0
19191630800.0
19200863060.0
19210921007.0
19221853835.0
19238923924.0
19247941357.0
19256747148.0
19265712909.0
19274919333.0
19283776088.0
19292857934.0
19301689207.0
19310891030.0
19322604951.0
19331898439.0
19340852520.0
19353763740.0
19364780092.0
19373463074.0
19382870523.0
19392892370.0
19401933869.0
19410971121.0
19419800271.0
19429882992.0
19438724882.0
19447900161.0
19456840794.0
19465881586.0
19476610204.0
19487724591.0
19497593546.0
19507942058.0
19516722721.0
19525937639.0
19534910832.0
19543600893.0
19552751752.0
19561942604.0
19571624691.0
19580894467.0
19589567893.0
19599552225.0
19608916496.0
19617589568.0
19626927295.0
19635626203.0
19644604351.0
19653927214.0
19662924474.0
19671643555.0
19681912790.0
19691504275.0
19700835985.0
19710612923.0
19719987103.0
19729598054.0
19738604161.0
19747937995.0
19756717242.0
19765900662.0
19774614788.0
19783603200.0
19793426147.0
19803631322.0
19815008669.0
19823601756.0
19832586629.0
19841890734.0
19850627511.0
19859923830.0
19869069027.0
19878885248.0
19887788366.0
19897906479.0
19907750660.0
19916860111.0
19925684306.0
19934913027.0
19947975015.0
19956732673.0
19965846725.0
19974736040.0
19983906365.0
19992890530.0
20001863723.0
