1678625.0
9871079.0
18502743.0
26821899.0
35811372.0
44611855.0
67435207.0
75523964.0
84459642.0
94462732.0
103457868.0
112566611.0
121925219.0
130874346.0
139819580.0
148849754.0
158492911.0
168527853.0
177842576.0
186493351.0
195908586.0
215497852.0
224867786.0
233548290.0
242510512.0
251890709.0
261456358.0
270503520.0
279899997.0
288467249.0
297923892.0
307483170.0
316579172.0
325866643.0
334881599.0
343493090.0
352997158.0
361997248.0
370468588.0
379461601.0
388999291.0
397851445.0
408587849.0
417861517.0
426887090.0
435528664.0
444877716.0
453548311.0
463410188.0
472993887.0
481445054.0
490464257.0
500463453.0
508616976.0
517470192.0
526862068.0
535878439.0
544587965.0
553980195.0
562844029.0
573976819.0
582939041.0
591482934.0
601016023.0
610830121.0
620868956.0
629966374.0
639836745.0
649974677.0
658879211.0
667462388.0
676581041.0
685887270.0
694467616.0
705837176.0
715890168.0
724580582.0
733897782.0
742463972.0
751465833.0
760993613.0
769911949.0
779539180.0
787470443.0
797003532.0
805845777.0
815465575.0
824875147.0
833983182.0
842491684.0
851888869.0
860888252.0
869468244.0
880590063.0
889942655.0
899389034.0
908479020.0
917941679.0
926892222.0
935480001.0
944890280.0
953509911.0
963691729.0
972890721.0
981527340.0
990471512.0
1000646251.0
1009484248.0
1018473368.0
1027921517.0
1036585033.0
1046822416.0
1055470006.0
1064473990.0
1073968856.0
1082903472.0
1091473201.0
1103811784.0
1113946885.0
1122470250.0
1131927247.0
1140472202.0
1149941232.0
1166922489.0
1175493987.0
1184964787.0
1193511865.0
1202863041.0
1212472222.0
1221977351.0
1233495203.0
1242909376.0
1251528653.0
1260551040.0
1269895846.0
1278895583.0
1287498580.0
1296912399.0
1306574313.0
1315501851.0
1324586882.0
1333973096.0
1342498231.0
1351954520.0
1360586892.0
1370489823.0
1379910367.0
1388989735.0
1400014935.0
1410577566.0
1419949269.0
1428506611.0
1437938480.0
1446915566.0
1455517148.0
1464876464.0
1474909636.0
1483502016.0
1492584923.0
1502634376.0
1512006787.0
1520560943.0
1529904687.0
1538873279.0
1548915653.0
1557944412.0
1566507416.0
1575946009.0
1584506890.0
1593875054.0
1602535385.0
1610490361.0
1618894457.0
1627568945.0
1635500209.0
1643569500.0
1651897504.0
1660586857.0
1668551035.0
1678886098.0
1687571557.0
1695501051.0
1703905501.0
1713037603.0
1721494079.0
1730881708.0
1741656689.0
1750571486.0
1759571223.0
1769006277.0
1777981594.0
1786573266.0
1795987793.0
1805549549.0
1814891169.0
1824582458.0
1833932218.0
1842605645.0
1851521857.0
1860993011.0
1869982131.0
1878526731.0
1887930287.0
1896576815.0
1906585922.0
1922921635.0
1931580905.0
1939595339.0
1947523771.0
1955591647.0
1963579183.0
1971549732.0
1979625747.0
1988891983.0
1997555854.0
2005897661.0
2014577811.0
2022606756.0
2030587568.0
2038579352.0
2046585646.0
2054867994.0
2064900459.0
2073520090.0
2081593274.0
2089553205.0
2097541096.0
2105530048.0
2113563947.0
2121504059.0
2129537251.0
2137520186.0
2145534267.0
2153529943.0
2161565612.0
2169544301.0
2177569706.0
2186593156.0
2195576259.0
2205569439.0
2215004139.0
2223589794.0
2233038297.0
2244385560.0
2252596418.0
2261569258.0
2270940607.0
2279583950.0
2288563514.0
2298023696.0
2307597839.0
2317001395.0
2325534670.0
2335004762.0
2343621915.0
2352578475.0
2362014944.0
2371000171.0
2379607061.0
2389006369.0
2397963282.0
2408900003.0
2417590417.0
2425996283.0
2435601571.0
2443962843.0
2452720147.0
2460963211.0
2470932325.0
2479618138.0
2487650976.0
2496915442.0
2505634524.0
2514942522.0
2523968095.0
2532686469.0
2541900325.0
2550921297.0
2559619851.0
2567593939.0
2575935038.0
2585577133.0
2595413528.0
2604682595.0
2612579883.0
2621323031.0
2630939644.0
2639602099.0
2647603792.0
2655620350.0
2663964634.0
2672752021.0
2681977557.0
2690992866.0
2700918802.0
2709547281.0
2717555698.0
2726652762.0
2735576407.0
2746583911.0
2754591975.0
2762647463.0
2771026431.0
2780565891.0
2788601206.0
2796582726.0
2805008411.0
2813956830.0
2822596634.0
2830597619.0
2838928808.0
2847603296.0
2855629764.0
2864569335.0
2874042258.0
2883012266.0
2891591905.0
2900938480.0
2910945108.0
2921991189.0
2931367847.0
2939579413.0
2948990401.0
2957547742.0
2968037113.0
2976990841.0
2985571187.0
2995328305.0
3003986159.0
3013988895.0
3022947223.0
3031579949.0
3040597736.0
3050679749.0
3059580036.0
3068569509.0
3079930930.0
3089937912.0
3099948080.0
3110678468.0
3119937980.0
3130022824.0
3138590075.0
3147596891.0
3155944006.0
3173298645.0
3181584533.0
3189958546.0
3199506853.0
3208721063.0
3216602779.0
3224584653.0
3232857446.0
3240609274.0
3249903469.0
3258616888.0
3266622474.0
3274628414.0
3283477029.0
3291963234.0
3300963678.0
3309972263.0
3318968815.0
3327621006.0
3335995727.0
3344662429.0
3353586428.0
3363471664.0
3373003337.0
3381960250.0
3390970251.0
3400601374.0
3412773263.0
3422414296.0
3431002075.0
3439955449.0
3448724432.0
3456607210.0
3464588730.0
3472751809.0
3481450009.0
3489959218.0
3499709965.0
3508612375.0
3516592834.0
3524572938.0
3532994730.0
3541959783.0
3550585077.0
3558961921.0
3567600663.0
3579964375.0
3588592146.0
3596573312.0
3604985194.0
3613571910.0
3621946277.0
3630587851.0
3638600870.0
3646580620.0
3654587622.0
3662993487.0
3671585867.0
3680006243.0
3688602869.0
3696966619.0
3705962109.0
3714594835.0
3723002470.0
3731963984.0
3740964783.0
3749584414.0
3757957365.0
3766584782.0
3774609126.0
3783033395.0
3791959517.0
3800960670.0
3809785219.0
3818023682.0
3827968729.0
3838803522.0
3847973493.0
3857970566.0
3868938785.0
3877992672.0
3889979462.0
3900479096.0
3909850091.0
3919043421.0
3927978391.0
3937986082.0
3948005452.0
3956966258.0
3966616139.0
3976939169.0
3986838207.0
3995589141.0
4005760695.0
4015013482.0
4023615063.0
4033043747.0
4042500036.0
4052822358.0
4063447279.0
4071985863.0
4082858171.0
4092013277.0
4100973730.0
4110604146.0
4120947703.0
4129987078.0
4139971764.0
4150796294.0
4159983960.0
4169984927.0
4180960578.0
4190829180.0
4200823068.0
4209984190.0
4220795271.0
4229987184.0
4240950803.0
4250058484.0
4258625028.0
4268482658.0
4278828693.0
4288000433.0
4299036958.0
4307981130.0
4318975894.0
4328924126.0
4337998893.0
4348986578.0
4358842793.0
4367994006.0
4378835877.0
4388020005.0
4397984871.0
4409047940.0
4418835141.0
4427985646.0
4438813715.0
4447985101.0
4458374314.0
4467852192.0
4476989248.0
4486616479.0
4495988182.0
4506833946.0
4516020905.0
4526837648.0
4535988861.0
4545990535.0
4556799846.0
4566004147.0
4575995911.0
4586386893.0
4595043332.0
4607523127.0
4616421644.0
4625687526.0
4634590290.0
4644020036.0
4653035345.0
4662015617.0
4671915009.0
4681019859.0
4690016057.0
4700014900.0
4708740706.0
4717019515.0
4726616663.0
4735577823.0
4744760181.0
4753020587.0
4761632078.0
4770019540.0
4778633154.0
4787041143.0
4796019645.0
4804708290.0
4813585218.0
4823023103.0
4831921266.0
4842652008.0
4851044071.0
4861025925.0
4870022831.0
4879063976.0
4889040168.0
4898026456.0
4909020866.0
4919007321.0
4928028293.0
4936730741.0
4945057329.0
4965583057.0
4975060228.0
4984976254.0
4994041819.0
5003782303.0
5013497659.0
5021701084.0
5030036167.0
5039032010.0
5048032101.0
5056737380.0
5064810564.0
5074880544.0
5084909470.0
5092717925.0
5102964155.0
5112015918.0
5121039013.0
5131021930.0
5140026975.0
5148734377.0
5157019558.0
5165631756.0
5181971363.0
5191022064.0
5200614965.0
5209028262.0
5218023045.0
5227021012.0
5236949072.0
5246044012.0
5256040023.0
5265032682.0
5274056132.0
5284737679.0
5296047074.0
5305046103.0
5314537429.0
5323600518.0
5332768011.0
5341048944.0
5351045663.0
5360042923.0
5369063541.0
5378606893.0
5387606276.0
5397049117.0
5407054684.0
5416730401.0
5426909741.0
5436916016.0
5446907780.0
5456914763.0
5464740914.0
5473628105.0
5484599156.0
5496447565.0
5506049314.0
5514672838.0
5523531362.0
5533057019.0
5543059047.0
5552730517.0
5561055336.0
5570682566.0
5579054102.0
5588058440.0
5596756994.0
5605058808.0
5615539685.0
5624581892.0
5634606924.0
5644750165.0
5653065074.0
5663057546.0
5673065945.0
5682595140.0
5692736611.0
5701067801.0
5710059398.0
5719061258.0
5728742992.0
5737064625.0
5746640892.0
5755064099.0
5764752557.0
5773583123.0
5783600015.0
5793543293.0
5803065410.0
5812733341.0
5821069131.0
5830067807.0
5840067711.0
5848758125.0
5857578427.0
5867617970.0
5879484429.0
5888482396.0
5897717841.0
5908723222.0
5918645619.0
5928066162.0
5938067482.0
5948068095.0
5956743998.0
5964678447.0
5973572363.0
5986461640.0
5995690715.0
6004766544.0
6014531094.0
6023575779.0
6033574621.0
6042619306.0
6054570351.0
6063611496.0
6074615107.0
6086976341.0
6096530311.0
6105532525.0
6114619680.0
6124566851.0
6133805127.0
6142695504.0
6151603223.0
6160762930.0
6169707456.0
6178592170.0
6187623052.0
6196745598.0
6205591735.0
6215594471.0
6225823359.0
6234560845.0
6242791168.0
6251520867.0
6260516710.0
6269653059.0
6279632083.0
6289594472.0
6299532441.0
6308582788.0
6318376359.0
6328761325.0
6337637899.0
6347609136.0
6356696644.0
6364690905.0
6373533503.0
6382610748.0
6392580924.0
6400732677.0
6409721443.0
6418859561.0
6427498304.0
6436616957.0
6446529798.0
6456818498.0
6465073595.0
6473738881.0
6482071840.0
6492919020.0
6502911492.0
6512073677.0
6522502528.0
6532618517.0
6542927036.0
6552932603.0
6562074261.0
6572907992.0
6584486717.0
6594943881.0
6604712324.0
6614510143.0
6624508277.0
6634936421.0
6644909781.0
6654529934.0
6665064252.0
6674494705.0
6683078236.0
6693905951.0
6703503099.0
6713432220.0
6724018210.0
6733510598.0
6743938741.0
6753905731.0
6762702674.0
6771702058.0
6781969169.0
6791494471.0
6801457215.0
6811923581.0
6821469411.0
6831517448.0
6841974966.0
6851517611.0
6861473983.0
6871930086.0
6881444063.0
6890543251.0
6900945204.0
6910501297.0
6920912453.0
6930536852.0
6940627713.0
6950943311.0
6960505774.0
6970506741.0
6980909402.0
6989779252.0
7000010617.0
7009495927.0
7019544318.0
7029895308.0
7039505197.0
7048735333.0
7058515456.0
7067501036.0
7077941920.0
7086775316.0
7096624806.0
7106952083.0
7116506407.0
7127035770.0
7137467807.0
7149057857.0
7158942385.0
7168629073.0
7178945025.0
7196590583.0
7207511377.0
7217384226.0
7226525529.0
7236570735.0
7245919788.0
7255514104.0
7265441456.0
7274502774.0
7282723187.0
7291751238.0
7301386962.0
7310520126.0
7321756614.0
7331483649.0
7340496127.0
7350488245.0
7358727770.0
7367727507.0
7377546560.0
7385729458.0
7395505334.0
7404508610.0
7414474892.0
7422729990.0
7431758040.0
7441459239.0
7450483042.0
7458734247.0
7468587630.0
7478049227.0
7487732023.0
7496732822.0
7505477385.0
7514535164.0
7523511897.0
7531762039.0
7541434571.0
7550530219.0
7559516862.0
7568501380.0
7577533324.0
7586604906.0
7596487310.0
7605444577.0
7613738251.0
7623497846.0
7632475641.0
7640739586.0
7649739677.0
7659493609.0
7669609952.0
7678740638.0
7688465550.0
7697438743.0
7707618437.0
7715741877.0
7725446616.0
7733745598.0
7742744274.0
7752487943.0
7761446979.0
7769750563.0
7779509097.0
7788485829.0
7796745881.0
7806529189.0
7815543083.0
7824532910.0
7833545388.0
7842576977.0
7853748699.0
7863511833.0
7871775070.0
7881535727.0
7889807459.0
7899526708.0
7909488743.0
7918487064.0
7926752425.0
7936598730.0
7945553520.0
7954832143.0
7963735614.0
7973568116.0
7982658810.0
7991604752.0
8000571221.0
8009680672.0
8022907231.0
8030768419.0
8039680031.0
8048555898.0
8057632080.0
8065765784.0
8074577592.0
8083617675.0
8091799866.0
8100547261.0
8109556553.0
8117767057.0
8126621335.0
8136501969.0
8147707666.0
8157570959.0
8166614936.0
8175632722.0
8183770319.0
8192905253.0
8201873137.0
8210819787.0
8219812799.0
8228720872.0
8238623803.0
8247698217.0
8255773525.0
8264595950.0
8273579760.0
8281812207.0
8290613043.0
8302919066.0
8311618682.0
8319776452.0
8328624359.0
8337648516.0
8346630558.0
8355651884.0
8365052254.0
8374607639.0
8382783105.0
8391656494.0
8400630042.0
8409653491.0
8418624561.0
8427644117.0
8437802576.0
8445781973.0
8454629526.0
8463645189.0
8472651650.0
8481589098.0
8491707564.0
8501580413.0
8510631468.0
8518784991.0
8527624758.0
8536807824.0
8545609368.0
8553823410.0
8562633448.0
8571650173.0
8580815543.0
8588797417.0
8597591883.0
8606634444.0
8614794691.0
8622790722.0
8631647477.0
8639790028.0
8648614931.0
8657591663.0
8665796504.0
8673823679.0
8682639380.0
8691673093.0
8701614247.0
8710624956.0
8718797590.0
8727696815.0
8736612320.0
8744787078.0
8753553939.0
8761831686.0
8769790910.0
8778642710.0
8786833040.0
8795601316.0
8803818544.0
8812730510.0
8821578771.0
8829796707.0
8838591526.0
8846793182.0
8854792752.0
8863760990.0
8871792766.0
8880793211.0
8890521662.0
8900005910.0
8908794713.0
8918539444.0
8927497419.0
8935797110.0
8944809234.0
8953825605.0
8961796153.0
8969798908.0
8977797062.0
8985835916.0
8994657988.0
9002815758.0
9010799047.0
9018801802.0
9026816236.0
9034845889.0
9042800865.0
9050800788.0
9058800712.0
9067599779.0
9075801788.0
9083827902.0
9092066011.0
9102976188.0
9110805524.0
9119642106.0
9128585216.0
9136804922.0
9144804491.0
9152805123.0
9160830528.0
9168808509.0
9176810202.0
9184816496.0
9200837578.0
9209535071.0
9219808198.0
9227810953.0
9236595863.0
9244809198.0
9252809122.0
9261573505.0
9270642255.0
9278810289.0
9286813044.0
9294811552.0
9302876950.0
9310812107.0
9318812384.0
9327573936.0
9335812753.0
9344512723.0
9352823385.0
9360814460.0
9369686080.0
9378537172.0
9387542925.0
9395815365.0
9405579207.0
9414820315.0
9422823424.0
9430818038.0
9439616751.0
9448674884.0
9457616225.0
9466623748.0
9475611098.0
9483819478.0
9492653937.0
9501578997.0
9509820646.0
9517826940.0
9526616097.0
9535615834.0
9543946315.0
9557581647.0
9566636241.0
9575823554.0
9585476267.0
9594523075.0
9603646328.0
9613488386.0
9622556075.0
9630827099.0
9639826836.0
9649504676.0
9657826664.0
9667515830.0
9675827907.0
9684828352.0
9695038837.0
9705056437.0
9713829668.0
9723524850.0
9734526692.0
9742830983.0
9752520857.0
9760831873.0
9770557846.0
9779530686.0
9787832854.0
9796833652.0
9807523340.0
9816833815.0
9825834260.0
9835509269.0
9844648096.0
9852835241.0
9862535024.0
9871557412.0
9879836929.0
9888837374.0
9899466188.0
9909841244.0
9918838503.0
9928650478.0
9937493784.0
9945839838.0
9955510600.0
9964669599.0
9972867008.0
9981868869.0
9991510256.0
10001454242.0
10009844181.0
10019546442.0
10028531668.0
10036865689.0
10046554147.0
10054849945.0
10064521415.0
10072853666.0
10082579639.0
10091527704.0
10099846506.0
10108846951.0
10118669190.0
10126849257.0
10135651508.0
10144773347.0
10152848300.0
10161620115.0
10169856809.0
10177864165.0
10186702162.0
10194979910.0
10202862687.0
10210861549.0
10219757942.0
10227860148.0
10236819892.0
10246799623.0
10255860942.0
10264968623.0
10272866973.0
10280862649.0
10288866112.0
10296862497.0
10305534507.0
10314709787.0
10323590608.0
10331892776.0
10340682995.0
10349669283.0
10357865276.0
10365865907.0
10374714522.0
10382866984.0
10390866553.0
10399666681.0
10408842315.0
10420868036.0
10428871853.0
10436868237.0
10445531046.0
10453869667.0
10461898966.0
10470707234.0
10478871375.0
10487838198.0
10496874034.0
10505017648.0
10513972084.0
10521909364.0
10530737806.0
10538881065.0
10546894791.0
10554950634.0
10562874111.0
10571566649.0
10580809881.0
10589966049.0
10597876431.0
10606875461.0
10614876446.0
10622882740.0
10630877355.0
10639713229.0
10648689253.0
10657883290.0
10666714563.0
10675578042.0
10684671567.0
10692879948.0
10701534262.0
10710717682.0
10718905181.0
10726880330.0
10734881316.0
10744895731.0
10752911934.0
10760882129.0
10768885946.0
10776883392.0
10784886855.0
10793648052.0
10802573821.0
10810884483.0
10818885114.0
10827731959.0
10836589776.0
10845528993.0
10854673128.0
10862918669.0
10871723045.0
10879920454.0
10889043000.0
10896888616.0
10905584693.0
10915911616.0
10923890658.0
10931890228.0
10940545958.0
10948890950.0
10956892643.0
10965529262.0
10974567930.0
10982921770.0
10990892318.0
10999664133.0
11007981520.0
11015893672.0
11024759983.0
11034622214.0
11043845272.0
11052925702.0
11075587315.0
11084753039.0
11093353558.0
11100897992.0
11108897561.0
11116899254.0
11124898470.0
11133654359.0
11142588621.0
11151586943.0
11159899374.0
11167900360.0
11176709690.0
11185559720.0
11193940812.0
11211638749.0
11219903048.0
11228732197.0
11237978260.0
11246655933.0
11254896520.0
11263557559.0
11271897242.0
11279897520.0
11288540509.0
11296899658.0
11305645991.0
11313899318.0
11322573452.0
11330931185.0
11338995876.0
11347905364.0
11355910950.0
11364564557.0
11373520762.0
11381564218.0
11389903193.0
11397902409.0
11407746590.0
11416937796.0
11424924978.0
11433623179.0
11442549655.0
11450933224.0
11458905188.0
11467569059.0
11475905910.0
11483906188.0
11492544223.0
11501566256.0
11510633945.0
11518960534.0
11526914802.0
11534909417.0
11543009145.0
11551945177.0
11559916787.0
11568575349.0
11579581083.0
11587911211.0
11595911488.0
11604573943.0
11612912564.0
11620995658.0
11629916826.0
11637915334.0
11646578496.0
11655598761.0
11663924641.0
11672555243.0
11681001102.0
11688915377.0
11696926272.0
11705602530.0
11713916731.0
11721929396.0
11730586542.0
11739623440.0
11747918176.0
11756038431.0
11766919233.0
11774919156.0
11783577010.0
11792576040.0
11801636650.0
11809921122.0
11818583223.0
11827579067.0
11835921936.0
11844613766.0
11852925843.0
11861562108.0
11870950799.0
11879578924.0
11887924270.0
11896730061.0
11906617420.0
11915593799.0
11924589997.0
11933541955.0
11941569130.0
11949926863.0
11958603121.0
11966934664.0
11974927863.0
11982931679.0
11990928772.0
11999645022.0
12007929140.0
12015930479.0
12023929341.0
12031958640.0
12039930958.0
12047952824.0
12056598291.0
12065932479.0
12073938419.0
12082630957.0
12090939141.0
12099623893.0
12107933847.0
12115945450.0
12125566310.0
12133934660.0
12143604007.0
12152609761.0
12160939180.0
12168938396.0
12176950707.0
12185071316.0
12192937813.0
12201667158.0
12209938181.0
12218622933.0
12226941027.0
12235648783.0
12244733106.0
12253599063.0
12262628883.0
12271611632.0
12280731347.0
12288941850.0
12296963009.0
12305573084.0
12313942850.0
12321971441.0
12330627879.0
12338968978.0
12347052072.0
12356607104.0
12364945017.0
12372945295.0
12381567757.0
12390637569.0
12399601561.0
12407952923.0
12416596621.0
12425672450.0
12434632194.0
12443619190.0
12452624590.0
12461722008.0
12470632204.0
12478949944.0
12486949868.0
12494984829.0
12502973074.0
12510951762.0
12518953455.0
12527614848.0
12536599367.0
12544956392.0
12553688568.0
12561988967.0
12571116114.0
12579954465.0
12587954388.0
12596654358.0
12605579065.0
12613989886.0
12622662958.0
12630961941.0
12638957263.0
12646956833.0
12654958172.0
12663567894.0
12673660524.0
12681987112.0
12689958723.0
12699591616.0
12707959612.0
12715964845.0
12726629404.0
12734961655.0
12742961578.0
12751057767.0
12760883899.0
12768962392.0
12777689613.0
12786652543.0
12794963559.0
12803623182.0
12811993302.0
12819964559.0
12827965190.0
12836619859.0
12845600838.0
12853969896.0
12863647383.0
12871996622.0
12880762420.0
12889746231.0
12897975846.0
12906969567.0
12914991787.0
12922989941.0
12930974646.0
12939739737.0
12948643209.0
12957593044.0
12964972198.0
12972976368.0
12981051676.0
12990637499.0
12999801807.0
13007972672.0
13016616369.0
13025598410.0
13034001798.0
13042633463.0
13050974915.0
13058981563.0
13067647911.0
13076626767.0
13085607039.0
13094004056.0
13102711459.0
13110977527.0
13118977805.0
13127070454.0
13136620531.0
13144978972.0
13152979249.0
13161691960.0
13170644980.0
13179023594.0
13186980340.0
13195111213.0
13204810642.0
13221985845.0
13230652193.0
13238983382.0
13247682998.0
13256630710.0
13264987027.0
13273710709.0
13281984918.0
13290657990.0
13299637200.0
13307985377.0
13315986717.0
13324651649.0
13333634398.0
13341987176.0
13349988515.0
13357988793.0
13366662927.0
13375644968.0
13383991729.0
13391989176.0
13399990869.0
13408677036.0
13416995484.0
13424996823.0
13433676266.0
13441992591.0
13450651153.0
13459564180.0
13467992696.0
13475992974.0
13484634902.0
13492994050.0
13501663937.0
13509995480.0
13518656166.0
13527001511.0
13535083544.0
13544640345.0
13553626987.0
13561998523.0
13569997384.0
13578667979.0
13587680811.0
13596663206.0
13605617642.0
13613624998.0
13622000427.0
13630006013.0
13638005582.0
13646681132.0
13655002058.0
13663102140.0
13672800154.0
13681030123.0
13689002795.0
13697009797.0
13705004057.0
13713003627.0
13721066194.0
13729661405.0
13738668574.0
13747709719.0
13756859517.0
13765649381.0
13774684156.0
13783673630.0
13792806439.0
13801818917.0
13810007832.0
13818682674.0
13827681349.0
13836008645.0
13844648449.0
13853625182.0
13861608825.0
13870011152.0
13879011597.0
13888043894.0
13897012486.0
13907844802.0
13916017790.0
13925685014.0
13934013371.0
13943014170.0
13952703336.0
13961067440.0
13971925945.0
13980015055.0
13989015854.0
13999676874.0
14008019035.0
14017711032.0
14026017801.0
14035039835.0
14044962939.0
14053711042.0
14062019227.0
14071879688.0
14080020470.0
14089810856.0
14098916060.0
14107021451.0
14116024019.0
14126865537.0
14135021891.0
14144027291.0
14153791487.0
14162757956.0
14171050215.0
14180024116.0
14189711866.0
14198034207.0
14208025264.0
14217792999.0
14226856087.0
14235029784.0
14247011619.0
14255850678.0
14264027914.0
14273028359.0
14282873248.0
14291077735.0
14300692579.0
14310855285.0
14319908817.0
14328032257.0
14337030932.0
14346862019.0
14355052703.0
14364033683.0
14373815575.0
14382858490.0
14391060145.0
14400713212.0
14410035013.0
14421812285.0
14430561095.0
14439035267.0
14448857859.0
14457879539.0
14466038725.0
14475037046.0
14484863178.0
14493038644.0
14503593489.0
14512066244.0
14521046516.0
14530845396.0
14539044221.0
14548972988.0
14557688884.0
14566702778.0
14575698622.0
14584908585.0
14594872036.0
14603045733.0
14612079446.0
14621826300.0
14630875585.0
14639043973.0
14648044772.0
14657815338.0
14666049554.0
14675086807.0
14684843924.0
14693818533.0
14702771200.0
14712897098.0
14721048144.0
14730871798.0
14739919668.0
14748048771.0
14757049570.0
14768567421.0
14777892053.0
14786877988.0
14795050976.0
14805133697.0
14814051679.0
14823925944.0
14833855419.0
14842080433.0
14851053272.0
14861020263.0
14869054162.0
14878055669.0
14887871183.0
14896985943.0
14905781116.0
14915055846.0
14924061246.0
14936930703.0
14945057329.0
14954887000.0
14963119800.0
14972740660.0
14982925309.0
14991890008.0
15001597578.0
15010066794.0
15019061577.0
15028995653.0
15037874704.0
15046062557.0
15055873117.0
15064063447.0
15074894347.0
15083875680.0
15092099633.0
15102022738.0
15111067068.0
15121866469.0
15131571208.0
15140071923.0
15149067413.0
15158068212.0
15167872754.0
15176863289.0
15185068838.0
15194068929.0
15204594753.0
15213071402.0
15233609164.0
15242645708.0
15251584925.0
15260539361.0
15269671817.0
15278531757.0
15289633757.0
15299517577.0
15308507050.0
15317602698.0
15326526343.0
15335520064.0
15344502813.0
15353668183.0
15362563868.0
15371535646.0
15380546708.0
15389638818.0
15399590943.0
15408514588.0
15417523881.0
15426485395.0
15435591661.0
15444517076.0
15453466911.0
15464510868.0
15473550598.0
15482660049.0
15491527067.0
15499820741.0
15508115123.0
15517769605.0
15526093716.0
15534094701.0
15542105950.0
15550094195.0
15559095701.0
15567096333.0
15575908140.0
15584934775.0
15594013789.0
15603820809.0
15612110236.0
15622770902.0
15631582356.0
15640921145.0
15649094487.0
15657089102.0
15665089734.0
15673093196.0
15681089581.0
15689674882.0
15699771405.0
15708090561.0
15716094024.0
15724092886.0
15733092269.0
15741096086.0
15749657320.0
15758780574.0
15767759430.0
15776096282.0
15784109654.0
15793094881.0
15801799452.0
15810123563.0
15818588532.0
15828138255.0
15836760717.0
15845096507.0
15853104571.0
15861097416.0
15869097340.0
15877097617.0
15885097895.0
15893598610.0
15902099325.0
15910797879.0
15919100047.0
15927588021.0
15935648111.0
15944101401.0
15952102386.0
15961102123.0
15969102401.0
15977110111.0
15985102956.0
15993789477.0
16002778243.0
16011116156.0
16019124220.0
16027112110.0
16036737925.0
16045114770.0
16053105845.0
16061106830.0
16069723630.0
16078107199.0
16086787703.0
16095107567.0
16103597665.0
16111108830.0
16119133882.0
16127569122.0
16137693605.0
16145741661.0
16154116736.0
16162115952.0
16170423075.0
16179135786.0
16187112351.0
16195581567.0
16204772773.0
16213603692.0
16221112734.0
16229119028.0
16237116828.0
16245114274.0
16253114905.0
16261115891.0
16269571658.0
16281569774.0
16290145873.0
16300770794.0
16309961646.0
16318120124.0
16327118799.0
16336134816.0
16346010142.0
16354936973.0
16363611107.0
16373076598.0
16381122176.0
16391004934.0
16400616593.0
16409574214.0
16418126955.0
16427942469.0
16436122536.0
16445786220.0
16456689318.0
16465929364.0
16474123942.0
16483124741.0
16492148898.0
16502602169.0
16511967148.0
16520560589.0
16529924152.0
16538127931.0
16547947692.0
16557636858.0
16566129433.0
16575968306.0
16584128907.0
16593910799.0
16603580146.0
16613094123.0
16623978111.0
16632131634.0
16642592337.0
16651967934.0
16660699756.0
16669996783.0
16678135441.0
16687969359.0
16697088366.0
16705786566.0
16715953519.0
16724135002.0
16733921141.0
16743008295.0
16751142707.0
16760563604.0
16769963975.0
16778980700.0
16787592544.0
16796949737.0
16806597849.0
16815139618.0
16824969997.0
16833144401.0
16842975841.0
16852548923.0
16861148734.0
16870585204.0
16879842946.0
16888919129.0
16898143249.0
16908964239.0
16917148199.0
16926999459.0
16935145550.0
16944982299.0
16953557690.0
16964959811.0
16973146602.0
16982150586.0
16991589533.0
17001622352.0
17011020599.0
17019148640.0
17028153332.0
17038025119.0
17046574320.0
17055149712.0
17065043795.0
17074151477.0
17083976546.0
17092682533.0
17102624041.0
17113624113.0
17122152434.0
17132102082.0
17141619599.0
17149975208.0
17158584575.0
17167585728.0
17177400888.0
17188938205.0
17197554651.0
17205819304.0
17214582271.0
17230132290.0
17238579918.0
17246599661.0
17254591444.0
17263830429.0
17272700986.0
17281573313.0
17291587021.0
17299777351.0
17307875309.0
17316846025.0
17325551304.0
17333550874.0
17341566016.0
17349800232.0
17358600006.0
17366607716.0
17374689040.0
17382587036.0
17390623767.0
17399521576.0
17407613518.0
17415624059.0
17425567336.0
17433800137.0
17442589294.0
17450601250.0
17458583832.0
17466591188.0
17474605622.0
17482591389.0
17490582819.0
17499531946.0
17507869505.0
17516574076.0
17524706010.0
17533566658.0
17541547824.0
17549559427.0
17557603944.0
17565800645.0
17574596526.0
17582601051.0
17591831187.0
17600818891.0
17609584690.0
17617600893.0
17625799364.0
17633830432.0
17642614988.0
17650573503.0
17659851065.0
17668702511.0
17677599966.0
17685796313.0
17693795883.0
17702880560.0
17711588316.0
17719635310.0
17727632403.0
17735589148.0
17743592965.0
17751628634.0
17761570496.0
17769880097.0
17778596701.0
17786605472.0
17794601149.0
17802621953.0
17811901992.0
17820593822.0
17828574634.0
17836720017.0
17845572171.0
17853558292.0
17861568125.0
17869622906.0
17877584606.0
17885645403.0
17894856428.0
17903704689.0
17912571354.0
17920708597.0
17929625517.0
17938591279.0
17946596157.0
17954604928.0
17962600605.0
17970598405.0
17978631951.0
17986836084.0
17995590911.0
18003881400.0
18012595172.0
18020572799.0
18028734109.0
18037575291.0
18045562120.0
18053667156.0
18062850930.0
18071842527.0
18080573995.0
18088731766.0
18097573656.0
18105558007.0
18113551914.0
18121753570.0
18130838955.0
18139630589.0
18147611755.0
18155599292.0
18163593552.0
18171657889.0
18179632330.0
18187597216.0
18195609527.0
18203848344.0
18212578397.0
18220808366.0
18229849865.0
18238881454.0
18247853586.0
18256711757.0
18265595763.0
18273870680.0
18282965974.0
18291916163.0
18300543934.0
18308595175.0
18317965816.0
18327024658.0
18336637378.0
18345684539.0
18354606061.0
18363727545.0
18372831334.0
18381965913.0
18391882293.0
18400837437.0
18409869734.0
18420010143.0
18428850972.0
18437822749.0
18446884422.0
18458012965.0
18466873613.0
18475868749.0
18484983509.0
18493854421.0
18502725686.0
18510884164.0
18520133412.0
18529742239.0
18537857893.0
18546876742.0
18555901253.0
18564880463.0
18573853656.0
18582879583.0
18591901971.0
18600582829.0
18609622913.0
18618613802.0
18629806404.0
18638658912.0
18647635644.0
18656629365.0
18665802521.0
18674663523.0
18683760587.0
18692624420.0
18702006387.0
18710729715.0
18719718835.0
18727597719.0
18737131869.0
18745619843.0
18755004995.0
18764025967.0
18772720275.0
18781580569.0
18791006067.0
18800443952.0
18809616754.0
18819021372.0
18828007306.0
18836589422.0
18845979882.0
18854608007.0
18864020411.0
18872999267.0
18881557670.0
18891065631.0
18899841693.0
18910002629.0
18919018647.0
18927626244.0
18936597314.0
18945981404.0
18954606344.0
18964038921.0
18972617497.0
18981570164.0
18991028576.0
18999900195.0
19010028925.0
19018612811.0
19027599453.0
19037125817.0
19046006285.0
19054599726.0
19064018854.0
19072708914.0
19082069999.0
19091009925.0
19099623539.0
19108714233.0
19118535055.0
19128466300.0
19137602649.0
19147044427.0
19155646716.0
19165019127.0
19173559481.0
19182605227.0
19192044528.0
19201606284.0
19210605313.0
19219950119.0
19228720164.0
19245627807.0
19253847512.0
19262706391.0
19271599953.0
19279614387.0
19287684032.0
19295716870.0
19304839770.0
19313561328.0
19321703526.0
19330608768.0
19338606568.0
19346649315.0
19354572085.0
19363882207.0
19372720204.0
19381816560.0
19390967419.0
19399826298.0
19408716675.0
19417633595.0
19425833128.0
19434606358.0
19442637780.0
19450604436.0
19458610376.0
19466635781.0
19475852115.0
19484839819.0
19498011875.0
19507624241.0
19517141404.0
19525620884.0
19534599032.0
19544018868.0
19553165126.0
19561620186.0
19570902702.0
19580582312.0
19589983037.0
19599975155.0
19608602926.0
19618003296.0
19626611956.0
19636044178.0
19645019141.0
19653582146.0
19662609488.0
19672059053.0
19681596743.0
19690856608.0
19701586996.0
19711029836.0
19719671764.0
19730016383.0
19739017535.0
19747622302.0
19757133094.0
19765587092.0
19775028517.0
19784019406.0
19792858465.0
19802878542.0
19814687667.0
19824014777.0
19833003188.0
19841577164.0
19851046548.0
19859612738.0
19868584869.0
19876980471.0
19885590192.0
19893834672.0
19902864138.0
19911650464.0
19919645786.0
19927630137.0
19937160749.0
19945888324.0
19954604574.0
19962610515.0
19970620702.0
19978648585.0
19986805647.0
19995635150.0
