5122230.0
14436245.0
23053399.0
34373765.0
44062577.0
53374114.0
66126071.0
76124206.0
85401060.0
94382747.0
112485211.0
127441359.0
141063596.0
150355314.0
159026263.0
169384331.0
180484207.0
189376707.0
198047656.0
207335835.0
216424405.0
225407154.0
237069403.0
246367138.0
255289721.0
265090017.0
274387751.0
283031803.0
292391473.0
301094628.0
310324056.0
320378464.0
329421379.0
338223984.0
347048887.0
356069151.0
365378919.0
374500403.0
391290545.0
401129418.0
412319189.0
422500652.0
431366609.0
440069056.0
449439344.0
458497831.0
467050925.0
476082515.0
485380603.0
494493240.0
503068631.0
512620124.0
522381489.0
531031556.0
540078364.0
549388840.0
558359910.0
567466529.0
576419549.0
585626681.0
595030591.0
604388137.0
614353712.0
623329382.0
632180829.0
641280370.0
650450695.0
659178270.0
668327360.0
677187300.0
686449643.0
697259662.0
707176396.0
717331669.0
726314419.0
735142152.0
744349284.0
753240369.0
766237590.0
775297493.0
784335453.0
793210966.0
803177602.0
812185479.0
821337754.0
830309178.0
839328734.0
850271118.0
859298814.0
868332527.0
877210163.0
886339079.0
895165044.0
904343154.0
913422169.0
922191152.0
933173528.0
942342791.0
951145397.0
974523691.0
983176236.0
992330280.0
1002169861.0
1011166766.0
1020356910.0
1029224637.0
1038321701.0
1049225153.0
1058104913.0
1067346375.0
1076305411.0
1086322658.0
1095158885.0
1104413442.0
1114199581.0
1123151893.0
1132384154.0
1141221089.0
1150335141.0
1161278232.0
1170325748.0
1181412176.0
1191299889.0
1200214686.0
1209340063.0
1218427571.0
1227174612.0
1236342813.0
1246076573.0
1255090466.0
1264081355.0
1273111175.0
1283320952.0
1294427553.0
1303351906.0
1312322622.0
1322184145.0
1331377120.0
1340077444.0
1349098770.0
1358500202.0
1367543825.0
1378346411.0
1387154680.0
1396348009.0
1405231307.0
1416241997.0
1425403473.0
1434172457.0
1443302435.0
1452209446.0
1461337655.0
1470177068.0
1482539010.0
1492348507.0
1501256580.0
1511342840.0
1520192162.0
1529376644.0
1538328602.0
1547343558.0
1558225067.0
1567303020.0
1576344165.0
1585281967.0
1595336374.0
1604193837.0
1613191451.0
1622469012.0
1631181369.0
1640197386.0
1650408579.0
1660364598.0
1669224538.0
1679238599.0
1688344865.0
1697288683.0
1706459008.0
1718382801.0
1727329097.0
1736198946.0
1745253186.0
1754455718.0
1763186124.0
1772343354.0
1781203648.0
1790449003.0
1801103299.0
1810335205.0
1819103834.0
1828098617.0
1837103662.0
1846106231.0
1855278679.0
1864088363.0
1873152867.0
1882084652.0
1891042273.0
1900088373.0
1909295859.0
1918080415.0
1927048299.0
1936089091.0
1945091305.0
1954085380.0
1963062820.0
1972085915.0
1980939485.0
1989086284.0
1998316066.0
2007040103.0
2017200685.0
2026098140.0
2035063194.0
2044084519.0
2053100183.0
2062081162.0
2071040553.0
2080085237.0
2089093468.0
2098085419.0
2107046225.0
2117524625.0
2127176983.0
2136408889.0
2145477994.0
2154061526.0
2163041797.0
2172412792.0
2181172220.0
2190068614.0
2199352192.0
2208498450.0
2217086582.0
2226388918.0
2235042879.0
2244410335.0
2253625961.0
2263046150.0
2272405112.0
2281528720.0
2292414831.0
2301391917.0
2310325118.0
2319320962.0
2329453585.0
2338093389.0
2347093480.0
2356413158.0
2365411479.0
2374333001.0
2385467915.0
2404517458.0
2413392263.0
2423384381.0
2432394736.0
2441083026.0
2450233178.0
2459382621.0
2468102765.0
2477429874.0
2487077632.0
2496434824.0
2505096925.0
2514333432.0
2523342725.0
2533431463.0
2542418813.0
2551045168.0
2560087021.0
2569409530.0
2578401834.0
2587351669.0
2598074625.0
2607361742.0
2617117798.0
2626406331.0
2635374923.0
2644092943.0
2653099050.0
2662394661.0
2671521808.0
2681354664.0
2690325026.0
2699382452.0
2709107717.0
2718354134.0
2727161694.0
2736373073.0
2747235118.0
2756243349.0
2765357401.0
2774435353.0
2784239188.0
2794209717.0
2803358099.0
2812362791.0
2821224855.0
2832265981.0
2841397375.0
2850189363.0
2859384108.0
2868227060.0
2877346421.0
2886075412.0
2895046836.0
2904101430.0
2913422169.0
2922071529.0
2931047553.0
2940102855.0
2949085604.0
2960087092.0
2969094261.0
2978213268.0
2987088780.0
2996100197.0
3005093917.0
3014453587.0
3023072156.0
3032088881.0
3041193731.0
3050209395.0
3059074997.0
3068090661.0
3077092167.0
3086204096.0
3095068637.0
3104087839.0
3113568548.0
3122455740.0
3131070770.0
3140091388.0
3149110591.0
3158271714.0
3167101217.0
3176091044.0
3185147408.0
3194206957.0
3203431077.0
3212110166.0
3221364722.0
3230203781.0
3239212720.0
3248091418.0
3257090093.0
3266211224.0
3275128852.0
3284174598.0
3293090811.0
3302215127.0
3311436415.0
3320363599.0
3331054348.0
3340366594.0
3349109387.0
3358092490.0
3367054004.0
3376143990.0
3385379435.0
3395128059.0
3404099837.0
3413374921.0
3422204778.0
3431084184.0
3440090999.0
3449090028.0
3458214698.0
3467096935.0
3476200723.0
3485340611.0
3494461741.0
3504431209.0
3514109757.0
3523366084.0
3532099322.0
3541104014.0
3550407765.0
3559365386.0
3568115966.0
3577460417.0
3587388831.0
3596107558.0
3605090307.0
3615049511.0
3624105167.0
3633150913.0
3642384589.0
3651365568.0
3660103053.0
3669395125.0
3678078815.0
3687364516.0
3696428666.0
3707075530.0
3717093130.0
3726080126.0
3735382461.0
3744419006.0
3753092432.0
3762085091.0
3771363714.0
3780110401.0
3789112261.0
3798392300.0
3807366201.0
3817108808.0
3826417514.0
3835365226.0
3844101295.0
3853106695.0
3862347803.0
3871053435.0
3880137758.0
3889187398.0
3898101487.0
3907060170.0
3917097235.0
3926223674.0
3935075828.0
3944096800.0
3953152810.0
3962215544.0
3971093180.0
3980101057.0
3989414718.0
3998218739.0
4007076910.0
4017474262.0
4031422103.0
4040234972.0
4049571991.0
4059595254.0
4069419262.0
4080233174.0
4089414470.0
4098246805.0
4107415360.0
4119469041.0
4128458868.0
4138428690.0
4147232711.0
4156420024.0
4165248111.0
4175197052.0
4184417986.0
4195231898.0
4204423104.0
4213234912.0
4223429824.0
4232223582.0
4241423281.0
4250505481.0
4261274799.0
4271433612.0
4280213213.0
4289481573.0
4298353192.0
4307209239.0
4317424679.0
4326426185.0
4335178889.0
4344427075.0
4355286642.0
4364428654.0
4373282931.0
4382477322.0
4391303994.0
4409158362.0
4418517678.0
4429318141.0
4441117710.0
4450110015.0
4459110814.0
4468117629.0
4477127276.0
4486192133.0
4495164973.0
4506426589.0
4515417124.0
4524114617.0
4533102320.0
4542085069.0
4551055785.0
4560116396.0
4569096314.0
4578084372.0
4587109591.0
4596128085.0
4605108003.0
4614420602.0
4623076332.0
4632115000.0
4641190475.0
4650081914.0
4659065017.0
4667428413.0
4676103962.0
4685132013.0
4694218459.0
4703083000.0
4712421435.0
4721157858.0
4730222362.0
4739086903.0
4748099735.0
4757099472.0
4766219187.0
4775084082.0
4784100453.0
4793100190.0
4802220612.0
4813433742.0
4823402148.0
4832099640.0
4841413655.0
4850220508.0
4859108407.0
4868406142.0
4877104696.0
4886185834.0
4895403229.0
4904431634.0
4913441634.0
4923063910.0
4932434551.0
4941429687.0
4950086126.0
4959404741.0
4968435977.0
4977166737.0
4986423418.0
4995078440.0
5004460053.0
5014106041.0
5023067201.0
5032111178.0
5041499161.0
5050112068.0
5059379011.0
5068108356.0
5077118357.0
5086417861.0
5095071822.0
5104424768.0
5113586598.0
5123465463.0
5133410511.0
5142397507.0
5151063501.0
5160435558.0
5169549256.0
5178088548.0
5189426610.0
5198223199.0
5207086324.0
5216118621.0
5225417772.0
5234536425.0
5243455469.0
5253103934.0
5262398837.0
5271094207.0
5280122611.0
5289577484.0
5299468382.0
5309151532.0
5318485012.0
5327203385.0
5336228251.0
5345478206.0
5354358674.0
5363488298.0
5374261156.0
5383470411.0
5392227715.0
5401481210.0
5411260979.0
5420473420.0
5429259391.0
5438483865.0
5449286098.0
5459510031.0
5468240792.0
5477627713.0
5487479681.0
5496342098.0
5505486941.0
5515611424.0
5525478610.0
5534338196.0
5546520348.0
5555268451.0
5564492925.0
5575231806.0
5584258441.0
5594425040.0
5604509884.0
5613494049.0
5622488477.0
5631212868.0
5640486890.0
5649277816.0
5658486364.0
5667193766.0
5676491147.0
5687588899.0
5698371667.0
5709303787.0
5719377306.0
5728232291.0
5738961263.0
5748491874.0
5757221573.0
5766488163.0
5775188841.0
5785373136.0
5795510360.0
5804296331.0
5813237318.0
5822495060.0
5831210956.0
5841209091.0
5850408437.0
5859516473.0
5868141412.0
5877418266.0
5886416941.0
5895168583.0
5906246870.0
5916217399.0
5925108838.0
5934095126.0
5943484525.0
5952440731.0
5961114865.0
5970125219.0
5979442773.0
5988128940.0
5997112751.0
6006429597.0
6016132212.0
6025124163.0
6034431099.0
6043483570.0
6052120543.0
6061124880.0
6070425800.0
6079440402.0
6090468433.0
6099182560.0
6109038774.0
6118428527.0
6127485244.0
6137109644.0
6146557085.0
6155432243.0
6164112040.0
6173446228.0
6182224413.0
6191426237.0
6200421019.0
6209193896.0
6218241765.0
6227438280.0
6236168686.0
6245429260.0
6254495533.0
6264123472.0
6274365809.0
6283523746.0
6292558167.0
6301125065.0
6310504200.0
6320425181.0
6329149217.0
6338552419.0
6347196470.0
6356577729.0
6366446330.0
6375490661.0
6384132942.0
6393449434.0
6402513584.0
6420531816.0
6430116577.0
6439490757.0
6448122775.0
6457143747.0
6466450329.0
6477454648.0
6486159927.0
6495175590.0
6504139582.0
6514141256.0
6523506942.0
6532120203.0
6541127018.0
6550122154.0
6559178872.0
6567284262.0
6576508382.0
6585119519.0
6593234466.0
6602317727.0
6611519904.0
6620127856.0
6629234830.0
6638228904.0
6647198204.0
6658517155.0
6667191643.0
6676511674.0
6685128473.0
6694236509.0
6703635110.0
6713516098.0
6722236949.0
6731213328.0
6740513186.0
6749211740.0
6758519384.0
6767198827.0
6776513550.0
6785228738.0
6794270945.0
6803156013.0
6812521700.0
6822161671.0
6831209541.0
6842521767.0
6851206872.0
6860522657.0
6869213425.0
6877158845.0
6886522408.0
6895198312.0
6904521174.0
6913580369.0
6922242824.0
6931520739.0
6940223187.0
6949526938.0
6958215936.0
6967522519.0
6976160907.0
6985531549.0
6994532701.0
7003188786.0
7011543333.0
7020210743.0
7029157393.0
7038196060.0
7046237392.0
7055226866.0
7064524954.0
7073205459.0
7082239172.0
7091536906.0
7100531688.0
7109172200.0
7118540364.0
7128628040.0
7138555038.0
7147219262.0
7156549203.0
7165257667.0
7175225365.0
7184549997.0
7198328666.0
7207300090.0
7220574781.0
7229276167.0
7238583103.0
7249401262.0
7259560075.0
7268235979.0
7277556364.0
7286352245.0
7295571764.0
7304243067.0
7313296953.0
7322561066.0
7332269343.0
7341560707.0
7350223870.0
7358361467.0
7368219451.0
7377560717.0
7386563993.0
7395216538.0
7404566299.0
7413257775.0
7422562587.0
7431196729.0
7439226382.0
7448563401.0
7457332738.0
7466565706.0
7475241256.0
7484564472.0
7493243915.0
7502567840.0
7511572178.0
7520592088.0
7530565095.0
7539202775.0
7550571628.0
7559230897.0
7568564378.0
7577238512.0
7585350981.0
7596544999.0
7606249383.0
7614596852.0
7623210113.0
7631227378.0
7640571476.0
7649291973.0
7658574843.0
7667230927.0
7676594136.0
7685572992.0
7694360380.0
7703661299.0
7714305685.0
7726579148.0
7737639032.0
7747573462.0
7756255028.0
7765584969.0
7774241053.0
7782224343.0
7790364771.0
7800611001.0
7814084594.0
7823585830.0
7832247223.0
7840247147.0
7849607525.0
7859594334.0
7868238031.0
7876257420.0
7885262112.0
7897489566.0
7909530505.0
7919401938.0
7929279034.0
7938586324.0
7949339716.0
7958586841.0
7967229830.0
7975208165.0
7983199240.0
7991228539.0
7999209351.0
8007196888.0
8017679534.0
8027594852.0
8036243150.0
8044257585.0
8053596373.0
8065467787.0
8074627848.0
8095300098.0
8104591108.0
8113670476.0
8124669133.0
8135603730.0
8144238579.0
8153592940.0
8162365817.0
8171602678.0
8182620800.0
8192593099.0
8201267587.0
8209317766.0
8218262646.0
8226599144.0
8235222668.0
8243222592.0
8252338413.0
8262227188.0
8270353460.0
8279645178.0
8288239681.0
8297603951.0
8306374705.0
8315245970.0
8324244999.0
8334602359.0
8344605095.0
8353623590.0
8362271888.0
8370260132.0
8378478422.0
8388263499.0
8401545269.0
8411615249.0
8428611017.0
8437295060.0
8446251974.0
8454227477.0
8462362950.0
8471612906.0
8480240677.0
8489606718.0
8498365438.0
8507614686.0
8519640761.0
8529610229.0
8538246494.0
8546385506.0
8555622013.0
8564241644.0
8572247230.0
8580268743.0
8589609655.0
8598222208.0
8606383163.0
8615621440.0
8624243194.0
8633620206.0
8644633727.0
8653615060.0
8662246016.0
8670225767.0
8678364426.0
8687619690.0
8696244630.0
8704249508.0
8713264818.0
8722248628.0
8730239350.0
8738381548.0
8747231225.0
8755605945.0
8764285388.0
8772269739.0
8781619500.0
8790609327.0
8801647268.0
8810678504.0
8820266449.0
8828276283.0
8837651171.0
8846373792.0
8855635427.0
8864246918.0
8873631008.0
8884647360.0
8894364485.0
8903242475.0
8915036381.0
8928674545.0
8939530573.0
8949628512.0
8958244604.0
8966378308.0
8975246742.0
8983618631.0
8992251003.0
9001693136.0
9014680801.0
9024644606.0
9034250248.0
9042623553.0
9052261047.0
9060272650.0
9068241075.0
9079654521.0
9090494977.0
9099624601.0
9117367840.0
9127633181.0
9136252812.0
9145666278.0
9154252640.0
9162654259.0
9171632761.0
9180322821.0
9189637898.0
9198629495.0
9210489229.0
9220255195.0
9228299712.0
9238262101.0
9247629911.0
9256252020.0
9264260083.0
9276657417.0
9286647765.0
9295652811.0
9304291200.0
9312267411.0
9322669010.0
9331634417.0
9340282362.0
9348311306.0
9357646910.0
9366638861.0
9376255474.0
9385674602.0
9394254240.0
9402637809.0
9416274911.0
9426350553.0
9435653951.0
9444268273.0
9452651842.0
9461640607.0
9470369598.0
9479308108.0
9487653454.0
9496260344.0
9504279733.0
9514642755.0
9523644262.0
9532645768.0
9541679835.0
9550256642.0
9559644980.0
9568646132.0
9577679491.0
9588643110.0
9600672016.0
9610286506.0
9618679277.0
9628647682.0
9637682457.0
9646648926.0
9655668482.0
9664650170.0
9673265554.0
9682653537.0
9691651504.0
9700650534.0
9710398804.0
9721620427.0
9731660678.0
9740652275.0
9749655197.0
9758376402.0
9767657856.0
9776652639.0
9785653084.0
9794679010.0
9804683162.0
9814657584.0
9823654136.0
9832659536.0
9841335793.0
9850657594.0
9859669718.0
9868295366.0
9876663362.0
9886663621.0
9897668293.0
9906669800.0
9918696937.0
9928666758.0
9937385840.0
9947663923.0
9956660828.0
9965661273.0
9974687554.0
9984664454.0
9994673560.0
10003679314.0
10013571274.0
10025572575.0
10035666975.0
10044290145.0
10052686455.0
10062670787.0
10072693342.0
10082684044.0
10097609048.0
10107683275.0
10131379739.0
10140696231.0
10153577368.0
10162672309.0
10171677708.0
10180699742.0
10190376521.0
10198683998.0
10208336710.0
10218695486.0
10228699283.0
10237676016.0
10246676815.0
10255702388.0
10265674687.0
10274691058.0
10284677513.0
10296594582.0
10309256291.0
10318677542.0
10327677633.0
10336679140.0
10345303018.0
10354699495.0
10364677811.0
10373680025.0
10382326200.0
10391679499.0
10400679236.0
10409706933.0
10420565438.0
10442434279.0
10453325698.0
10464583067.0
10474701888.0
10484687635.0
10494684355.0
10504686736.0
10514705044.0
10524689023.0
10536583795.0
10546703323.0
10556691548.0
10566686852.0
10576688172.0
10585689325.0
10595222060.0
10604691090.0
10614687809.0
10624691606.0
10633303097.0
10642705945.0
10653567635.0
10663699905.0
10673315102.0
10681700086.0
10690698054.0
10701349164.0
10710696093.0
10721289869.0
10731539992.0
10740658645.0
10750708452.0
10760695969.0
10770701183.0
10780693301.0
10790382113.0
10798705516.0
10809172590.0
10818711341.0
10828701336.0
10838395457.0
10847709118.0
10857700528.0
10869685903.0
10879700672.0
10890229327.0
10901312923.0
10911026863.0
10920310087.0
10929409983.0
10940242298.0
10949323436.0
10958995614.0
10968574712.0
10978014721.0
10987332275.0
10997568949.0
11010255078.0
11020256044.0
11029404426.0
11038715256.0
11049250281.0
11058710818.0
11068709660.0
11078377945.0
11086709842.0
11096710454.0
11107419961.0
11118243783.0
11130017515.0
11140612707.0
11155376325.0
11165596365.0
11174978685.0
11183605749.0
11192587436.0
11203191829.0
11214576608.0
11225010060.0
11235206034.0
11245251594.0
11255217876.0
11266020817.0
11275716707.0
11286231560.0
11296208106.0
11305325697.0
11314411082.0
11323716248.0
11334225084.0
11345683832.0
11354997846.0
11365260357.0
11375240088.0
11385236453.0
11395223617.0
11404345809.0
11414336511.0
11424253246.0
11435241638.0
11445261362.0
11455202516.0
11465252323.0
11475228515.0
11485255317.0
11495251682.0
11505310337.0
11515241582.0
11526285893.0
11536252175.0
11546411696.0
11555291809.0
11565240396.0
11575199246.0
11585366907.0
11594410883.0
11603235786.0
11613242061.0
11623222854.0
11633305221.0
11644255036.0
11654392968.0
11663233089.0
11673242549.0
11684253238.0
11693349949.0
11703207225.0
11713240751.0
11723140143.0
11732141650.0
11740719873.0
11750259686.0
11759125289.0
11768147677.0
11777222444.0
11786412942.0
11794387029.0
11803338634.0
11813140345.0
11822273863.0
11831128140.0
11839720166.0
11848719549.0
11860152814.0
11869188651.0
11879162365.0
11887721476.0
11896343231.0
11905374113.0
11915135124.0
11924137338.0
11933138491.0
11942269177.0
11951127701.0
11960139471.0
11968345728.0
11978267417.0
11987130542.0
11997347398.0
12007104869.0
12017203162.0
12026272267.0
12035131853.0
12043349435.0
12053145838.0
12061349971.0
12071136464.0
12080142926.0
12089139831.0
12097365553.0
12106378031.0
12115351933.0
12125164969.0
12134412802.0
12143133299.0
12152149316.0
12161268677.0
12170271245.0
12179171532.0
12188147556.0
12197148709.0
12205356381.0
12215174373.0
12224190390.0
12234134730.0
12242357620.0
12251144300.0
12259357989.0
12269156161.0
12278276583.0
12287151034.0
12296161389.0
12304360567.0
12314391970.0
12324170323.0
12334182614.0
12343134219.0
12352159084.0
12361170854.0
12370157142.0
12379153694.0
12388158740.0
12396364643.0
12404364566.0
12413564974.0
12423113635.0
12440033665.0
12448376887.0
12458279464.0
12467131972.0
12475367604.0
12483371067.0
12491374176.0
12501164915.0
12510149434.0
12518388959.0
12527132461.0
12536158741.0
12544372076.0
12553467017.0
12562374736.0
12570371828.0
12579165232.0
12588171693.0
12596373703.0
12607683098.0
12617693266.0
12626408808.0
12635685308.0
12644685399.0
12653375813.0
12662378027.0
12671687795.0
12680377147.0
12689690808.0
12698378391.0
12707378128.0
12717692310.0
12726400066.0
12735692138.0
12744380075.0
12753402463.0
12762689580.0
12771692148.0
12780381147.0
12790168347.0
12799382558.0
12809511642.0
12818708156.0
12827387599.0
12836694535.0
12845384596.0
12854697195.0
12863696932.0
12872385222.0
12881386375.0
12890698620.0
12899386911.0
12909288427.0
12918387260.0
12927393014.0
12936704905.0
12945388595.0
12954699778.0
12963389485.0
12972389929.0
12983706756.0
12992705078.0
13001394784.0
13010721894.0
13019703935.0
13028391872.0
13037426293.0
13046701730.0
13055393206.0
13064394713.0
13073709082.0
13082702094.0
13091400648.0
13100395077.0
13110542564.0
13119400027.0
13128418522.0
13138708637.0
13147397636.0
13156729346.0
13165399587.0
13176399305.0
13185718629.0
13194707748.0
13203413735.0
13212706869.0
13222145816.0
13230482668.0
13240200501.0
13250261279.0
13258424004.0
13267403214.0
13276716874.0
13285726521.0
13294403840.0
13303437907.0
13313616186.0
13322472940.0
13332247046.0
13342293314.0
13351406304.0
13360715718.0
13372222952.0
13380407266.0
13389216242.0
13397407988.0
13405408619.0
13415198298.0
13423435699.0
13433216529.0
13442488428.0
13451416320.0
13460213263.0
13468423413.0
13477242652.0
13486412269.0
13495175236.0
13503437412.0
13511412915.0
13520210212.0
13529414159.0
13537414790.0
13546436470.0
13555238368.0
13563415250.0
13572228473.0
13580415972.0
13589214685.0
13597423065.0
13606419971.0
13615179398.0
13623417862.0
13632241348.0
13641423352.0
13650194813.0
13658431507.0
13666420459.0
13675191566.0
13683426844.0
13692234758.0
13700421196.0
13709148063.0
13717422626.0
13726443598.0
13735179667.0
13743423439.0
13752258251.0
13760423808.0
13769424606.0
13777424884.0
13786425329.0
13794425606.0
13802450658.0
13811213271.0
13819429437.0
13827431485.0
13836429452.0
13845226395.0
13853429113.0
13861429036.0
13870431958.0
13878429051.0
13887181400.0
13895430835.0
13904316965.0
13913440572.0
13922379436.0
13930454036.0
13939218418.0
13947438124.0
13956244977.0
13964432830.0
13973232604.0
13981433552.0
13990433997.0
13998434274.0
14006436321.0
14015220170.0
14023435628.0
14032236110.0
14040436351.0
14049362473.0
14058221351.0
14066437518.0
14074437441.0
14082477003.0
14091297305.0
14100146981.0
14109075227.0
14118445161.0
14127461532.0
14137150698.0
14145458883.0
14155340933.0
14163442077.0
14172442167.0
14182136996.0
14191097448.0
14199449165.0
14208444655.0
14218156825.0
14226444129.0
14235445282.0
14245165592.0
14254445985.0
14264134797.0
14272446521.0
14281446966.0
14293156639.0
14302124524.0
14311208847.0
14321201673.0
14330388986.0
14339449950.0
14348450041.0
14358127174.0
14366454116.0
14375476504.0
14385193629.0
14394121521.0
14402452711.0
14412267517.0
14421453768.0
14431600901.0
14449367145.0
14459137357.0
14467455098.0
14476455897.0
14488349961.0
14497276791.0
14506683178.0
14518457619.0
14526457188.0
14534579213.0
14544277227.0
14553458523.0
14562237062.0
14570481188.0
14578459523.0
14587215412.0
14595460599.0
14604267452.0
14613256217.0
14621473092.0
14629687842.0
14638462135.0
14646462766.0
14654463397.0
14662463675.0
14670464306.0
14678464584.0
14686467693.0
14694465139.0
14702465062.0
14711246079.0
14719465785.0
14727466062.0
14736278577.0
14745251417.0
14754242660.0
14762489263.0
14770468306.0
14778468229.0
14786469214.0
14794489665.0
14802469415.0
14811232736.0
14819491727.0
14828470229.0
14837267526.0
14847525081.0
14856472439.0
14865329547.0
14873472099.0
14881497859.0
14890494057.0
14899243929.0
14907480622.0
14916474697.0
14925476203.0
14934249788.0
14942478695.0
14950475787.0
14958481374.0
14966476696.0
14974476974.0
14982477251.0
14990477529.0
14998482761.0
15006479145.0
15015247067.0
15023480222.0
15032480313.0
15040481652.0
15049481389.0
15058484665.0
15066481049.0
15074482035.0
15082502485.0
15090482236.0
15098487822.0
15106482791.0
15115269116.0
15123487406.0
15131484498.0
15140271886.0
15148490176.0
15157492744.0
15166486464.0
15174491343.0
15182491266.0
15190486589.0
15198492529.0
15207260097.0
15217298224.0
15226488014.0
15234488292.0
15242646062.0
15251508834.0
15260489105.0
15268489737.0
15276490722.0
15285490813.0
15293491798.0
15301580909.0
15311164961.0
15319495443.0
15327495366.0
15335493520.0
15344493257.0
15353494056.0
15362501225.0
15370514952.0
15381494496.0
15390495295.0
15398500881.0
15406495850.0
15415263064.0
15423496573.0
15431497558.0
15440542242.0
15449497740.0
15457499433.0
15466524298.0
15475508463.0
15484499706.0
15492504230.0
15501502552.0
15511287275.0
15519501318.0
15528506718.0
15537600596.0
15546503360.0
15554502930.0
15565517512.0
15574503447.0
15582503370.0
15590504356.0
15598509588.0
15606504557.0
15615261861.0
15623505987.0
15632191446.0
15640507063.0
15649580415.0
15658528126.0
15667507690.0
15675519646.0
15684511597.0
15693529384.0
15702508594.0
15711275808.0
15719510024.0
15728512593.0
15737517638.0
15746515606.0
15754533933.0
15763263278.0
15771512713.0
15779512282.0
15788308871.0
15796513358.0
15804513636.0
15814312162.0
15822514880.0
15830514803.0
15838517558.0
15846523144.0
15854518467.0
15862518037.0
15870516190.0
15878516822.0
15887524345.0
15896517358.0
15905518156.0
15916542649.0
15925518673.0
15934541769.0
15942541338.0
15950520027.0
15959525427.0
15968520563.0
15977521008.0
15985521639.0
15994522084.0
16002521654.0
16011170306.0
16019522730.0
16028527422.0
16037526451.0
16046317023.0
16054529297.0
16063528326.0
16072525232.0
16081526384.0
16092526810.0
16101526547.0
16111149531.0
16119530976.0
16128532129.0
16137535759.0
16146529479.0
16154529403.0
16162529326.0
16171529417.0
16180224433.0
16188530494.0
16197544387.0
16206544832.0
16214546171.0
16223209334.0
16239735455.0
16249547076.0
16258543981.0
16269544407.0
16278544498.0
16287551667.0
16296549635.0
16305554327.0
16315179788.0
16323546722.0
16332547521.0
16341547258.0
16350590527.0
16359551333.0
16368548947.0
16377548684.0
16386553022.0
16394579135.0
16404236803.0
16413222737.0
16421554280.0
16431184342.0
16441282635.0
16459743262.0
16469707775.0
16479228477.0
16487554711.0
16496570020.0
16505554539.0
16514555338.0
16522578266.0
16531561015.0
16540561460.0
16549667726.0
16559566410.0
16568594814.0
16577558806.0
16586585087.0
16596262573.0
16607341215.0
16617562671.0
16627310587.0
16636560189.0
16646502759.0
16658496627.0
16667567856.0
16676575379.0
16685562729.0
16695211548.0
16703563972.0
16713229780.0
16721580788.0
16731196340.0
16739590172.0
16748747048.0
16760359749.0
16769566527.0
16779247907.0
16787567417.0
16796570693.0
16805572553.0
16815204739.0
16823573443.0
16832573180.0
16842225185.0
16850573362.0
16859578054.0
16868579561.0
16877577174.0
16887276958.0
16898450802.0
16907571933.0
16916572378.0
16926230753.0
16934573975.0
16942581331.0
16952247846.0
16960578328.0
16969581958.0
16981335163.0
16990575563.0
17000272162.0
17009448857.0
17017623969.0
17026582298.0
17036250937.0
17044582834.0
17053583632.0
17063356677.0
17072581858.0
17081579826.0
17089587535.0
17098606030.0
17107584886.0
17116586039.0
17125587191.0
17135258308.0
17143582772.0
17152591003.0
17164599029.0
17173584609.0
17182573021.0
17190577191.0
17198574992.0
17206579870.0
17215196670.0
17223575637.0
17232575728.0
17242249322.0
17250584404.0
17258608748.0
17267584065.0
17276577431.0
17285285895.0
17293579216.0
17302579306.0
17312246884.0
17320583381.0
17329581349.0
17338581440.0
17347580823.0
17356586223.0
17365581359.0
17374581804.0
17383582249.0
17392581986.0
17401583138.0
17411239036.0
17419583674.0
17428592613.0
17437599428.0
17446584655.0
17455220212.0
17463586439.0
17472586530.0
17481586621.0
17490587066.0
17498586989.0
17509342859.0
17519178900.0
17528197395.0
17536592997.0
17545589548.0
17555231644.0
17563590792.0
17572590883.0
17582338445.0
17591171842.0
17599591864.0
17609318899.0
17619429933.0
17627597259.0
17636615400.0
17646233428.0
17654601425.0
17664206713.0
17672601607.0
17681596035.0
17691154960.0
17702333052.0
17711240063.0
17720257495.0
17729597700.0
17739215375.0
17748422153.0
17760632264.0
17771329384.0
17782371926.0
17791614449.0
17801277072.0
17810429700.0
17818622508.0
17827616583.0
17836613842.0
17846481028.0
17856525172.0
17865617281.0
17874614541.0
17887344556.0
17897293142.0
17905616191.0
17915279521.0
17923616373.0
17933288197.0
17941621156.0
17950617708.0
17958625771.0
17966623218.0
17974618894.0
17984319385.0
17995365820.0
18004623562.0
18014437307.0
18022625514.0
18032294153.0
18040739657.0
18050441210.0
18063355969.0
18072627513.0
18081624065.0
18090650700.0
18100306598.0
18109257848.0
18117625491.0
18127263693.0
18136292805.0
18144630365.0
18155400391.0
18164630881.0
18174282178.0
18182631771.0
18190628155.0
18200298918.0
18208633292.0
18218449514.0
18231102021.0
18240324725.0
18248643527.0
18257643972.0
18275288114.0
18284635397.0
18294284571.0
18302636995.0
18311766619.0
18322756074.0
18332298718.0
18340639463.0
18350426310.0
18358635398.0
18367639736.0
18377314391.0
18385636733.0
18394643902.0
18404309709.0
18417768438.0
18426763928.0
18435670585.0
18444690141.0
18453667227.0
18471272439.0
18479630172.0
18488629909.0
18496636911.0
18505640895.0
18515277327.0
18523632583.0
18531634984.0
18540639675.0
18549632688.0
18558633133.0
18566634826.0
18574638289.0
18582634319.0
18590634951.0
18601635730.0
18611306139.0
18619635912.0
18627641852.0
18636661409.0
18645637433.0
18655191403.0
18663638323.0
18672639122.0
18682235916.0
18690652045.0
18700240345.0
18709296708.0
18718640806.0
18728231583.0
18737424912.0
18745642140.0
18755227255.0
18763699657.0
18773239116.0
18782369802.0
18790643657.0
18799643748.0
18809527568.0
18817645345.0
18827381582.0
18835645527.0
18844674286.0
18854527315.0
18864326549.0
18874647809.0
18884252743.0
18892651530.0
18902359808.0
18911624274.0
18920748944.0
18929744434.0
18939208863.0
18947651182.0
18957257177.0
18965663397.0
18977492340.0
18986390150.0
18994653033.0
19003653124.0
19013619760.0
19022760002.0
19032265485.0
19040655425.0
19050239477.0
19058656668.0
19068265495.0
19077248598.0
19085656941.0
19095291604.0
19105503504.0
19115339546.0
19124658869.0
19134689210.0
19143663465.0
19152667449.0
19161660108.0
19170660907.0
19178698699.0
19187660921.0
19196664198.0
19206302046.0
19214663318.0
19223662347.0
19232670932.0
19241666068.0
19250663328.0
19258667144.0
19267663696.0
19276664141.0
19285670956.0
19294670693.0
19303665122.0
19312681847.0
19322472587.0
19332300842.0
19340668838.0
19352285432.0
19361493272.0
19369669446.0
19378670952.0
19388276594.0
19396671134.0
19405670871.0
19415629368.0
19425237487.0
19433698563.0
19443382066.0
19452313498.0
19460673354.0
19469672737.0
19479301383.0
19488299351.0
19496674426.0
19506272989.0
19515602576.0
19524677343.0
19536326498.0
19545567606.0
19553677243.0
19562678042.0
19572416048.0
19581297224.0
19589678669.0
19599369250.0
19609517800.0
19618680338.0
19627685030.0
19637411003.0
19645681319.0
19654681764.0
19664405967.0
19673406412.0
19681683452.0
19690716458.0
19700398899.0
19711312969.0
19720684318.0
19730526376.0
19739389502.0
19748410474.0
19756688929.0
19765692205.0
19776430733.0
19784686892.0
19794388445.0
19802688136.0
19812393936.0
19822418614.0
19830688930.0
19840450649.0
19848730166.0
19859208211.0
19871398504.0
19879691116.0
19888756682.0
19898518046.0
19907390728.0
19916698018.0
19926401340.0
19935424436.0
19943694752.0
19953229964.0
19963709071.0
19973423719.0
19982725700.0
19990774464.0
20000400987.0
