1505560.0
11097045.0
19041404.0
27269603.0
35120174.0
44477720.0
53060190.0
66550063.0
76545367.0
85086428.0
94065638.0
113377788.0
128178212.0
141482279.0
150044222.0
159440699.0
170228421.0
180158604.0
189064907.0
198462446.0
207023681.0
216103049.0
226118880.0
237490210.0
246053568.0
256078247.0
265507992.0
274073120.0
283445177.0
292077195.0
301512603.0
311057371.0
320068433.0
329107101.0
338889701.0
347465800.0
356483941.0
365067826.0
374185064.0
392083318.0
401547039.0
413084356.0
422185313.0
431051977.0
440481723.0
449123650.0
458182137.0
467468901.0
476538005.0
485067387.0
494180732.0
503484129.0
512320710.0
522068627.0
531443869.0
540491031.0
549077747.0
558049525.0
567144465.0
576102794.0
585323729.0
595444673.0
604074921.0
613340803.0
622072626.0
630060870.0
638184664.0
646320138.0
655034972.0
663026402.0
671052161.0
679078629.0
687123146.0
696334525.0
705156596.0
713318259.0
722187047.0
731055127.0
739035585.0
747050373.0
755569138.0
765318116.0
774053831.0
782186120.0
791053492.0
799037489.0
807029627.0
815317638.0
824073173.0
832097517.0
840090716.0
849373586.0
858081342.0
866193103.0
875073216.0
883033501.0
891033071.0
899060954.0
907060170.0
915282353.0
923170439.0
932460387.0
941074001.0
949092683.0
957070309.0
965081912.0
973108379.0
981070788.0
989073897.0
997351645.0
1006082759.0
1014298926.0
1023034995.0
1031061462.0
1039049353.0
1048321251.0
1057184731.0
1066139874.0
1074056273.0
1082579285.0
1091059827.0
1099058689.0
1107286888.0
1118242721.0
1126322983.0
1135035694.0
1143033848.0
1151057484.0
1160343893.0
1169136236.0
1177464947.0
1189360427.0
1198077739.0
1206069169.0
1214191547.0
1223061043.0
1231036900.0
1239287751.0
1248338452.0
1257319431.0
1266308197.0
1275073641.0
1284228394.0
1294105843.0
1303039398.0
1313144769.0
1322598227.0
1331062842.0
1340486925.0
1349513206.0
1358188402.0
1367060729.0
1375041895.0
1383039695.0
1391068640.0
1399045913.0
1407035926.0
1415308719.0
1424074872.0
1432080104.0
1440093830.0
1448084198.0
1456086953.0
1464095724.0
1472583345.0
1482062638.0
1490451516.0
1499063715.0
1507044527.0
1515307764.0
1524089842.0
1532077379.0
1540087920.0
1548099877.0
1557319396.0
1566062190.0
1574193062.0
1583060788.0
1591290404.0
1599291743.0
1609064787.0
1617135848.0
1625076667.0
1633191614.0
1642081283.0
1649973616.0
1658195799.0
1667058216.0
1675085037.0
1683037182.0
1691061526.0
1699046231.0
1707141712.0
1717380510.0
1726082957.0
1734060584.0
1742201366.0
1751072986.0
1759040703.0
1767044873.0
1775069571.0
1783042951.0
1791107287.0
1800341671.0
1809041641.0
1817076956.0
1826238787.0
1835085986.0
1843301798.0
1852326663.0
1861342327.0
1870327907.0
1879346048.0
1888332336.0
1897337736.0
1906330040.0
1915301110.0
1924327391.0
1933339161.0
1942349162.0
1951301828.0
1960347928.0
1969407477.0
1977999149.0
1985954479.0
1994209930.0
2003089689.0
2011051744.0
2019334800.0
2028344447.0
2037324719.0
2046326225.0
2055312513.0
2064343749.0
2073319066.0
2082312432.0
2091336236.0
2100349068.0
2108993827.0
2118196712.0
2127597436.0
2136095674.0
2145164424.0
2154471007.0
2163453048.0
2172094622.0
2181585595.0
2190478095.0
2199041099.0
2208173555.0
2217498541.0
2226071101.0
2235454483.0
2244097119.0
2253326902.0
2263459171.0
2272089419.0
2282382720.0
2292097722.0
2301081887.0
2311056663.0
2320106302.0
2329135061.0
2338506764.0
2347507208.0
2356098172.0
2365094016.0
2375061360.0
2385151513.0
2402206031.0
2414238123.0
2423068688.0
2432083643.0
2441494277.0
2450649029.0
2459069406.0
2468519324.0
2477110996.0
2486509596.0
2496119131.0
2505507822.0
2515062854.0
2524084888.0
2533117893.0
2542106304.0
2551452526.0
2560499687.0
2569095606.0
2578089326.0
2587042346.0
2598489415.0
2607048880.0
2617580720.0
2626091699.0
2635063831.0
2644505609.0
2653512071.0
2662083569.0
2671047206.0
2679374503.0
2688098893.0
2696093508.0
2704087768.0
2712348528.0
2721176616.0
2729121329.0
2737177879.0
2746348557.0
2755339093.0
2764093566.0
2773383514.0
2782095517.0
2790094379.0
2798204016.0
2806097057.0
2814344722.0
2823197938.0
2831350399.0
2840090362.0
2848099487.0
2856157099.0
2864195954.0
2872092534.0
2880135281.0
2888347908.0
2897392947.0
2906461343.0
2915494702.0
2924365260.0
2933367475.0
2942465954.0
2952215286.0
2961184232.0
2970116371.0
2979290943.0
2988149113.0
3009322863.0
3018370024.0
3027532209.0
3036376223.0
3045384100.0
3054369327.0
3063373664.0
3072385435.0
3081371369.0
3090373230.0
3099372259.0
3109321907.0
3118273865.0
3126374655.0
3136234409.0
3144375545.0
3153411735.0
3162372542.0
3171376526.0
3180397144.0
3189375292.0
3198374675.0
3207378305.0
3222402405.0
3231207134.0
3240279778.0
3249171924.0
3258113265.0
3267209975.0
3276196971.0
3285268553.0
3294109382.0
3303213878.0
3312552313.0
3323535397.0
3333387011.0
3343177751.0
3351385069.0
3360373481.0
3369367201.0
3378373309.0
3388277302.0
3398220934.0
3406374811.0
3415391536.0
3424370038.0
3433371898.0
3442375882.0
3451394731.0
3460373233.0
3469373678.0
3478438536.0
3487374214.0
3496080908.0
3504117285.0
3513374673.0
3523054991.0
3532513050.0
3541515618.0
3550096318.0
3559056063.0
3568547744.0
3577139769.0
3587075261.0
3596518101.0
3605499434.0
3614456347.0
3624518187.0
3633560748.0
3642075266.0
3651050937.0
3660536955.0
3669088988.0
3678488296.0
3687050593.0
3696115096.0
3707494213.0
3717502965.0
3726491731.0
3735070307.0
3744106852.0
3753502975.0
3762506605.0
3771051914.0
3780527314.0
3789523512.0
3798081915.0
3807053339.0
3817578809.0
3826103237.0
3835055195.0
3844513254.0
3853522193.0
3863358588.0
3872074130.0
3881184643.0
3892233909.0
3900416099.0
3909113946.0
3918116514.0
3927222426.0
3936137223.0
3945179430.0
3954175628.0
3963335335.0
3972108212.0
3980516555.0
3989097963.0
3998636361.0
4007492762.0
4017156092.0
4026084338.0
4034253079.0
4042101881.0
4050091894.0
4059117467.0
4067412203.0
4076102617.0
4084102187.0
4092110251.0
4100101680.0
4109049038.0
4119082210.0
4127405967.0
4136401457.0
4145154868.0
4153110906.0
4161212404.0
4169093058.0
4177172966.0
4185111662.0
4194403734.0
4203082823.0
4211090533.0
4219644689.0
4228124169.0
4236114537.0
4244096765.0
4252202510.0
4260410536.0
4269408857.0
4278089362.0
4286216341.0
4294099826.0
4302083824.0
4311413057.0
4320460573.0
4329141077.0
4337159050.0
4345151542.0
4354415300.0
4363080586.0
4371058567.0
4379152279.0
4387168482.0
4395083466.0
4411137462.0
4419247808.0
4428417778.0
4437104653.0
4445414608.0
4454457876.0
4463569805.0
4472413819.0
4481452487.0
4490462133.0
4499435327.0
4509329410.0
4518087068.0
4526491872.0
4535425427.0
4544414900.0
4553416407.0
4562467108.0
4571426499.0
4580425174.0
4589421726.0
4598486583.0
4607433233.0
4617102579.0
4625431291.0
4634465358.0
4643432535.0
4652423778.0
4661426346.0
4670283101.0
4678426361.0
4687429637.0
4696425481.0
4705463441.0
4714429202.0
4723429293.0
4732431861.0
4741429475.0
4750429920.0
4759427533.0
4768428332.0
4777429485.0
4786433823.0
4795428251.0
4805161657.0
4814337998.0
4823088224.0
4832508414.0
4841100793.0
4850634236.0
4859523197.0
4868101774.0
4876433671.0
4886646279.0
4895087536.0
4904115940.0
4914136018.0
4923477638.0
4932118504.0
4941115764.0
4950499146.0
4959091525.0
4968120283.0
4977583651.0
4986109494.0
4995502078.0
5004143298.0
5013464037.0
5023478098.0
5032527030.0
5041180636.0
5050527919.0
5059067919.0
5068519607.0
5077546950.0
5086107831.0
5095482719.0
5104111198.0
5114549604.0
5124194885.0
5133101896.0
5142086060.0
5151476521.0
5160120218.0
5169231085.0
5178500506.0
5189108793.0
5198639050.0
5207501822.0
5216530226.0
5225103848.0
5234222855.0
5244178874.0
5253514123.0
5262087391.0
5271505103.0
5280535631.0
5289106068.0
5297454599.0
5306234554.0
5314553002.0
5323092294.0
5331458521.0
5340121684.0
5348108866.0
5356132856.0
5364220551.0
5373455288.0
5382090845.0
5390219948.0
5398107680.0
5406115390.0
5414546030.0
5423095939.0
5431072858.0
5439152059.0
5448464658.0
5457461210.0
5466109508.0
5474230471.0
5482230749.0
5490102200.0
5498197681.0
5506211408.0
5515133637.0
5523463765.0
5532119849.0
5540465903.0
5549111369.0
5557125450.0
5565195449.0
5574463100.0
5583370819.0
5592523448.0
5602475574.0
5611488052.0
5620130687.0
5629156260.0
5637106635.0
5645106913.0
5653119577.0
5661104990.0
5669109161.0
5677216321.0
5687098018.0
5695479109.0
5704478138.0
5713523530.0
5722247213.0
5730239350.0
5738341202.0
5746495786.0
5755187262.0
5763191079.0
5771235242.0
5779293916.0
5787257386.0
5796552289.0
5805618563.0
5814558842.0
5823484964.0
5832497796.0
5841622466.0
5850095575.0
5859197594.0
5868555140.0
5877107881.0
5886101956.0
5897551147.0
5906665553.0
5915491163.0
5925520443.0
5934521949.0
5943169186.0
5952124683.0
5961526823.0
5970533285.0
5979126726.0
5988543730.0
5997525064.0
6006114965.0
6015483483.0
6025542492.0
6034115406.0
6043169646.0
6052536748.0
6061541440.0
6070113292.0
6079128602.0
6090149908.0
6099597703.0
6109525409.0
6118115665.0
6128188122.0
6137520540.0
6146236437.0
6155123628.0
6164522229.0
6173129473.0
6182636018.0
6191111959.0
6200110988.0
6209610455.0
6218660094.0
6227126833.0
6236583122.0
6245114274.0
6255164081.0
6264536846.0
6273617276.0
6283205222.0
6292236811.0
6301542686.0
6311198230.0
6320113381.0
6329564715.0
6338236372.0
6347615153.0
6357318475.0
6366133114.0
6375172136.0
6384547024.0
6393141881.0
6402196829.0
6421277871.0
6430550124.0
6439176479.0
6448537565.0
6457560660.0
6466134282.0
6477135062.0
6486572947.0
6495590026.0
6504549417.0
6513508454.0
6524536485.0
6533157531.0
6542315115.0
6551165146.0
6560515614.0
6569235403.0
6577617910.0
6587226383.0
6595538107.0
6604578898.0
6613610134.0
6622531655.0
6631528207.0
6640527590.0
6651245945.0
6659545989.0
6668525553.0
6677551480.0
6686319048.0
6695263220.0
6710574700.0
6719540461.0
6728659822.0
6741539897.0
6750531848.0
6759510704.0
6768558927.0
6777532121.0
6786281639.0
6795645202.0
6806549008.0
6817588365.0
6826544570.0
6835234277.0
6843513794.0
6852566265.0
6861545121.0
6870527870.0
6880341614.0
6889254642.0
6897406395.0
6905571952.0
6915537526.0
6924254130.0
6932542850.0
6941561344.0
6950678581.0
6959556217.0
6968552061.0
6977304411.0
6986961724.0
6996548608.0
7005241854.0
7013546853.0
7022551899.0
7031556591.0
7040242758.0
7048544926.0
7057312494.0
7065551665.0
7083349407.0
7091220151.0
7100217765.0
7109193082.0
7119205019.0
7128230238.0
7136528867.0
7145220697.0
7153190892.0
7161219128.0
7169204541.0
7177168719.0
7185302777.0
7197538017.0
7206540231.0
7215191361.0
7223219952.0
7231181652.0
7239279964.0
7248555756.0
7257552662.0
7266224319.0
7274366870.0
7282315122.0
7290225859.0
7298362040.0
7306277024.0
7314623077.0
7324262341.0
7334382577.0
7342625641.0
7351550702.0
7360253149.0
7369628391.0
7380531490.0
7389256942.0
7397251911.0
7405613537.0
7415257048.0
7423543997.0
7432564262.0
7441316965.0
7449580910.0
7458659570.0
7467566935.0
7476604188.0
7485581628.0
7495214167.0
7503562698.0
7512616938.0
7522673823.0
7531568093.0
7542507646.0
7551559054.0
7560575072.0
7569636036.0
7578560743.0
7587227091.0
7595621631.0
7604237015.0
7612572097.0
7621272421.0
7629273406.0
7637238292.0
7645260866.0
7653237432.0
7661262837.0
7669262761.0
7678051564.0
7687572619.0
7696260910.0
7706386101.0
7718425271.0
7727595949.0
7737241938.0
7745557554.0
7754258940.0
7762224534.0
7770207115.0
7778246324.0
7786249432.0
7794606458.0
7803309259.0
7812598145.0
7821562137.0
7830414645.0
7838246104.0
7846234702.0
7854204543.0
7862269233.0
7870225625.0
7878209976.0
7886385442.0
7896350663.0
7905574075.0
7914416320.0
7923267412.0
7931214956.0
7939281769.0
7948567471.0
7957238066.0
7965228080.0
7973229773.0
7981241022.0
7989222188.0
7997242284.0
8005248225.0
8013593924.0
8022226650.0
8030239315.0
8038230390.0
8046216157.0
8054250411.0
8064574149.0
8074055566.0
8082573977.0
8091190776.0
8099215828.0
8107211858.0
8115278318.0
8124188868.0
8132358318.0
8140230477.0
8148236064.0
8156214044.0
8164232372.0
8172237250.0
8182221936.0
8190576484.0
8199189390.0
8207233199.0
8215582792.0
8224584299.0
8233242153.0
8241217302.0
8249578928.0
8260228977.0
8268243765.0
8276224577.0
8284233348.0
8292248490.0
8300224701.0
8309041818.0
8317253383.0
8325305686.0
8334203496.0
8342590250.0
8351589987.0
8360225898.0
8368229714.0
8376249103.0
8384250443.0
8392231609.0
8400463701.0
8409580584.0
8426599357.0
8435241638.0
8443588046.0
8452245192.0
8460242992.0
8468241146.0
8476245670.0
8484247717.0
8492285864.0
8500262075.0
8509096533.0
8519240482.0
8527589013.0
8536241204.0
8544249268.0
8552227956.0
8560232127.0
8568244083.0
8576225603.0
8584230482.0
8592245978.0
8600234930.0
8609167423.0
8617659998.0
8626248484.0
8634223279.0
8644234155.0
8652271240.0
8660223031.0
8668230741.0
8676245175.0
8684223156.0
8692238651.0
8700241406.0
8709054629.0
8717227972.0
8725622866.0
8734230110.0
8742605185.0
8751594304.0
8760243310.0
8768257391.0
8776236787.0
8784247682.0
8792382448.0
8800322559.0
8809060752.0
8818144721.0
8826277364.0
8834284011.0
8842256683.0
8850216968.0
8858257238.0
8866266718.0
8874254254.0
8884248496.0
8892242757.0
8900305324.0
8909646236.0
8918478217.0
8928270018.0
8937117217.0
8945612270.0
8954256675.0
8962238903.0
8970628842.0
8979253782.0
8987623548.0
8996234331.0
9004272477.0
9012633396.0
9022301680.0
9031606139.0
9040233910.0
9048244451.0
9056254992.0
9064231204.0
9072246346.0
9080434907.0
9089620450.0
9098266978.0
9106326360.0
9114611894.0
9123612692.0
9132238340.0
9140628987.0
9149619522.0
9158251540.0
9166621660.0
9175613611.0
9184240321.0
9192271389.0
9200410755.0
9209622842.0
9218268663.0
9226259385.0
9234233118.0
9242699504.0
9251629873.0
9260238179.0
9268274202.0
9276253244.0
9284616286.0
9293626640.0
9302251226.0
9310244071.0
9318617023.0
9327618529.0
9336256564.0
9344616774.0
9353629606.0
9362261270.0
9370636699.0
9379619448.0
9388245449.0
9396255283.0
9404444905.0
9413633988.0
9422257158.0
9430241863.0
9438623308.0
9447633663.0
9456259664.0
9464623060.0
9473634122.0
9482641645.0
9491686330.0
9500252165.0
9509092286.0
9517253242.0
9525627255.0
9534620975.0
9543622836.0
9552643454.0
9561624079.0
9570627002.0
9579366610.0
9588250617.0
9596628877.0
9605640293.0
9614263817.0
9622644908.0
9631630135.0
9640632703.0
9649318163.0
9657628825.0
9666631039.0
9675633961.0
9684631221.0
9693635559.0
9702631757.0
9711634679.0
9720670516.0
9729338987.0
9737638678.0
9746263617.0
9754643647.0
9763635952.0
9772638520.0
9781643920.0
9790637640.0
9799637731.0
9809107469.0
9817701618.0
9826643667.0
9835640219.0
9844648450.0
9853667652.0
9864641534.0
9873299388.0
9881652166.0
9890660043.0
9899687032.0
9909060151.0
9918122885.0
9926290565.0
9934647590.0
9943657590.0
9952645648.0
9961653525.0
9970661402.0
9979645567.0
9989171224.0
9999164050.0
10007267671.0
10015593905.0
10024661594.0
10033337498.0
10041666210.0
10050662761.0
10059648342.0
10068651264.0
10077649939.0
10087542253.0
10096650996.0
10105471298.0
10114679846.0
10124654976.0
10133666392.0
10142293101.0
10152653293.0
10161338398.0
10169650476.0
10178665785.0
10187653489.0
10196654288.0
10205684462.0
10214669334.0
10223657392.0
10232655360.0
10241336218.0
10249659975.0
10259654925.0
10268658555.0
10277661477.0
10286367817.0
10295671569.0
10304683693.0
10313659717.0
10322674319.0
10332193605.0
10340275991.0
10348660975.0
10357668145.0
10366687347.0
10375665849.0
10384675142.0
10393663554.0
10403120905.0
10411485362.0
10419669676.0
10436688094.0
10445670489.0
10454478404.0
10463668901.0
10472670054.0
10481314105.0
10489673254.0
10499113971.0
10507669543.0
10517671925.0
10526378265.0
10535673522.0
10544670782.0
10553670873.0
10562685120.0
10571305813.0
10579669563.0
10588671423.0
10599711134.0
10609172731.0
10617674862.0
10626671060.0
10635687077.0
10644537462.0
10652682137.0
10662119668.0
10670358839.0
10678682596.0
10687691181.0
10696676408.0
10705338155.0
10713678900.0
10722305255.0
10731117416.0
10740235008.0
10748676973.0
10757682372.0
10766367832.0
10774685572.0
10783703005.0
10793698308.0
10803205561.0
10811703445.0
10821702288.0
10830586294.0
10840337396.0
10850392865.0
10859590795.0
10871584664.0
10882250993.0
10891404329.0
10899705436.0
10910409633.0
10918706139.0
10927703398.0
10938707363.0
10947704269.0
10958376260.0
10966707096.0
10976704523.0
10986245044.0
10995706642.0
11009585115.0
11018411787.0
11027430635.0
11035709799.0
11044715906.0
11054381006.0
11062707594.0
11071710516.0
11081709005.0
11091201394.0
11100247848.0
11110225455.0
11120271015.0
11131401682.0
11139702434.0
11148415145.0
11156357380.0
11164694940.0
11173714143.0
11182700785.0
11191696983.0
11200698135.0
11212506198.0
11220599202.0
11229706883.0
11238701665.0
11248157246.0
11256547894.0
11264701417.0
11273315739.0
11282251771.0
11290705061.0
11299316906.0
11309091720.0
11318273370.0
11326714627.0
11335574567.0
11344701714.0
11354260639.0
11363193486.0
11371706942.0
11381255249.0
11389712079.0
11398711108.0
11407704828.0
11418221804.0
11426412489.0
11436700835.0
11446632434.0
11456557308.0
11466631535.0
11476600294.0
11487235125.0
11496635495.0
11507248382.0
11516394641.0
11525241486.0
11534395177.0
11543229989.0
11552238574.0
11562224321.0
11570398018.0
11579308922.0
11590247766.0
11599205741.0
11609180871.0
11617395622.0
11626260871.0
11635499855.0
11645620091.0
11655255816.0
11664591420.0
11674582830.0
11683214140.0
11692260594.0
11701275550.0
11710258653.0
11719238216.0
11728260958.0
11737347759.0
11747196541.0
11756245118.0
11765260428.0
11774395361.0
11783251054.0
11793295906.0
11802242201.0
11810401387.0
11819248586.0
11828246554.0
11837347865.0
11846396442.0
11855243995.0
11864261428.0
11874242575.0
11882418041.0
11891247544.0
11900252590.0
11909163494.0
11918377704.0
11927241538.0
11936203760.0
11945256230.0
11954393641.0
11963236947.0
11972256149.0
11981256948.0
11990310126.0
12000307553.0
12010273482.0
12020253567.0
12029294004.0
12039154820.0
12048276304.0
12058271254.0
12067217549.0
12076275682.0
12085275773.0
12095258690.0
12105256117.0
12114243821.0
12123268332.0
12135456147.0
12144179475.0
12153173904.0
12171399176.0
12180259116.0
12190267161.0
12199235399.0
12208342727.0
12218701149.0
12229643886.0
12239260499.0
12248471170.0
12257343497.0
12266413310.0
12275247060.0
12284172475.0
12293272370.0
12302371558.0
12311258749.0
12322440026.0
12331571420.0
12339379167.0
12348282993.0
12358270156.0
12367226008.0
12376275647.0
12385399255.0
12394195490.0
12403224248.0
12412352103.0
12424281559.0
12441139653.0
12449671867.0
12459432170.0
12468203277.0
12476467576.0
12484464668.0
12492475917.0
12502197997.0
12511155264.0
12519418855.0
12528200580.0
12538161200.0
12547126253.0
12556174830.0
12565188016.0
12573371622.0
12582136359.0
12590374114.0
12599162917.0
12607374129.0
12617379696.0
12627088681.0
12635375631.0
12644375722.0
12654105588.0
12663081967.0
12671377410.0
12681129219.0
12689377592.0
12699090117.0
12709070910.0
12717381572.0
12727106129.0
12735381400.0
12745139579.0
12754129053.0
12762380611.0
12771381410.0
12781147375.0
12790605434.0
12800128259.0
12809184269.0
12818405558.0
12828146041.0
12836384151.0
12846117556.0
12854385040.0
12863386193.0
12873129508.0
12882112257.0
12890386820.0
12900142876.0
12909311431.0
12919095801.0
12928143670.0
12936391689.0
12946142436.0
12954389040.0
12964138017.0
12973159343.0
12983391063.0
12992396109.0
13002117481.0
13010418941.0
13019392489.0
13029169426.0
13038116783.0
13046393469.0
13056147756.0
13065131567.0
13073394804.0
13082394895.0
13092153428.0
13101131930.0
13110158565.0
13120160947.0
13129187228.0
13138397191.0
13148134490.0
13156415069.0
13166252880.0
13177211189.0
13185404705.0
13194399487.0
13204136432.0
13212401085.0
13221400468.0
13231127503.0
13240633340.0
13249405509.0
13259125820.0
13268139360.0
13276405782.0
13285403750.0
13295101409.0
13304136538.0
13313285274.0
13323118484.0
13332706784.0
13343328873.0
13352146343.0
13360407457.0
13369407194.0
13378226787.0
13387187594.0
13395408361.0
13403408639.0
13411409270.0
13419458742.0
13428233742.0
13436413101.0
13445221723.0
13454358426.0
13462411083.0
13471207318.0
13480220504.0
13489313675.0
13497415526.0
13506209638.0
13514482431.0
13523137808.0
13531416263.0
13540222762.0
13551168685.0
13559418827.0
13568217186.0
13576415656.0
13585295062.0
13593417440.0
13602199873.0
13611249158.0
13619418254.0
13628231477.0
13637197946.0
13646351282.0
13654426590.0
13662419435.0
13671173555.0
13679421220.0
13688212854.0
13696421942.0
13704422219.0
13713276497.0
13722200142.0
13731238456.0
13739428786.0
13748215820.0
13756423846.0
13765233176.0
13773435186.0
13782198507.0
13790425998.0
13798426276.0
13806428677.0
13815206862.0
13824246946.0
13832427367.0
13841287661.0
13849428443.0
13857429074.0
13866210799.0
13874429443.0
13883243374.0
13891435474.0
13900233125.0
13909135535.0
13920244613.0
13928433174.0
13937288159.0
13945433188.0
13954233670.0
13962499385.0
13971220236.0
13979561689.0
13988235115.0
13996438541.0
14004549948.0
14013161085.0
14021442372.0
14030368140.0
14038436016.0
14047194382.0
14056246852.0
14064437183.0
14072437106.0
14080438092.0
14088438723.0
14099439857.0
14109096816.0
14119103799.0
14128161224.0
14136440742.0
14146161406.0
14154675924.0
14164149909.0
14173147877.0
14181442258.0
14190443411.0
14200153812.0
14209242382.0
14217444038.0
14227091796.0
14236150283.0
14244557918.0
14255119134.0
14263446076.0
14273220182.0
14284392965.0
14292447745.0
14301453499.0
14311625407.0
14320454556.0
14329615679.0
14340163446.0
14349139470.0
14357450486.0
14367107800.0
14376171242.0
14384453944.0
14393452266.0
14403105332.0
14412686554.0
14422147798.0
14431255833.0
14450246981.0
14458462439.0
14468163284.0
14477169038.0
14485455988.0
14496457121.0
14506260248.0
14520305062.0
14528539632.0
14538093956.0
14547266404.0
14556326661.0
14564466735.0
14572467012.0
14581355266.0
14589467381.0
14598285559.0
14606468811.0
14615285219.0
14623659232.0
14632470332.0
14640474503.0
14648475842.0
14656471165.0
14664477105.0
14672472073.0
14680475890.0
14688477583.0
14696472198.0
14704473183.0
14713372408.0
14721477091.0
14730289960.0
14739273417.0
14748341814.0
14756475164.0
14764475795.0
14772476073.0
14780481305.0
14788476628.0
14796478675.0
14804477183.0
14813300315.0
14822450113.0
14831312884.0
14839480918.0
14848667877.0
14857526401.0
14867298384.0
14875496500.0
14884333082.0
14893371042.0
14901481033.0
14910296734.0
14919293640.0
14928352481.0
14936485477.0
14944484339.0
14952484262.0
14960484894.0
14968484463.0
14976485095.0
14984485372.0
14992486004.0
15000509993.0
15009241816.0
15017496913.0
15026425159.0
15034483833.0
15043256709.0
15052324044.0
15060483230.0
15068481030.0
15076531564.0
15084484417.0
15092483278.0
15100482494.0
15109276960.0
15117522147.0
15125484202.0
15134264511.0
15142484924.0
15151257801.0
15160303901.0
15168485737.0
15176489200.0
15184486646.0
15194520527.0
15202674050.0
15212738367.0
15222279242.0
15230488684.0
15238488608.0
15247252990.0
15256307231.0
15264490129.0
15272490406.0
15281358840.0
15289491483.0
15297492114.0
15306278439.0
15315261896.0
15323495405.0
15331496036.0
15340305366.0
15349332709.0
15358303778.0
15366494109.0
15375161165.0
15384330782.0
15392495984.0
15400496615.0
15409173581.0
15417503354.0
15425549995.0
15434333135.0
15443235191.0
15451497721.0
15460318376.0
15469336517.0
15478313957.0
15486499687.0
15495266547.0
15504340252.0
15513306367.0
15522379011.0
15531207099.0
15540339908.0
15550502968.0
15559148435.0
15568308142.0
15576519354.0
15584513615.0
15592514954.0
15600516647.0
15609287754.0
15617518785.0
15626343334.0
15635310156.0
15645364210.0
15654340942.0
15663320152.0
15671523932.0
15680392366.0
15689363436.0
15698330966.0
15706516342.0
15715323549.0
15724367525.0
15733379295.0
15744371935.0
15752522273.0
15761425037.0
15769527950.0
15777523627.0
15786347113.0
15794532843.0
15802523919.0
15810528443.0
15818525535.0
15826525105.0
15834528922.0
15842578747.0
15850530184.0
15858532939.0
15866530739.0
15874527124.0
15883153833.0
15892373706.0
15901369196.0
15910256742.0
15919172600.0
15928218700.0
15936534671.0
15944529286.0
15953279158.0
15962342246.0
15971217051.0
15979534083.0
15988210341.0
15996533036.0
16004554195.0
16013366356.0
16022352644.0
16031321591.0
16040212675.0
16048541033.0
16057243127.0
16066224460.0
16075195176.0
16085105540.0
16093601654.0
16102571662.0
16112325595.0
16120580692.0
16130155543.0
16138616619.0
16147511951.0
16156546372.0
16165248111.0
16174216704.0
16182540107.0
16191184158.0
16200240875.0
16208541982.0
16216707538.0
16239319249.0
16247544617.0
16256237863.0
16265415974.0
16274371825.0
16283209115.0
16292209206.0
16301222745.0
16309600298.0
16317571908.0
16326211358.0
16335187737.0
16344255426.0
16353359214.0
16362210660.0
16371196948.0
16380311000.0
16388559019.0
16396553988.0
16405438702.0
16415209623.0
16423555323.0
16432372085.0
16442655476.0
16459345106.0
16467568705.0
16475558365.0
16483565367.0
16492240209.0
16501258349.0
16510247823.0
16518563086.0
16527187318.0
16536260315.0
16545375783.0
16553593719.0
16562345007.0
16571234322.0
16580208223.0
16588548260.0
16596690458.0
16606554813.0
16615168781.0
16622549351.0
16630549982.0
16639249598.0
16647570524.0
16657319856.0
16665550533.0
16674197061.0
16683200691.0
16691555593.0
16699557994.0
16709291399.0
16717625066.0
16725554560.0
16733554484.0
16742374078.0
16750725086.0
16759558482.0
16767555575.0
16775555852.0
16783555776.0
16792219292.0
16800557206.0
16811557986.0
16819557909.0
16828217179.0
16837237089.0
16845564739.0
16853560062.0
16862360544.0
16871204558.0
16879562644.0
16887695994.0
16897336320.0
16905561334.0
16914208217.0
16922562411.0
16930562688.0
16938585262.0
16946563951.0
16954564582.0
16963187398.0
16970748112.0
16980328272.0
16988568150.0
16996565950.0
17004570475.0
17013241424.0
17022216033.0
17030567041.0
17038599525.0
17047189073.0
17055067249.0
17062568505.0
17070568075.0
17079387314.0
17087569151.0
17096227359.0
17105295048.0
17114377955.0
17123218784.0
17132224891.0
17141229229.0
17150366286.0
17158572896.0
17167207038.0
17176247121.0
17184573710.0
17192582481.0
17200574619.0
17209270341.0
17217575341.0
17226250183.0
17235215944.0
17244263460.0
17252587217.0
17261391946.0
17270378234.0
17279276043.0
17287578211.0
17296255884.0
17305269778.0
17314238017.0
17323232799.0
17332261557.0
17341270850.0
17350274834.0
17359216175.0
17368262629.0
17377373495.0
17386315898.0
17395218308.0
17404254498.0
17413269808.0
17422256096.0
17431214425.0
17440258755.0
17449268048.0
17457585435.0
17466251429.0
17475232762.0
17484434231.0
17492587047.0
17500599711.0
17510352582.0
17518589630.0
17527589013.0
17537373382.0
17546412050.0
17554590701.0
17564283406.0
17573284205.0
17581592036.0
17590591773.0
17600277400.0
17609737582.0
17618707944.0
17628305445.0
17637307660.0
17645646635.0
17655259001.0
17663595499.0
17673293513.0
17682271661.0
17690596480.0
17701597260.0
17711664408.0
17720674763.0
17730274742.0
17738648401.0
17747600359.0
17756312716.0
17764607806.0
17773210095.0
17781599680.0
17789599958.0
17797600235.0
17805606175.0
17814243502.0
17823246778.0
17832276598.0
17841337563.0
17850249175.0
17859239356.0
17868313416.0
17877548153.0
17886607348.0
17895228395.0
17903605947.0
17911605163.0
17919611811.0
17927606425.0
17935612012.0
17944271989.0
17952607779.0
17960607703.0
17968608334.0
17976608258.0
17985225057.0
17994631090.0
18002609425.0
18010611472.0
18018609980.0
18026636801.0
18034613366.0
18042611166.0
18051140548.0
18062612744.0
18070612314.0
18079265213.0
18088275214.0
18096613835.0
18104613405.0
18113366816.0
18121626160.0
18129614405.0
18138255271.0
18146729796.0
18154637347.0
18162616036.0
18170667631.0
18178616591.0
18186641642.0
18194617854.0
18202617423.0
18210617701.0
18219176104.0
18227620193.0
18238619911.0
18246621958.0
18255245836.0
18264303261.0
18272626310.0
18280621633.0
18288627927.0
18296622188.0
18304622819.0
18313169543.0
18322317217.0
18330623278.0
18338634173.0
18346646484.0
18354624819.0
18363241618.0
18371273748.0
18379625465.0
18388287919.0
18396626895.0
18404724853.0
18417356833.0
18426274815.0
18435257918.0
18444306142.0
18453282874.0
18469333331.0
18477629483.0
18486329807.0
18494631267.0
18503294430.0
18511631635.0
18519632267.0
18527635730.0
18536293937.0
18545364458.0
18554404895.0
18562673087.0
18570634434.0
18579082415.0
18586634989.0
18595281164.0
18604291164.0
18613361684.0
18621636601.0
18630283483.0
18639259154.0
18646651403.0
18654637878.0
18664330937.0
18673567444.0
18681638859.0
18691301835.0
18699639749.0
18709719992.0
18719318202.0
18727640543.0
18736640988.0
18746450131.0
18754648602.0
18764512956.0
18772643121.0
18781643920.0
18791319283.0
18800327868.0
18809219307.0
18818457937.0
18826668441.0
18836336726.0
18845490063.0
18853678977.0
18865284600.0
18875324497.0
18883647546.0
18893351577.0
18901648790.0
18911316721.0
18920313980.0
18929420600.0
18938650737.0
18948361845.0
18956651626.0
18966383262.0
18976652851.0
18985660728.0
18995379623.0
19004343261.0
19013316100.0
19022437230.0
19031654980.0
19041574545.0
19049655162.0
19059333002.0
19067656405.0
19076656496.0
19086351325.0
19095716658.0
19104657998.0
19115770616.0
19125365640.0
19133658960.0
19143275927.0
19150659682.0
19159280729.0
19166663069.0
19174660869.0
19183280146.0
19190666732.0
19199325294.0
19208461289.0
19217403338.0
19226432096.0
19235305839.0
19244326811.0
19252668263.0
19261354431.0
19270321961.0
19279318159.0
19288326390.0
19297457784.0
19306327988.0
19314677581.0
19323329064.0
19331668039.0
19341400737.0
19351671033.0
19360670770.0
19370513536.0
19379534154.0
19387669628.0
19397397371.0
19406508237.0
19415321814.0
19424324029.0
19434504077.0
19442695823.0
19451674325.0
19461496563.0
19470478605.0
19478673890.0
19487673981.0
19497507191.0
19505675225.0
19515296085.0
19525529928.0
19535676707.0
19545248727.0
19554478156.0
19563524964.0
19571681318.0
19580678224.0
19590479227.0
19598682299.0
19609193966.0
19619482313.0
19628496560.0
19636687952.0
19646613888.0
19655478075.0
19663685748.0
19672682654.0
19682617791.0
19691511000.0
19699683634.0
19711737315.0
19721500449.0
19729685117.0
19738685916.0
19747698394.0
19757503291.0
19766626544.0
19775687155.0
19785499130.0
19793688399.0
19803460381.0
19813256076.0
19821688485.0
19831465422.0
19839731491.0
19849573195.0
19859629726.0
19870694564.0
19880535560.0
19889589093.0
19897692714.0
19906692805.0
19917511671.0
19925696339.0
19934746332.0
19944545212.0
19953648647.0
19963384176.0
19972696067.0
19981696158.0
19990361798.0
19998696172.0
