8058673.0
17473908.0
26456657.0
35510543.0
44501079.0
53366327.0
62459498.0
71441540.0
80504628.0
101673422.0
119011780.0
131678444.0
141501744.0
151799292.0
162056140.0
172055690.0
193603175.0
203770482.0
213511674.0
223846029.0
233803110.0
245061186.0
255876160.0
272516242.0
281917320.0
291945184.0
301843160.0
311022687.0
320061708.0
330061967.0
339993211.0
349488077.0
359442327.0
369854544.0
379496285.0
389482033.0
399771087.0
409819831.0
419312928.0
428066339.0
438065890.0
448810788.0
458066406.0
467740000.0
477846433.0
487470832.0
498031340.0
508828264.0
518823568.0
528491499.0
538934860.0
548000780.0
557478304.0
567798148.0
577811148.0
586721344.0
596002091.0
606363697.0
614958908.0
624642411.0
635756090.0
645644511.0
658948932.0
667977690.0
677613061.0
687567310.0
697608977.0
707463068.0
717957747.0
727602673.0
737609302.0
747566737.0
757541513.0
765726889.0
776747842.0
787385503.0
799615788.0
808752491.0
818590655.0
830686452.0
841610432.0
850745011.0
861636077.0
872007593.0
881468129.0
891504841.0
900623140.0
909710648.0
918713217.0
928606946.0
938596587.0
948552252.0
957716914.0
966740363.0
976606841.0
986963493.0
996685220.0
1007492407.0
1019018753.0
1031350611.0
1040489084.0
1050616044.0
1060536671.0
1070717781.0
1079721411.0
1089935435.0
1099614337.0
1108719541.0
1117721048.0
1126726094.0
1135721584.0
1144721321.0
1154524802.0
1162752293.0
1171724071.0
1181556573.0
1189727084.0
1198745933.0
1207724789.0
1216724172.0
1226526945.0
1234725415.0
1245825292.0
1255625941.0
1265586915.0
1275582926.0
1294457281.0
1303729180.0
1312728563.0
1321733255.0
1330763075.0
1339730252.0
1348729635.0
1358525683.0
1366731232.0
1376563381.0
1386601862.0
1395755199.0
1406532303.0
1414733251.0
1424568938.0
1435595908.0
1444733672.0
1454536445.0
1462735978.0
1472613427.0
1481737035.0
1490775349.0
1500562550.0
1509737475.0
1518738628.0
1527740842.0
1536738102.0
1545738901.0
1554739346.0
1563739437.0
1572744482.0
1581794122.0
1590741125.0
1599740862.0
1608744138.0
1617742814.0
1626742197.0
1635742288.0
1644742733.0
1653773260.0
1662795294.0
1672603730.0
1682613898.0
1691782099.0
1700745737.0
1709747951.0
1718746626.0
1728567449.0
1736747162.0
1746353866.0
1755747865.0
1764748664.0
1773749109.0
1782749554.0
1791789637.0
1800776987.0
1809750535.0
1818755934.0
1827754256.0
1836751515.0
1845751960.0
1855587294.0
1863752496.0
1872752587.0
1881783115.0
1890753831.0
1900891762.0
1911546412.0
1919755500.0
1929756112.0
1938756203.0
1947762665.0
1956756739.0
1966727622.0
1976615335.0
1986581618.0
1996598864.0
2004758758.0
2014735658.0
2022815566.0
2031790529.0
2040760537.0
2050723988.0
2059761595.0
2068766994.0
2078592418.0
2086763283.0
2094763561.0
2104600663.0
2112871687.0
2121795686.0
2130838601.0
2139767908.0
2149635448.0
2158824176.0
2168613147.0
2176766316.0
2186579353.0
2194767206.0
2204627313.0
2213769679.0
2222803392.0
2231886653.0
2240777738.0
2249762610.0
2268640505.0
2277771898.0
2286771635.0
2296606615.0
2304777834.0
2313775801.0
2322773769.0
2331830133.0
2340783153.0
2349774396.0
2359595572.0
2367774224.0
2377599293.0
2385776175.0
2394775912.0
2402777251.0
2411807425.0
2420777787.0
2429783541.0
2441580278.0
2449780872.0
2457786812.0
2466770977.0
2475771422.0
2484577213.0
2493618358.0
2502858404.0
2511775325.0
2520581116.0
2528776401.0
2537575468.0
2545778893.0
2554757749.0
2562803328.0
2571781830.0
2580614519.0
2588799894.0
2597571001.0
2606585957.0
2614778057.0
2623638351.0
2632573321.0
2640778870.0
2649587492.0
2658782591.0
2666780037.0
2675495934.0
2684601138.0
2693605122.0
2701783773.0
2710782094.0
2718782372.0
2726782649.0
2734787882.0
2742810810.0
2751546525.0
2760786925.0
2769600856.0
2780810093.0
2789586509.0
2797788518.0
2806654121.0
2814894354.0
2823786500.0
2831808367.0
2840602832.0
2848787500.0
2857585505.0
2865788576.0
2874789021.0
2882816904.0
2891555805.0
2899914600.0
2908815948.0
2917610060.0
2925791188.0
2934796588.0
2942821640.0
2950792542.0
2959593024.0
2967795034.0
2975793188.0
2984627646.0
2992822931.0
3000894700.0
3011489538.0
3019796661.0
3028593250.0
3036818972.0
3045613791.0
3055586798.0
3063797656.0
3071826600.0
3080798378.0
3089592136.0
3098574531.0
3106799545.0
3117799971.0
3126910130.0
3135800507.0
3143822373.0
3153626208.0
3162863423.0
3171802994.0
3180802731.0
3189621263.0
3198803267.0
3206803898.0
3214810546.0
3222867451.0
3232640849.0
3240805343.0
3248917458.0
3258615826.0
3266806864.0
3275571955.0
3285807214.0
3303585844.0
3313649453.0
3322941171.0
3332671038.0
3340845442.0
3349817573.0
3358679637.0
3366818650.0
3374818219.0
3382819205.0
3390876109.0
3399840808.0
3409652783.0
3418005561.0
3427821429.0
3436821520.0
3444870284.0
3454749857.0
3464669422.0
3472851259.0
3481824098.0
3489823668.0
3498824113.0
3506855181.0
3515824481.0
3523911822.0
3532854579.0
3542636825.0
3550826093.0
3559644625.0
3567826462.0
3575976800.0
3584828246.0
3592861791.0
3602635543.0
3610829059.0
3618830044.0
3627829428.0
3635841738.0
3644889962.0
3653830241.0
3661859539.0
3669832211.0
3678832656.0
3686831872.0
3695534319.0
3703837195.0
3713687393.0
3721835962.0
3729834115.0
3738834560.0
3746834484.0
3755499416.0
3763836976.0
3772857240.0
3781837158.0
3791641347.0
3799837694.0
3808837077.0
3816838062.0
3826807884.0
3836704444.0
3846622948.0
3856686204.0
3864877596.0
3873841233.0
3882841324.0
3890840894.0
3899841693.0
3908842138.0
3917844706.0
3925842506.0
3933844199.0
3942849245.0
3954708626.0
3963843913.0
3971844190.0
3983604474.0
3992851245.0
4002624997.0
4011893356.0
4020846730.0
4028873197.0
4037849576.0
4045877459.0
4054702361.0
4062848806.0
4070854746.0
4078850423.0
4086853886.0
4096557916.0
4104995988.0
4116855369.0
4125884127.0
4134852719.0
4142857244.0
4150852566.0
4159679592.0
4167852935.0
4175889665.0
4184854365.0
4194689698.0
4204687833.0
4212857283.0
4220879503.0
4229855881.0
4237855805.0
4245951286.0
4255680444.0
4265663361.0
4274878987.0
4287526893.0
4303967720.0
4312859512.0
4320859790.0
4330666102.0
4340998688.0
4350861273.0
4359930731.0
4368861808.0
4376893938.0
4385863239.0
4393862454.0
4401863440.0
4410864238.0
4418900615.0
4427864607.0
4437589164.0
4446899994.0
4456021478.0
4465866721.0
4473866999.0
4482867090.0
4491876382.0
4501704637.0
4509869486.0
4519046181.0
4529645266.0
4538926366.0
4548550766.0
4557585186.0
4566902740.0
4576545189.0
4584896552.0
4594675258.0
4605690903.0
4617571164.0
4626873854.0
4635873237.0
4645548954.0
4658635008.0
4667621650.0
4676875853.0
4686695260.0
4694875327.0
4702879498.0
4710876590.0
4720545229.0
4728881373.0
4738723431.0
4749683156.0
4759540432.0
4767910198.0
4777559372.0
4786058671.0
4796568569.0
4804880293.0
4814534067.0
4822881536.0
4831883751.0
4841558052.0
4849882517.0
4858769709.0
4866883593.0
4875885808.0
4885556570.0
4896079209.0
4905887291.0
4914885966.0
4923885703.0
4933589026.0
4943886928.0
4953720137.0
4963715087.0
4972887535.0
4981889396.0
4989889673.0
4998889410.0
5007519305.0
5015889779.0
5025593809.0
5034891190.0
5042898900.0
5053743602.0
5061939949.0
5071675124.0
5080901014.0
5089892611.0
5097927572.0
5108978962.0
5117925257.0
5126894558.0
5134898020.0
5142903961.0
5151895911.0
5160896356.0
5169905295.0
5178898308.0
5188614017.0
5199015617.0
5210584432.0
5219602219.0
5227929515.0
5236899169.0
5246551528.0
5255531092.0
5263905105.0
5274901637.0
5283901021.0
5293576738.0
5311659736.0
5326849823.0
5336723733.0
5345998463.0
5356616659.0
5364905732.0
5373906177.0
5382906268.0
5392580216.0
5400918129.0
5409907249.0
5418907694.0
5427908846.0
5436931942.0
5447802126.0
5456909100.0
5466007226.0
5477690002.0
5486909875.0
5494910860.0
5502911492.0
5512659408.0
5520921583.0
5529913534.0
5538912917.0
5548013167.0
5556913453.0
5566751972.0
5574917882.0
5583914434.0
5593584842.0
5603995998.0
5614916792.0
5622917070.0
5631918576.0
5641595001.0
5649921943.0
5658921326.0
5667920710.0
5677587225.0
5685952036.0
5694919921.0
5704596346.0
5715091733.0
5724948301.0
5733922202.0
5742921939.0
5753672146.0
5761924766.0
5771720461.0
5779928841.0
5788945566.0
5797923714.0
5805960445.0
5814925498.0
5824620327.0
5835861770.0
5845596591.0
5854743911.0
5862927163.0
5872594740.0
5880928407.0
5890736489.0
5898928589.0
5908614570.0
5918965913.0
5928604469.0
5939035797.0
5948637900.0
5957611093.0
5965963163.0
5974950513.0
5982932741.0
5992607396.0
6003736648.0
6012958644.0
6022765310.0
6032053135.0
6041934124.0
6051630368.0
6062992142.0
6071979138.0
6081024531.0
6091001430.0
6099937463.0
6108954895.0
6117940476.0
6126972773.0
6135939242.0
6145614251.0
6154748477.0
6162983401.0
6171940314.0
6181629126.0
6189945097.0
6198942356.0
6208615950.0
6219042323.0
6228624607.0
6236996850.0
6245943854.0
6255585241.0
6263945097.0
6272945188.0
6281944925.0
6291033849.0
6300627458.0
6308946260.0
6318768144.0
6340051608.0
6348948355.0
6356979777.0
6365948723.0
6375583386.0
6383949613.0
6393638071.0
6403657441.0
6414010554.0
6423785722.0
6432111602.0
6442067621.0
6451962766.0
6462716866.0
6471960098.0
6481645371.0
6489954617.0
6499007441.0
6508641042.0
6516955598.0
6526760848.0
6536729962.0
6546749686.0
6556629966.0
6564993362.0
6573958061.0
6582958152.0
6591958243.0
6603593949.0
6614017491.0
6623639413.0
6632108983.0
6641960597.0
6650966350.0
6659006266.0
6668667473.0
6676962209.0
6685963715.0
6693966116.0
6702964084.0
6712635554.0
6723067236.0
6732644919.0
6740965490.0
6749974075.0
6761979977.0
6771026431.0
6780657201.0
6791642408.0
6800967748.0
6809968193.0
6819001198.0
6827985363.0
6836969528.0
6845969619.0
6854969710.0
6862971403.0
6870971326.0
6880651644.0
6888995575.0
6897992480.0
6907988846.0
6916983274.0
6929675419.0
6937973694.0
6945975034.0
6955654644.0
6963975569.0
6973834615.0
6981976459.0
6990977612.0
7000648728.0
7009005753.0
7017977531.0
7026982931.0
7036649446.0
7047025563.0
7055993094.0
7065056182.0
7074069014.0
7083628647.0
7092033450.0
7101673422.0
7109980899.0
7119016027.0
7128661308.0
7137043107.0
7147723592.0
7157659792.0
7165983903.0
7173993028.0
7182984625.0
7190985257.0
7199607011.0
7208676823.0
7216988193.0
7226643737.0
7235620824.0
7243988112.0
7253585968.0
7261987940.0
7269988572.0
7279660750.0
7287981321.0
7295981953.0
7304982044.0
7321103284.0
7329983751.0
7338988797.0
7347991365.0
7357012691.0
7371916106.0
7379985397.0
7389639879.0
7398958495.0
7407992916.0
7416986990.0
7427784268.0
7436994231.0
7446015557.0
7455623322.0
7463988841.0
7472989286.0
7481990793.0
7490993007.0
7498993993.0
7506999579.0
7516039662.0
7524991621.0
7533693714.0
7542655582.0
7551038089.0
7560993754.0
7569666119.0
7578655592.0
7586997399.0
7597995701.0
7606995438.0
7615003856.0
7623996514.0
7632996605.0
7640996883.0
7650033073.0
7660662595.0
7670576497.0
7678999351.0
7689762653.0
7699521894.0
7708753800.0
7717003589.0
7726000494.0
7735027483.0
7744600918.0
7754035972.0
7763005980.0
7774781483.0
7783589397.0
7792005526.0
7801003848.0
7810864309.0
7819033405.0
7828605070.0
7837005273.0
7847005886.0
7856988802.0
7866006589.0
7875587456.0
7884007479.0
7893007570.0
7902606487.0
7911569417.0
7920009612.0
7929770623.0
7939992787.0
7949038179.0
7958653730.0
7968608687.0
7977011368.0
7986011813.0
7995587725.0
8004648690.0
8013015625.0
8022632946.0
8031016868.0
8040903873.0
8049768768.0
8059705322.0
8069042695.0
8078016242.0
8087594278.0
8096772035.0
8105018993.0
8114620387.0
8123018467.0
8132648529.0
8141631278.0
8150020509.0
8159682777.0
8169777177.0
8178020595.0
8187592261.0
8196021131.0
8205021222.0
8214634650.0
8223022112.0
8232637309.0
8241023002.0
8251024322.0
8261924943.0
8270631638.0
8279060508.0
8290976515.0
8299758239.0
8308026078.0
8317026522.0
8326872473.0
8335028828.0
8344027149.0
8353442738.0
8362045735.0
8371750827.0
8380767906.0
8389058395.0
8398877448.0
8408073962.0
8417030522.0
8426762865.0
8435035305.0
8444815781.0
8453980089.0
8463061581.0
8472046099.0
8481094323.0
8490056545.0
8499066899.0
8508778008.0
8517786593.0
8526489394.0
8536754028.0
8545035669.0
8555966019.0
8565108739.0
8574062820.0
8583043800.0
8592763403.0
8601039027.0
8610097868.0
8619743148.0
8628941786.0
8638858874.0
8648741279.0
8658594308.0
8668725515.0
8677099174.0
8686883898.0
8697508464.0
8707728505.0
8716050846.0
8725054122.0
8735748410.0
8745052162.0
8757018779.0
8767053721.0
8776735809.0
8785739439.0
8794884635.0
8803062225.0
8812744666.0
8821056744.0
8830912251.0
8841719438.0
8851891700.0
8861089276.0
8870729248.0
8879696424.0
8888766945.0
8897068405.0
8906748369.0
8917684736.0
8926867448.0
8935749331.0
8945752774.0
8957758676.0
8966061906.0
8975709664.0
8986803169.0
8996797765.0
9005063480.0
9014727872.0
9023066847.0
9032769108.0
9041114454.0
9051929427.0
9062913573.0
9071098241.0
9080778205.0
9089077188.0
9098727069.0
9112666769.0
9121792501.0
9130085821.0
9139763661.0
9148096266.0
9157693060.0
9166890636.0
9175071411.0
9184755622.0
9193071239.0
9202983726.0
9211103273.0
9220759525.0
9229073019.0
9238902335.0
9247107884.0
9256075061.0
9265761042.0
9276101414.0
9285779962.0
9294764127.0
9303082929.0
9312956131.0
9329795468.0
9338078524.0
9347730529.0
9356780522.0
9365774597.0
9374085259.0
9383728416.0
9398733758.0
9407724647.0
9416082380.0
9425772962.0
9434748278.0
9443102118.0
9453747920.0
9462083002.0
9471732529.0
9480087785.0
9491832851.0
9500712610.0
9510085021.0
9519762508.0
9528086972.0
9537921952.0
9547858859.0
9557092181.0
9566753034.0
9575094486.0
9584794978.0
9593772418.0
9602090866.0
9611737208.0
9620126440.0
9629774551.0
9638763317.0
9648816309.0
9657107859.0
9668687646.0
9677774801.0
9686123332.0
9695774982.0
9704125637.0
9713780473.0
9722663418.0
9733702067.0
9742933619.0
9751096698.0
9761786385.0
9773097195.0
9782784592.0
9791098085.0
9800822643.0
9809098621.0
9818770091.0
9827101634.0
9836796817.0
9845790537.0
9854770809.0
9863840975.0
9873841941.0
9883835475.0
9894685841.0
9903749990.0
9912103476.0
9921816355.0
9930136218.0
9939753893.0
9948128968.0
9957134722.0
9967107021.0
9976787339.0
9985106141.0
9994906083.0
10003114817.0
10012825218.0
10021107920.0
10030930159.0
10039108810.0
10048909460.0
10057783203.0
10066109437.0
10077024215.0
10088793347.0
10097702127.0
10107111699.0
10116798742.0
10125132762.0
10135119572.0
10144793520.0
10153733091.0
10163006405.0
10172833598.0
10181115239.0
10190801574.0
10199117191.0
10208812727.0
10217791583.0
10226116402.0
10235759205.0
10244117292.0
10255692124.0
10265118330.0
10274770334.0
10283119219.0
10292823604.0
10301119755.0
10310815292.0
10319121353.0
10328830692.0
10337798577.0
10346124811.0
10355123132.0
10364846628.0
10373840703.0
10382124467.0
10391124558.0
10412925801.0
10424823404.0
10433125572.0
10442785009.0
10451774129.0
10461720946.0
10472005045.0
10481122636.0
10490566538.0
10499121402.0
10508121847.0
10517122292.0
10526126630.0
10535126367.0
10544124689.0
10553710157.0
10562123809.0
10571124607.0
10581838361.0
10590125311.0
10599126110.0
10608126200.0
10617134078.0
10626128860.0
10635569577.0
10644596565.0
10653131610.0
10662572327.0
10671539857.0
10680130113.0
10690135680.0
10699132232.0
10708593476.0
10717130999.0
10726131089.0
10735802914.0
10745138871.0
10755533392.0
10764804937.0
10773133295.0
10782143649.0
10791853342.0
10800134629.0
10809920414.0
10818918382.0
10827135256.0
10836138532.0
10845884679.0
10855793981.0
10865618697.0
10874850957.0
10883918646.0
10892138351.0
10901586500.0
10910863354.0
10919140040.0
10928140131.0
10937863273.0
10946141020.0
10956081113.0
10965143493.0
10975142336.0
10984894145.0
10993866630.0
11002675607.0
11011577663.0
11020561828.0
11029874073.0
11039016084.0
11047540512.0
11057098375.0
11066544754.0
11075859476.0
11084905930.0
11093559891.0
11104885566.0
11113562885.0
11123437503.0
11132923875.0
11141601549.0
11151878570.0
11161920944.0
11170696652.0
11179556238.0
11188876977.0
11197879192.0
11206686752.0
11215864509.0
11224878757.0
11233579081.0
11242697026.0
11251907343.0
11261603941.0
11270591999.0
11281913427.0
11290690550.0
11299882818.0
11308575002.0
11317575800.0
11335091471.0
11344580674.0
11353765156.0
11363011926.0
11372592086.0
11381893360.0
11390563247.0
11399882216.0
11408591388.0
11417694823.0
11426940531.0
11435851789.0
11444619711.0
11457607023.0
11467565165.0
11476577289.0
11485897321.0
11494693202.0
11503881222.0
11512888392.0
11521720372.0
11530701706.0
11539917686.0
11548579079.0
11557827265.0
11567851590.0
11576904768.0
11585585273.0
11594880884.0
11603547232.0
11612913980.0
11621892836.0
11632827433.0
11642871223.0
11651859635.0
11660602783.0
11669680027.0
11678877250.0
11687851505.0
11696848411.0
11706894678.0
11715857608.0
11724586245.0
11733917248.0
11743728515.0
11753492003.0
11762572433.0
11771545626.0
11780605529.0
11789922375.0
11798575274.0
11807543513.0
11816908491.0
11825889825.0
11834642882.0
11844124299.0
11856609758.0
11865595692.0
11874958193.0
11883549511.0
11892900687.0
11901915642.0
11910599686.0
11919581727.0
11928904944.0
11937599605.0
11946900879.0
11955814968.0
11965640746.0
11976912625.0
11985596315.0
11995566490.0
12004889707.0
12013929436.0
12022700544.0
12031882548.0
12040581456.0
12049923430.0
12059586760.0
12068605608.0
12079908986.0
12088940930.0
12097588520.0
12106696202.0
12115885284.0
12124635510.0
12133907055.0
12142699397.0
12153813430.0
12163890134.0
12172595413.0
12181643990.0
12191013216.0
12199733713.0
12208611703.0
12217650371.0
12226705673.0
12235566674.0
12244586231.0
12254117550.0
12263552958.0
12272912982.0
12281601980.0
12290943247.0
12299596854.0
12308605439.0
12317915914.0
12326567397.0
12335855576.0
12344601555.0
12353758431.0
12363863095.0
12372904948.0
12381604918.0
12390589083.0
12399881862.0
12408598820.0
12417624039.0
12426840019.0
12435804011.0
12445903366.0
12455075460.0
12464677208.0
12473936366.0
12482570508.0
12491870720.0
12500604312.0
12509610419.0
12518880194.0
12527904352.0
12536685014.0
12545584593.0
12555122283.0
12564594144.0
12574709779.0
12583890014.0
12592586445.0
12601905060.0
12610698818.0
12619594857.0
12628906041.0
12637902239.0
12646703783.0
12656971248.0
12667590860.0
12676588827.0
12685898241.0
12694705801.0
12703898423.0
12713039726.0
12721594591.0
12730704396.0
12739925330.0
12749057078.0
12758689264.0
12767817118.0
12776720590.0
12785860832.0
12794686442.0
12803831639.0
12814897893.0
12824753046.0
12833863558.0
12842926293.0
12851708725.0
12861882402.0
12870710136.0
12879846131.0
12890740028.0
12899530247.0
12908877175.0
12917737469.0
12926836303.0
12935668284.0
12945066531.0
12958598873.0
12967875019.0
12976706646.0
12986840685.0
12995707703.0
13004886522.0
13013710716.0
13022833970.0
13033757242.0
13043085059.0
13053857917.0
13062715026.0
13071735644.0
13080877301.0
13089769802.0
13100780491.0
13109886757.0
13118692194.0
13127820049.0
13136720689.0
13145862347.0
13155616633.0
13167865676.0
13176872137.0
13185726768.0
13195769143.0
13204864791.0
13213714468.0
13222976103.0
13233779043.0
13243858225.0
13253634100.0
13262868484.0
13272030669.0
13280758952.0
13289893531.0
13298691182.0
13307830008.0
13320906861.0
13331121238.0
13348711585.0
13357970743.0
13367845715.0
13376725474.0
13385859699.0
13394689557.0
13403820597.0
13414891452.0
13423899683.0
13432706889.0
13441727861.0
13450990204.0
13470072308.0
13479832965.0
13490726862.0
13502989000.0
13511678706.0
13520873805.0
13529711094.0
13538929551.0
13549764344.0
13559125076.0
13568878655.0
13577731870.0
13586948558.0
13595668347.0
13604874418.0
13613706398.0
13622842039.0
13633752570.0
13642980229.0
13651711698.0
13663859520.0
13672878015.0
13681720613.0
13690978709.0
13701819872.0
13711860477.0
13720709800.0
13729715907.0
13738835268.0
13747884200.0
13756890307.0
13765959766.0
13774834924.0
13783852003.0
13792863419.0
13801715927.0
13811085153.0
13822140790.0
13831861454.0
13840710069.0
13849720070.0
13859700509.0
13868878265.0
13877736436.0
13886845887.0
13897801365.0
13907093437.0
13916925232.0
13925739517.0
13934844013.0
13943680240.0
13954037246.0
13964702160.0
13973912123.0
13983770461.0
13992715341.0
14001884958.0
14010712691.0
14019834176.0
14030739398.0
14039501303.0
14048916184.0
14059721248.0
14068868568.0
14077742311.0
14086996868.0
14095703562.0
14104866101.0
14115727791.0
14124887145.0
14133634539.0
14142666129.0
14151882463.0
14161608082.0
14171030749.0
14179653919.0
14188599861.0
14197960239.0
14207036421.0
14215585269.0
14224909194.0
14233936890.0
14242712952.0
14253528987.0
14262918032.0
14271602430.0
14280645345.0
14291612502.0
14300665681.0
14310139666.0
14319569057.0
14330593549.0
14339871818.0
14348618151.0
14358651678.0
14367588772.0
14376611159.0
14385930483.0
14395903843.0
14405920736.0
14414589915.0
14423599562.0
14432924548.0
14441607530.0
14450994097.0
14459822539.0
14469629205.0
14478924108.0
14487899779.0
14496603288.0
14507871275.0
14516943918.0
14525607081.0
14534592661.0
14543940298.0
14553578854.0
14562601242.0
14571879511.0
14580922780.0
14589657787.0
14598603021.0
14607869257.0
14616606742.0
14625622052.0
14634914124.0
14643880239.0
14652693108.0
14661632679.0
14670936430.0
14679590037.0
14688856981.0
14699028535.0
14708077112.0
14717880239.0
14726699833.0
14735828749.0
14744812560.0
14753623660.0
14762850965.0
14771650739.0
14780767269.0
14789901494.0
14800750798.0
14809902365.0
14818899624.0
14828747345.0
14837889356.0
14846708950.0
14856877672.0
14867956314.0
14877907378.0
14886726971.0
14895830760.0
14904724322.0
14913916589.0
14922776883.0
14931845634.0
14942749441.0
14951498605.0
14960719540.0
14969749006.0
14978498170.0
14987494368.0
14998145478.0
15007904366.0
15016722190.0
15025725466.0
15035000550.0
15043723171.0
15053987450.0
15062834296.0
15071700960.0
15080933928.0
15091816854.0
15100926305.0
15109732450.0
15119001517.0
15127720952.0
15136880305.0
15145728566.0
15157940801.0
15169897863.0
15178903970.0
15187718255.0
15196886457.0
15205726931.0
15215000599.0
15225817697.0
15235873520.0
15244732752.0
15253888920.0
15262903168.0
15271732671.0
15280955729.0
15289770722.0
15299105972.0
15308894942.0
15319775390.0
15331893130.0
15340757317.0
15358757499.0
15367596204.0
15376607266.0
15385754940.0
15394742998.0
15403594798.0
15412649392.0
15421626125.0
15430746193.0
15439595870.0
15448640554.0
15457859011.0
15466721783.0
15475612160.0
15484633840.0
15493610218.0
15502789391.0
15511598013.0
15520614738.0
15529616245.0
15538751178.0
15547933889.0
15557861241.0
15567881673.0
15577610831.0
15586723467.0
15595908303.0
15604923966.0
15613610841.0
15623039525.0
15631907251.0
15640608283.0
15649620053.0
15659077050.0
15667600769.0
15676955130.0
15685610861.0
15694979379.0
15704936105.0
15713919916.0
15722590865.0
15731898509.0
15741032027.0
15749617328.0
15758869053.0
15767816764.0
15778058040.0
15787908238.0
15796662357.0
15805611130.0
15815042645.0
15823645642.0
15832927096.0
15841618926.0
15853680747.0
15863893355.0
15872629424.0
15881615712.0
15891000510.0
15899888056.0
15908656686.0
15917624924.0
15926596348.0
15935574496.0
15944646786.0
15953855333.0
15962908158.0
15971575922.0
15980941962.0
15989616096.0
15998937897.0
16007888440.0
16016663086.0
16025619645.0
16034966220.0
16043576649.0
16053570537.0
16062943656.0
16071897384.0
16080618235.0
16089630005.0
16099016219.0
16107579223.0
16116657529.0
16125953140.0
16134927749.0
16143576048.0
16153842097.0
16163534448.0
16172630804.0
16182934015.0
16193939396.0
16202597604.0
16211582476.0
16220965504.0
16229928434.0
16238626281.0
16247952328.0
16257637955.0
16267868613.0
16277931161.0
16286926297.0
16295574241.0
16304635914.0
16313955591.0
16322601412.0
16331937369.0
16340632030.0
16349631413.0
16359589202.0
16368659368.0
16377955687.0
16386619558.0
16395887917.0
16404623633.0
16413638942.0
16422932076.0
16431591699.0
16441941273.0
16450742463.0
16459856161.0
16469930034.0
16479595841.0
16488992672.0
16499827465.0
16509010531.0
16518649795.0
16529942202.0
16538913979.0
16547575018.0
16557760375.0
16567598894.0
16576924234.0
16585929987.0
16594737194.0
16603921321.0
16612617044.0
16621939199.0
16631183492.0
16640704548.0
16649714195.0
16658967690.0
16667577411.0
16676638021.0
16685624310.0
16694607413.0
16703589808.0
16712655727.0
16721635291.0
16730631843.0
16739583093.0
16748632733.0
16757623268.0
16766602832.0
16775995770.0
16784635220.0
16793621862.0
16802626554.0
16811583113.0
16820663543.0
16829622226.0
16838601790.0
16847577814.0
16856885458.0
16865886965.0
16874626574.0
16883587026.0
16892656485.0
16901627200.0
16910643925.0
16919597299.0
16928632074.0
16937621548.0
16946615976.0
16955845759.0
16964633500.0
16973654826.0
16982639344.0
16991585994.0
17000657222.0
17009621568.0
17018602901.0
17027583173.0
17036756683.0
17045632195.0
17054879319.0
17063583536.0
17072632114.0
17081625127.0
17090631942.0
17099581069.0
17108637079.0
17117620182.0
17126602931.0
17135580371.0
17144632842.0
17153972338.0
17162611435.0
17171587459.0
17180684877.0
17189623387.0
17198604012.0
17209629212.0
17218737601.0
17227612760.0
17236621699.0
17245618605.0
17254993847.0
17263718237.0
17272619585.0
17281675949.0
17290765227.0
17299616319.0
17308641184.0
17317619332.0
17326735862.0
17335602880.0
17344620667.0
17362735518.0
17371630142.0
17381644203.0
17390650664.0
17399583865.0
17408640936.0
17417627225.0
17426606788.0
17435610418.0
17444660058.0
17453899396.0
17462607152.0
17471587778.0
17480665022.0
17489621228.0
17498680069.0
17507583895.0
17516655123.0
17525630793.0
17534622744.0
17543591337.0
17555108480.0
17564658911.0
17573662187.0
17582609191.0
17591589462.0
17600802965.0
17610654932.0
17619604767.0
17628655468.0
17637700153.0
17646626275.0
17655593806.0
17665497091.0
17674739615.0
17683633885.0
17692644593.0
17701652470.0
17710775016.0
17719610182.0
17731177582.0
17740627146.0
17749629361.0
17759000356.0
17767607954.0
17776625033.0
17785878882.0
17794738822.0
17803615750.0
17812627520.0
17821656278.0
17830741663.0
17839606912.0
17848641333.0
17857875008.0
17867593903.0
17876647790.0
17885633724.0
17894647618.0
17903846609.0
17912654524.0
17921667356.0
17930661784.0
17939587907.0
17948656657.0
17957879362.0
17966614015.0
17975588624.0
17984657375.0
17993626675.0
18002607655.0
18011615886.0
18020649599.0
18029626331.0
18038629961.0
18047588644.0
18056898412.0
18065634835.0
18074612629.0
18083616613.0
18092644310.0
18101662097.0
18110855780.0
18119586894.0
18128649275.0
18137623884.0
18146609818.0
18155891272.0
18164647161.0
18173666010.0
18182608412.0
18191622660.0
18200643986.0
18209630274.0
18218611253.0
18227598249.0
18236678325.0
18245661075.0
18254861836.0
18263593658.0
18272676566.0
18281674179.0
18290988194.0
18299702675.0
18308951215.0
18320108071.0
18329903412.0
18338743533.0
18347891207.0
18357002428.0
18365755485.0
18374849364.0
18384158070.0
18393936423.0
18406942138.0
18416772871.0
18425907450.0
18434736245.0
18443893121.0
18453757122.0
18464947954.0
18476140203.0
18485947223.0
18494756907.0
18503892548.0
18512767352.0
18521780892.0
18530963250.0
18541907403.0
18559097471.0
18568919001.0
18577765846.0
18586892993.0
18595916089.0
18604757625.0
18613902468.0
18622876015.0
18631942996.0
18643549681.0
18651793453.0
18660912813.0
18669787264.0
18679994563.0
18690971631.0
18702745010.0
18711906840.0
18720976653.0
18730764915.0
18739932409.0
18748783501.0
18757760587.0
18767028239.0
18775736703.0
18784905258.0
18793791388.0
18803014446.0
18813874367.0
18823971952.0
18832755801.0
18841764385.0
18851087956.0
18859919937.0
18868908348.0
18878053545.0
18887910821.0
18896775362.0
18905915250.0
18914808458.0
18923792269.0
18932928618.0
18943827470.0
18953886832.0
18962840206.0
18971923821.0
18980788716.0
18989913740.0
18998734395.0
19007921354.0
19018930627.0
19027946645.0
19036790658.0
19045766329.0
19055185103.0
19064678199.0
19073670858.0
19083046808.0
19091914534.0
19100669008.0
19109943384.0
19118621057.0
19127907112.0
19136963830.0
19145631239.0
19155064524.0
19165003909.0
19173697862.0
19182902163.0
19192945245.0
19201977896.0
19210746172.0
19219937732.0
19229011437.0
19237651241.0
19246753968.0
19256644512.0
19265634694.0
19274989409.0
19283613287.0
19292668942.0
19301980126.0
19310955443.0
19319594539.0
19329540294.0
19338953405.0
19347602411.0
19356934476.0
19374910238.0
19384944118.0
19393949518.0
19402778313.0
19413996044.0
19422667346.0
19431912347.0
19440977913.0
19449666203.0
19458983049.0
19468947208.0
19477721855.0
19486757337.0
19495933679.0
19505121345.0
19514713184.0
19523966679.0
19532776009.0
19541935009.0
19550747170.0
19559720009.0
19580847395.0
19592928328.0
19601922756.0
19610619895.0
19619599458.0
19628649098.0
19637655913.0
19646621320.0
19655602300.0
19664802707.0
19673702994.0
19682619914.0
19691542852.0
19700934374.0
19710989135.0
19719598857.0
19728978700.0
19737999318.0
19746643369.0
19755606653.0
19764965261.0
19773729998.0
19782666384.0
19791909261.0
19800650993.0
19809678336.0
19819949694.0
19828653911.0
19837962971.0
19847075253.0
19855941918.0
19865640993.0
19876917474.0
19885714771.0
19894787061.0
19903970480.0
19912649923.0
19921977386.0
19930809367.0
19940668413.0
19949962608.0
19958936156.0
19967940140.0
19977978975.0
19987113554.0
19996662215.0
