5397577.0
15049935.0
24486759.0
33058257.0
42488357.0
51535872.0
60492078.0
69504910.0
78061897.0
100911440.0
118636983.0
132368227.0
141955465.0
151063146.0
162897753.0
172885978.0
192952323.0
203442402.0
213938851.0
223516533.0
233478568.0
245942438.0
255553388.0
271765585.0
281062966.0
292660802.0
301485705.0
310706639.0
320916062.0
330904995.0
339684950.0
349913131.0
359868796.0
369507706.0
379921692.0
389925490.0
399062900.0
409491751.0
418701007.0
428918569.0
438908210.0
448484123.0
458884661.0
468458096.0
477518353.0
487896594.0
498900559.0
508484965.0
518466466.0
528921153.0
538598994.0
547687918.0
557897694.0
567445294.0
577485899.0
587365826.0
595690998.0
605499080.0
614471212.0
622690917.0
630691548.0
638691472.0
646817036.0
657859578.0
667481500.0
675693065.0
684495317.0
692831461.0
700822890.0
708815382.0
717541187.0
725696126.0
734478913.0
742695787.0
751482820.0
760500253.0
769493266.0
777791187.0
786509560.0
794757579.0
802698399.0
811497465.0
819992872.0
829946059.0
837700719.0
846496954.0
854701795.0
862825589.0
871485921.0
880494152.0
889496720.0
898615373.0
907483099.0
916529907.0
924727316.0
933615569.0
942512671.0
951476662.0
960503297.0
969545504.0
977938628.0
986477566.0
994725231.0
1002714537.0
1012564381.0
1020800721.0
1030614112.0
1039474052.0
1047708976.0
1056505211.0
1064710406.0
1072738643.0
1080774666.0
1089519937.0
1097711683.0
1106483498.0
1115459169.0
1124553401.0
1133558801.0
1142488109.0
1151479706.0
1160510941.0
1168714013.0
1176720307.0
1185531761.0
1194501415.0
1202825526.0
1212502304.0
1222465756.0
1230839061.0
1239468601.0
1248514348.0
1256798820.0
1264718758.0
1272751950.0
1281553494.0
1297726052.0
1306637664.0
1315590330.0
1324553614.0
1333533178.0
1342635550.0
1351554948.0
1360502660.0
1368723073.0
1376982417.0
1385726627.0
1393724073.0
1401725058.0
1410524125.0
1418725427.0
1426733136.0
1434731998.0
1442731568.0
1451519309.0
1460532495.0
1468749369.0
1477513398.0
1486630635.0
1495504732.0
1503729038.0
1512524566.0
1521604288.0
1530523686.0
1539562000.0
1548558198.0
1557617393.0
1566522634.0
1575499721.0
1584545467.0
1593592629.0
1602577855.0
1611502562.0
1620545477.0
1629585206.0
1638561939.0
1647496201.0
1656547610.0
1665722182.0
1673753604.0
1681766976.0
1689740002.0
1698519603.0
1707519340.0
1716531110.0
1724761080.0
1732739060.0
1741519369.0
1749740490.0
1758645378.0
1767560529.0
1776565929.0
1785578407.0
1794566111.0
1803573988.0
1812519576.0
1821607792.0
1830638319.0
1839520202.0
1848605941.0
1857580196.0
1866601876.0
1875666026.0
1884603120.0
1893624799.0
1903705397.0
1912727077.0
1922718133.0
1932638407.0
1941639559.0
1950615230.0
1958770523.0
1968603733.0
1978754759.0
1988646011.0
1997734228.0
2006761570.0
2016723959.0
2025661761.0
2034603102.0
2042761226.0
2051961280.0
2062657691.0
2070762374.0
2079694159.0
2090999661.0
2098762814.0
2106763446.0
2115635419.0
2124858477.0
2133661437.0
2141794433.0
2151846009.0
2160773193.0
2170741599.0
2178766297.0
2187668707.0
2195883458.0
2203767651.0
2211797657.0
2220602740.0
2229626544.0
2238605753.0
2247560543.0
2267875691.0
2275897204.0
2284623718.0
2292773348.0
2302985956.0
2311902169.0
2320609925.0
2329608246.0
2338740702.0
2347594979.0
2355774692.0
2363773554.0
2371804268.0
2379777648.0
2388631218.0
2396801375.0
2405624508.0
2414609027.0
2423623982.0
2433819248.0
2443639009.0
2453590073.0
2462591934.0
2471575037.0
2480637063.0
2489607425.0
2498591944.0
2507573985.0
2516645567.0
2524784580.0
2533634256.0
2541782117.0
2549782748.0
2558600218.0
2567575889.0
2576635084.0
2584788961.0
2593647486.0
2601785436.0
2610787297.0
2619574684.0
2628630694.0
2636786341.0
2645623630.0
2654629030.0
2663649648.0
2671788661.0
2679790708.0
2687788508.0
2695791970.0
2704641293.0
2712819590.0
2720794740.0
2728789709.0
2736790340.0
2745652050.0
2754626659.0
2763640906.0
2773002700.0
2781869364.0
2790742045.0
2800644269.0
2808794961.0
2817670473.0
2826643666.0
2834800021.0
2842825426.0
2850796329.0
2859594688.0
2868648220.0
2876827225.0
2885652835.0
2893818392.0
2902721156.0
2911630290.0
2919798324.0
2928660034.0
2936803293.0
2946800012.0
2955611820.0
2963801443.0
2971802428.0
2980671216.0
2988856238.0
3004042077.0
3012668079.0
3020836113.0
3029731798.0
3039605001.0
3048606861.0
3057649068.0
3065808962.0
3074635280.0
3083649528.0
3092686780.0
3100827562.0
3110040357.0
3118977097.0
3127998069.0
3137630254.0
3146629637.0
3155071248.0
3163871730.0
3173537892.0
3181832274.0
3190921198.0
3200640093.0
3208811666.0
3216824684.0
3225951477.0
3234831590.0
3242844255.0
3251789135.0
3260836651.0
3281917320.0
3290623660.0
3307639247.0
3315820376.0
3324750037.0
3334814355.0
3343667924.0
3351817200.0
3360848082.0
3368818277.0
3376818554.0
3384818478.0
3393692574.0
3401819554.0
3410766204.0
3420756906.0
3430845644.0
3438821501.0
3447638263.0
3456752669.0
3466793274.0
3475612514.0
3483823017.0
3492676941.0
3500823740.0
3509676248.0
3517828355.0
3526818183.0
3534826600.0
3543750599.0
3553616015.0
3561827581.0
3569826797.0
3578663024.0
3586828227.0
3594828504.0
3604662068.0
3615038185.0
3623659232.0
3631830097.0
3640657477.0
3649605896.0
3657831264.0
3665830834.0
3674643349.0
3682832618.0
3691667784.0
3699832987.0
3707832910.0
3715860793.0
3723835588.0
3732692343.0
3740857900.0
3748835173.0
3757663614.0
3766814473.0
3777653867.0
3785836058.0
3793836689.0
3802803512.0
3810837412.0
3818837689.0
3827881312.0
3837873076.0
3845843978.0
3854663218.0
3862842931.0
3871692608.0
3880690221.0
3888844452.0
3897703685.0
3906686434.0
3915519122.0
3923890658.0
3931849527.0
3940692125.0
3949709912.0
3957843616.0
3965872915.0
3974672689.0
3985642678.0
3993910870.0
4001845673.0
4009894437.0
4018807111.0
4026849858.0
4035543104.0
4043847395.0
4051849442.0
4060870768.0
4068852288.0
4076852566.0
4084849304.0
4092880372.0
4100959219.0
4109815266.0
4121702960.0
4130671906.0
4138856220.0
4146852604.0
4155653794.0
4163852619.0
4171853604.0
4180567023.0
4189019959.0
4198810699.0
4206854862.0
4214847354.0
4223655622.0
4231874620.0
4239848000.0
4248664762.0
4256874912.0
4264849707.0
4272850339.0
4280853094.0
4289851061.0
4297856647.0
4306656422.0
4314851707.0
4322857293.0
4331089032.0
4340581066.0
4348853152.0
4357591345.0
4366795999.0
4374854319.0
4383503679.0
4391984575.0
4399854965.0
4408720567.0
4416914083.0
4425548933.0
4433856763.0
4444614756.0
4453447799.0
4461909937.0
4469862082.0
4478644868.0
4487511887.0
4495859710.0
4503859634.0
4512533414.0
4520999091.0
4528860987.0
4536889932.0
4544861896.0
4553583455.0
4562643004.0
4570862709.0
4578866880.0
4587020403.0
4595543415.0
4604887159.0
4613531210.0
4622511128.0
4631497062.0
4639871429.0
4647894711.0
4657505307.0
4666740045.0
4674873041.0
4682867302.0
4690867933.0
4698868211.0
4706871320.0
4714869120.0
4722869043.0
4730872152.0
4739547348.0
4748870564.0
4757531250.0
4765874118.0
4775722546.0
4783872176.0
4792535693.0
4800875022.0
4808879193.0
4816873454.0
4825553250.0
4835585007.0
4843874788.0
4851875774.0
4860898869.0
4869579728.0
4877905962.0
4885972068.0
4894884034.0
4903529147.0
4912551180.0
4921558704.0
4929885292.0
4937911051.0
4946533867.0
4954945042.0
4962880906.0
4970880122.0
4979609467.0
4987915882.0
4996541530.0
5005541975.0
5013886967.0
5021882643.0
5030532357.0
5038883365.0
5046886474.0
5055505397.0
5063064341.0
5070892261.0
5078885107.0
5087507215.0
5095529789.0
5103892123.0
5111887800.0
5120573613.0
5128888876.0
5136890923.0
5145575321.0
5154563024.0
5163524539.0
5172560021.0
5180889441.0
5189027038.0
5198612152.0
5206979441.0
5217921824.0
5225898390.0
5234535716.0
5242896634.0
5250892311.0
5259571400.0
5268663155.0
5277586092.0
5285893923.0
5293993651.0
5310903063.0
5318901217.0
5326959891.0
5335926713.0
5343970877.0
5351903910.0
5360897630.0
5369562917.0
5378542834.0
5386899152.0
5394898721.0
5403534632.0
5412493669.0
5421599227.0
5430574898.0
5439551984.0
5451537005.0
5459902524.0
5468567456.0
5476902538.0
5484902816.0
5492902740.0
5500928853.0
5508903648.0
5516908173.0
5525610620.0
5534571780.0
5543530463.0
5551905538.0
5560962609.0
5568907676.0
5577602691.0
5585933526.0
5593998570.0
5603593241.0
5612591562.0
5620908595.0
5629605025.0
5637909671.0
5645935784.0
5654554354.0
5662913502.0
5671566047.0
5679912809.0
5688577741.0
5696912115.0
5705009366.0
5714571476.0
5723013795.0
5731634488.0
5740571935.0
5748914096.0
5757616189.0
5765940654.0
5773922528.0
5782727257.0
5791579057.0
5799916263.0
5808573409.0
5816917339.0
5825032640.0
5835027589.0
5843636603.0
5851918597.0
5860919042.0
5868919320.0
5876919951.0
5884941110.0
5892920152.0
5900926092.0
5909027944.0
5918561033.0
5926926552.0
5934922936.0
5942925337.0
5950928092.0
5959582761.0
5968610457.0
5976924304.0
5984924228.0
5993019355.0
6002574741.0
6010925395.0
6019637752.0
6027926471.0
6035955416.0
6043927380.0
6052042680.0
6062585492.0
6071564348.0
6080613988.0
6088928543.0
6097535079.0
6106715667.0
6115637897.0
6124624893.0
6133599855.0
6141931045.0
6149934153.0
6158579266.0
6167585020.0
6175932843.0
6183933121.0
6192605131.0
6200938798.0
6209029678.0
6218642398.0
6227038000.0
6234935288.0
6243609068.0
6253671616.0
6261952903.0
6270607925.0
6279813641.0
6288614124.0
6296966902.0
6304938512.0
6313600613.0
6323043099.0
6330953836.0
6338984904.0
6346969255.0
6355008110.0
6363564036.0
6371941234.0
6379942219.0
6387970810.0
6395946667.0
6404098421.0
6413606028.0
6421943234.0
6429944927.0
6437959361.0
6445975918.0
6453969471.0
6461945329.0
6469945606.0
6477961456.0
6485946161.0
6494596583.0
6502948299.0
6510954593.0
6518969381.0
6527493455.0
6535948515.0
6544048597.0
6553451444.0
6560950222.0
6569652316.0
6578615599.0
6587590208.0
6595951834.0
6604008385.0
6613612965.0
6621951940.0
6629952217.0
6637968421.0
6646757224.0
6654953571.0
6662954202.0
6670955188.0
6679007491.0
6687586068.0
6696627213.0
6704956279.0
6713099538.0
6722602190.0
6730958861.0
6739023198.0
6747580539.0
6755646291.0
6764657708.0
6772961291.0
6781096057.0
6790756910.0
6798978739.0
6807613588.0
6816632791.0
6825640314.0
6834634388.0
6843585639.0
6851962129.0
6860962574.0
6868981255.0
6876986134.0
6884963760.0
6893625153.0
6901964483.0
6910810266.0
6919481923.0
6927965296.0
6935965573.0
6943982131.0
6953575740.0
6961630874.0
6969967372.0
6977968003.0
6986642491.0
6995024998.0
7003014658.0
7011624026.0
7020639689.0
7028996714.0
7037064236.0
7046617498.0
7055597062.0
7064649532.0
7073666611.0
7081975858.0
7089973304.0
7097972873.0
7105978106.0
7114775756.0
7123007849.0
7130974505.0
7139493977.0
7146976121.0
7155627605.0
7163976844.0
7171976413.0
7180637452.0
7189005095.0
7196998648.0
7204977337.0
7213010882.0
7220981077.0
7229631852.0
7239605567.0
7248650605.0
7257716879.0
7265983301.0
7274629476.0
7283627089.0
7291981637.0
7300639491.0
7318885645.0
7327634101.0
7336676662.0
7345638884.0
7353985292.0
7371610322.0
7380682612.0
7389008139.0
7398649526.0
7407609978.0
7414987363.0
7424410030.0
7434987880.0
7443637240.0
7453603168.0
7461671044.0
7470653439.0
7479622385.0
7488652205.0
7496996135.0
7504990750.0
7513665238.0
7522794508.0
7531641707.0
7540655247.0
7549076331.0
7556992731.0
7565683145.0
7574700931.0
7583006285.0
7591692098.0
7600657151.0
7608995419.0
7617682294.0
7626696188.0
7635000479.0
7643621526.0
7652672581.0
7661081278.0
7669998198.0
7679654804.0
7690659123.0
7699031012.0
7708021194.0
7717715314.0
7726852371.0
7735827688.0
7744000676.0
7753710015.0
7763708150.0
7774012777.0
7783002958.0
7792709466.0
7801716989.0
7810023758.0
7819828301.0
7828004828.0
7837721246.0
7847678680.0
7856681249.0
7866715837.0
7875010219.0
7884726990.0
7893734867.0
7902007660.0
7911008459.0
7920795306.0
7929039786.0
7939625068.0
7949864574.0
7959099665.0
7968011277.0
7977749283.0
7986720353.0
7995012965.0
8004012702.0
8013757787.0
8022016777.0
8031799023.0
8040587472.0
8049041824.0
8060567108.0
8069851394.0
8078517388.0
8087019165.0
8096040490.0
8105834416.0
8114017668.0
8123842030.0
8132018204.0
8141018649.0
8150821422.0
8160106061.0
8169047402.0
8178841327.0
8187020686.0
8196843633.0
8205878761.0
8214021667.0
8223843906.0
8232022203.0
8241858952.0
8251849301.0
8261607126.0
8270023963.0
8279834876.0
8290024834.0
8299054654.0
8308843270.0
8317856102.0
8326039354.0
8335822308.0
8344842572.0
8353421503.0
8363537846.0
8371034146.0
8380050518.0
8389869217.0
8398040082.0
8407708013.0
8417848068.0
8426059634.0
8435816398.0
8444053799.0
8453667227.0
8462677935.0
8471662100.0
8480712093.0
8489739082.0
8499844807.0
8508058142.0
8517034875.0
8526912324.0
8536035578.0
8545845429.0
8555663067.0
8564726509.0
8573742880.0
8583820292.0
8592038228.0
8601874977.0
8610979120.0
8619068938.0
8628040362.0
8636756612.0
8645040022.0
8653618599.0
8662043576.0
8671086845.0
8679077566.0
8687546075.0
8696044313.0
8705705873.0
8714043079.0
8722047250.0
8731070699.0
8739077347.0
8747059575.0
8755780780.0
8764745125.0
8773046231.0
8781933423.0
8790534650.0
8799049876.0
8807049800.0
8815047600.0
8823047877.0
8831586815.0
8840782268.0
8849728917.0
8859067352.0
8867053119.0
8875051627.0
8883059691.0
8891081203.0
8899051398.0
8907525569.0
8916752167.0
8925052211.0
8933053550.0
8941776171.0
8950921014.0
8959738130.0
8968057286.0
8976124454.0
8985743190.0
8994054914.0
9002711352.0
9011086781.0
9019056622.0
9027066101.0
9035057530.0
9043064532.0
9051086399.0
9059064026.0
9067058640.0
9075062103.0
9083064150.0
9091088140.0
9099502499.0
9108763073.0
9120071052.0
9128069206.0
9136068775.0
9144076485.0
9152073931.0
9161099858.0
9169070761.0
9177072100.0
9185890632.0
9194901694.0
9203996281.0
9213072818.0
9221917185.0
9230895333.0
9239897902.0
9248975500.0
9257928521.0
9268991236.0
9278075559.0
9287032118.0
9296775079.0
9305076539.0
9314000892.0
9331771382.0
9340100448.0
9348875802.0
9357962957.0
9367751573.0
9376079931.0
9384878643.0
9400028384.0
9408869566.0
9417980787.0
9427037504.0
9438736915.0
9447652774.0
9455737991.0
9464084045.0
9472863292.0
9482126697.0
9490088043.0
9499783934.0
9508085040.0
9516085317.0
9524086657.0
9532791935.0
9541086671.0
9549742756.0
9558961921.0
9567851944.0
9576912554.0
9586045364.0
9595768506.0
9604089431.0
9612906902.0
9622029094.0
9631949721.0
9643092775.0
9651100838.0
9659618188.0
9667769233.0
9676097945.0
9684093268.0
9692117612.0
9700114704.0
9708086314.0
9716090839.0
9724648180.0
9732772328.0
9741087591.0
9749089285.0
9757863931.0
9766947900.0
9775102485.0
9783899428.0
9792925709.0
9801906688.0
9811103203.0
9819850243.0
9829007827.0
9837902097.0
9847779900.0
9856783177.0
9866024992.0
9875417223.0
9885706277.0
9893787247.0
9902102156.0
9910785846.0
9919790892.0
9928110756.0
9936104309.0
9944711553.0
9953611131.0
9961105308.0
9969110895.0
9977875631.0
9987009857.0
9995903419.0
10005007915.0
10013885905.0
10022950762.0
10031927849.0
10040997661.0
10049970147.0
10059751685.0
10068667544.0
10076113942.0
10084794801.0
10096793978.0
10105111365.0
10113113058.0
10121111920.0
10129116444.0
10137120969.0
10145884643.0
10154790593.0
10164889240.0
10173956575.0
10183115220.0
10191849520.0
10200962864.0
10209926502.0
10219790148.0
10228116737.0
10236917219.0
10248109821.0
10257763242.0
10266979929.0
10275855442.0
10284961354.0
10293918621.0
10302986310.0
10311861468.0
10321012328.0
10329987644.0
10339796788.0
10348121961.0
10356957127.0
10366060207.0
10375797506.0
10384795473.0
10393124539.0
10417002208.0
10425971155.0
10435126969.0
10445918938.0
10454796928.0
10463658637.0
10471128394.0
10482580417.0
10491588294.0
10500559718.0
10509619267.0
10518559546.0
10527509027.0
10536565745.0
10545623878.0
10554881620.0
10563575573.0
10572527178.0
10583087332.0
10591602557.0
10600541421.0
10609579381.0
10618741565.0
10627637959.0
10636640173.0
10645652651.0
10654756794.0
10663606116.0
10672573293.0
10682480825.0
10691738567.0
10700590721.0
10709643900.0
10718576747.0
10727653991.0
10739022136.0
10748755895.0
10757142296.0
10765907032.0
10774633900.0
10783546219.0
10791542604.0
10800960316.0
10809135074.0
10818134811.0
10827916703.0
10836973067.0
10845137915.0
10856592062.0
10866033133.0
10874137461.0
10883598705.0
10892977841.0
10901989965.0
10910139241.0
10919939183.0
10928986698.0
10937140222.0
10947012362.0
10955777807.0
10966007757.0
10975955635.0
10984577744.0
10993142518.0
11003086857.0
11011991745.0
11020968123.0
11029562272.0
11038701806.0
11047951408.0
11056799315.0
11066953173.0
11075523256.0
11084591299.0
11093964771.0
11104572704.0
11113972720.0
11122739227.0
11132607120.0
11142007137.0
11151564292.0
11161604897.0
11171444123.0
11179966427.0
11188568008.0
11197567038.0
11207099065.0
11215555540.0
11224569080.0
11233991039.0
11243109692.0
11251589880.0
11262017315.0
11273114006.0
11281598441.0
11291103217.0
11299568540.0
11308997578.0
11317996253.0
11334779317.0
11344990509.0
11353442030.0
11363686845.0
11373002275.0
11381580498.0
11390973436.0
11399566169.0
11409003347.0
11418109612.0
11426565734.0
11435538573.0
11445031316.0
11456859198.0
11466876090.0
11476981108.0
11485583043.0
11495104453.0
11503566945.0
11512577653.0
11522136578.0
11531115788.0
11539598453.0
11548987852.0
11558580045.0
11567537666.0
11576590137.0
11585995462.0
11594568376.0
11603964145.0
11612599702.0
11621582451.0
11633601802.0
11642562962.0
11651545357.0
11661017219.0
11670093048.0
11678565450.0
11687540058.0
11697601898.0
11706582170.0
11715545454.0
11724996434.0
11733603324.0
11742840185.0
11751791789.0
11761869201.0
11771960770.0
11781015364.0
11789608805.0
11798993957.0
11807957949.0
11816595275.0
11825578732.0
11835058734.0
11843818869.0
11855855916.0
11866011190.0
11874585873.0
11883958284.0
11892587471.0
11901603488.0
11911008813.0
11919990147.0
11928590312.0
11938013333.0
11946588017.0
11956594645.0
11966055889.0
11976594454.0
11986009335.0
11995978449.0
12004580384.0
12013608434.0
12023114626.0
12031570393.0
12040989521.0
12049609152.0
12058958205.0
12069019690.0
12079594001.0
12088623467.0
12097991985.0
12107109930.0
12115570299.0
12125045345.0
12133591008.0
12143116664.0
12154740337.0
12163575149.0
12173008079.0
12182057364.0
12190703893.0
12198842552.0
12207802650.0
12216843795.0
12225851319.0
12236061449.0
12244996066.0
12253810705.0
12263965624.0
12272597289.0
12282013231.0
12290571635.0
12300011997.0
12309019874.0
12317597389.0
12326976879.0
12335543776.0
12345014222.0
12354588365.0
12363553064.0
12372591732.0
12382019708.0
12390999272.0
12399572540.0
12409010425.0
12418037060.0
12427572626.0
12436667920.0
12445588734.0
12455880265.0
12465091644.0
12473625628.0
12483040508.0
12491553965.0
12501018394.0
12510018131.0
12518568748.0
12527590428.0
12537099804.0
12545992659.0
12554821454.0
12565007519.0
12575124923.0
12583576444.0
12592995572.0
12601590782.0
12611425054.0
12620006816.0
12628593887.0
12637588315.0
12647142993.0
12656625118.0
12666871702.0
12676999370.0
12685587502.0
12695118468.0
12703584499.0
12712723325.0
12722003364.0
12731117416.0
12739608929.0
12748586723.0
12756596557.0
12764622316.0
12772588618.0
12780598097.0
12788612177.0
12796612101.0
12804607423.0
12813892417.0
12822600173.0
12830581693.0
12838772731.0
12847675141.0
12855562166.0
12864601541.0
12872613144.0
12880588647.0
12889867270.0
12898704560.0
12907571224.0
12915573625.0
12923593014.0
12931583028.0
12939591446.0
12948706206.0
12957637991.0
12966592780.0
12974571469.0
12982706235.0
12991575023.0
12999584148.0
13007552219.0
13015577271.0
13023593828.0
13032849801.0
13041629756.0
13049617646.0
13057852216.0
13066756042.0
13075580944.0
13083557509.0
13091705016.0
13099854646.0
13108609119.0
13116619660.0
13124644004.0
13132612429.0
13140598196.0
13148628910.0
13156659978.0
13165869942.0
13174976915.0
13183584513.0
13191427298.0
13199579405.0
13207576498.0
13215554832.0
13223687121.0
13232857799.0
13241843380.0
13250624396.0
13258959125.0
13267582295.0
13276615654.0
13284610623.0
13292611254.0
13300598791.0
13308604023.0
13317868843.0
13328880240.0
13345843801.0
13355017311.0
13363845045.0
13372592794.0
13380601211.0
13388611045.0
13396600351.0
13404591426.0
13413868988.0
13422593024.0
13430580560.0
13438728421.0
13447614551.0
13455816561.0
13464613857.0
13472611658.0
13480600610.0
13489841364.0
13498716168.0
13507612208.0
13515562583.0
13523611701.0
13531589682.0
13539604470.0
13548865043.0
13558082793.0
13566848237.0
13575554931.0
13583555563.0
13591583446.0
13599553640.0
13607582231.0
13615588879.0
13623602959.0
13632849730.0
13641614113.0
13649589262.0
13657888599.0
13666961243.0
13675580874.0
13683564163.0
13691647611.0
13700862175.0
13709870052.0
13718585594.0
13726716821.0
13735584193.0
13744592424.0
13753507575.0
13761676317.0
13770595715.0
13778580420.0
13786727219.0
13795588221.0
13803563370.0
13811580636.0
13821627611.0
13829848732.0
13838578785.0
13846717798.0
13855581631.0
13863604205.0
13871563782.0
13879585295.0
13887568584.0
13896871981.0
13905611590.0
13913612575.0
13922703269.0
13931562855.0
13939588614.0
13947662860.0
13955690389.0
13963701284.0
13972629530.0
13980630516.0
13988617698.0
13996594971.0
14004609759.0
14012642597.0
14020600404.0
14029844698.0
14038762326.0
14047616604.0
14056687832.0
14065601921.0
14073647146.0
14081604599.0
14089598152.0
14097637007.0
14105595168.0
14114891133.0
14125940045.0
14134679654.0
14143664173.0
14151569247.0
14162017563.0
14170715409.0
14180074018.0
14189008634.0
14197645961.0
14206720374.0
14215995458.0
14224598809.0
14233622258.0
14243524836.0
14253997926.0
14262604108.0
14272013681.0
14281078184.0
14291031372.0
14301080471.0
14309823972.0
14319979600.0
14331009755.0
14339561080.0
14349027278.0
14357938182.0
14368013471.0
14377024533.0
14385611604.0
14395589566.0
14405608582.0
14415000104.0
14424010459.0
14432612394.0
14442014887.0
14450588509.0
14460632653.0
14470044349.0
14478607353.0
14487587271.0
14499055574.0
14507558059.0
14516627163.0
14526015854.0
14535003204.0
14543564085.0
14553996829.0
14563068765.0
14571569126.0
14580606732.0
14590071162.0
14599013210.0
14607560288.0
14617016931.0
14626032948.0
14634602323.0
14643568792.0
14653105066.0
14662043930.0
14670617552.0
14679999518.0
14689622502.0
14698714257.0
14707590831.0
14715812306.0
14723856823.0
14732618021.0
14740604142.0
14748629193.0
14756896324.0
14765611512.0
14773930668.0
14782579320.0
14790639410.0
14799845126.0
14808609509.0
14816615095.0
14824636253.0
14832643609.0
14840624775.0
14848613019.0
14857615942.0
14867078601.0
14875852540.0
14884606305.0
14892607644.0
14900647914.0
14908622356.0
14916631127.0
14924622911.0
14932610093.0
14941871728.0
14950752196.0
14959840058.0
14968849351.0
14977743621.0
14986738049.0
14995591265.0
15005867931.0
15014587013.0
15022721779.0
15031596229.0
15039568547.0
15047565286.0
15055979645.0
15064612371.0
15073646084.0
15081674321.0
15090986566.0
15099566558.0
15107568959.0
15115589056.0
15123610569.0
15131568730.0
15139599090.0
15147571762.0
15155607077.0
15165896485.0
15174610966.0
15182738653.0
15191574173.0
15199592854.0
15207570835.0
15215662423.0
15224924058.0
15233924149.0
15242592266.0
15250754284.0
15259849578.0
15268610068.0
15277608389.0
15285673079.0
15293612483.0
15301618777.0
15309662940.0
15318864764.0
15327938823.0
15336613665.0
15353806210.0
15361617142.0
15369897721.0
15379000448.0
15387857911.0
15396881360.0
15405880743.0
15414881188.0
15423863583.0
15432868629.0
15441887831.0
15450874120.0
15459831033.0
15468934821.0
15477880055.0
15486876253.0
15495834228.0
15504881744.0
15513909794.0
15522932536.0
15531821851.0
15539740020.0
15548707904.0
15558657907.0
15567571288.0
15578023851.0
15587453951.0
15595592609.0
15604613227.0
15614020676.0
15622725955.0
15631594035.0
15641015994.0
15650030242.0
15658760648.0
15668014851.0
15676638021.0
15686023527.0
15695653589.0
15704622182.0
15713610239.0
15723000700.0
15731584585.0
15740715625.0
15750025747.0
15759572639.0
15768657669.0
15777738453.0
15787592898.0
15797073607.0
15806024150.0
15814728013.0
15824062201.0
15832614234.0
15842031238.0
15854102969.0
15863576954.0
15873042091.0
15882024840.0
15890599169.0
15899574132.0
15909071829.0
15918699768.0
15927603240.0
15936626335.0
15945058390.0
15953539286.0
15962596004.0
15971987880.0
15980626269.0
15990027701.0
15998623619.0
16007573454.0
16017082831.0
16026021694.0
16034594962.0
16043987546.0
16054029213.0
16062624777.0
16071585583.0
16081030193.0
16090045149.0
16098640713.0
16107987996.0
16117071611.0
16125634970.0
16134614533.0
16143984467.0
16153523218.0
16162880765.0
16173043117.0
16182617968.0
16193624410.0
16203022303.0
16211995496.0
16220650165.0
16229619111.0
16239038593.0
16247576823.0
16256884821.0
16268658554.0
16277619361.0
16286614143.0
16295985846.0
16305049642.0
16313643083.0
16323071059.0
16331621676.0
16341046112.0
16350123003.0
16358886678.0
16369072035.0
16377638224.0
16387090620.0
16395577533.0
16405036299.0
16414054086.0
16422618506.0
16432003304.0
16441627703.0
16451471530.0
16460640793.0
16469618941.0
16480012755.0
16488673440.0
16499117155.0
16508690945.0
16519064585.0
16527575917.0
16538602179.0
16547988039.0
16558716657.0
16568012976.0
16576614557.0
16585617479.0
16595499176.0
16603605982.0
16613029357.0
16621625275.0
16630863198.0
16639882754.0
16648865149.0
16657555210.0
16665633349.0
16673908265.0
16682849960.0
16691835540.0
16700948885.0
16709883501.0
16718847492.0
16727826702.0
16736886251.0
16745862984.0
16754677976.0
16763829190.0
16772903603.0
16781907233.0
16790900246.0
16799855389.0
16808902551.0
16817882823.0
16826876897.0
16835846905.0
16844921673.0
16853669067.0
16861899390.0
16870943013.0
16879853563.0
16888748187.0
16896899941.0
16905913127.0
16915031072.0
16923902337.0
16932907383.0
16941930478.0
16950934816.0
16959866955.0
16968911994.0
16977906068.0
16986904743.0
16995853516.0
17004901386.0
17013909617.0
17022924927.0
17031862020.0
17040938203.0
17049911751.0
17058959974.0
17067851413.0
17076955201.0
17085903974.0
17094901588.0
17103849653.0
17112903185.0
17121922034.0
17130924956.0
17139870898.0
17148914167.0
17157911780.0
17166904439.0
17175854274.0
17184903205.0
17193908251.0
17203059110.0
17211864547.0
17220935775.0
17229924541.0
17238901628.0
17247855002.0
17256900748.0
17266074258.0
17275183709.0
17283864213.0
17292937211.0
17301941549.0
17310921467.0
17320071264.0
17328912447.0
17337907229.0
17346964300.0
17364895115.0
17374088090.0
17384778485.0
17392903695.0
17401902370.0
17411117289.0
17420055798.0
17428911491.0
17437914060.0
17447018202.0
17455908579.0
17464897344.0
17473937782.0
17483016442.0
17491912836.0
17501030781.0
17509899569.0
17519072725.0
17527881347.0
17546774814.0
17556574401.0
17565727738.0
17574705178.0
17583630593.0
17592642717.0
17602850371.0
17611694384.0
17620757119.0
17629763580.0
17638893204.0
17647662896.0
17656638213.0
17666517078.0
17675749338.0
17684842863.0
17693684753.0
17702699001.0
17711781554.0
17723118908.0
17732597848.0
17741696327.0
17750658903.0
17760007956.0
17768681736.0
17777957881.0
17787870722.0
17796910452.0
17805921868.0
17814912757.0
17823904708.0
17832910816.0
17841950899.0
17850905335.0
17859736962.0
17868647158.0
17877728296.0
17886684147.0
17896019751.0
17904970648.0
17913739277.0
17922705038.0
17931755385.0
17940707344.0
17949657179.0
17958980749.0
17967654883.0
17976641171.0
17985721955.0
17994671436.0
18003670111.0
18012674449.0
18021752402.0
18030665783.0
18039640038.0
18048641545.0
18058040854.0
18069900942.0
18078882629.0
18087848744.0
18096880334.0
18105501734.0
18113628006.0
18121929820.0
18131083511.0
18139864174.0
18148878421.0
18157883113.0
18166996457.0
18175865953.0
18184874538.0
18193878168.0
18202997175.0
18211903832.0
18220871717.0
18231864710.0
18241031850.0
18249903823.0
18258988854.0
18267877461.0
18276884276.0
18285512047.0
18293635488.0
18301661955.0
18309694793.0
18319613297.0
18327869455.0
18336635254.0
18344640840.0
18353532279.0
18361666690.0
18369741644.0
18378635914.0
18386616726.0
18394758570.0
18405923213.0
18414636632.0
18422619568.0
18430747255.0
18438634633.0
18446617569.0
18454874789.0
18463878419.0
18472892667.0
18482614393.0
18490744912.0
18498642200.0
18506612394.0
18514747514.0
18523673636.0
18531660465.0
18540882462.0
18549665602.0
18557957152.0
18566891769.0
18575589261.0
18583625992.0
18592639532.0
18600672724.0
18608646103.0
18616649212.0
18624670725.0
18632659323.0
18641912110.0
18650877163.0
18659594121.0
18667615988.0
18675596092.0
18683611942.0
18691667430.0
18700891904.0
18709883147.0
18718755828.0
18727616476.0
18737885711.0
18746616471.0
18755072239.0
18763648338.0
18771602607.0
18779629074.0
18787624043.0
18795603793.0
18804741558.0
18812900743.0
18821888801.0
18830617792.0
18838750788.0
18847061804.0
18855892015.0
18864893876.0
18873724087.0
18881893183.0
18890619342.0
18900680474.0
18908653146.0
18916757475.0
18925650330.0
18933728115.0
18942891361.0
18951605842.0
18959893145.0
18968659297.0
18976635863.0
18984641095.0
18992678887.0
19000635279.0
19008649713.0
19017907102.0
19026631846.0
19034616905.0
19042810067.0
19054821985.0
19065094051.0
19074077508.0
19082731823.0
19091600257.0
19101082382.0
19109634061.0
19119029830.0
19127595312.0
19136647075.0
19146042490.0
19155738734.0
19164688923.0
19174112652.0
19183645741.0
19192633091.0
19201664326.0
19211157777.0
19219625223.0
19228690081.0
19238066031.0
19247170881.0
19255946943.0
19266042759.0
19274673007.0
19284025953.0
19293080193.0
19301669033.0
19310614975.0
19320006497.0
19328896167.0
19338642667.0
19348012600.0
19357669914.0
19375631519.0
19384634441.0
19393638071.0
19403193103.0
19413677165.0
19423081428.0
19431601609.0
19440663989.0
19450076746.0
19459677079.0
19468636824.0
19478135583.0
19487171419.0
19495620109.0
19504640727.0
19512522796.0
19520653669.0
19528634127.0
19536646438.0
19544650962.0
19553574253.0
19561650269.0
19569659394.0
19577656132.0
19587003415.0
19595604643.0
19604663484.0
19612940170.0
19621943800.0
19631016090.0
19639935134.0
19648927439.0
19657926822.0
19667118027.0
19675938683.0
19684929572.0
19693668473.0
19701761122.0
19710671319.0
19720010107.0
19728662653.0
19737678670.0
19747126465.0
19756633010.0
19764649922.0
19774147973.0
19783078342.0
19791603831.0
19799935021.0
19810098788.0
19819632585.0
19829071532.0
19837647985.0
19846759206.0
19856684434.0
19866054014.0
19876573113.0
19886133808.0
19895206451.0
19903654787.0
19913065421.0
19921664524.0
19931459157.0
19941088512.0
19949651870.0
19959635494.0
19968685841.0
19977663635.0
19986693101.0
19997074528.0
