5132140.0
13638871.0
23303971.0
108363502.0
135273526.0
152168427.0
165629633.0
175625290.0
187380619.0
196631637.0
206630480.0
217424218.0
227369974.0
237353598.0
246625851.0
258366315.0
270458573.0
279291615.0
289409020.0
299382381.0
308636937.0
318634718.0
329385987.0
338632404.0
348631600.0
359439142.0
368664323.0
378632729.0
389379751.0
398266589.0
407594760.0
416656079.0
427220126.0
437650392.0
447485018.0
457415201.0
466632950.0
476632855.0
487273347.0
497429683.0
507493292.0
516637781.0
527511859.0
537390724.0
550396793.0
559633654.0
570370766.0
579667793.0
588640278.0
599195123.0
609366677.0
618641761.0
629967790.0
639673236.0
649665354.0
659661720.0
669665163.0
679656574.0
689662495.0
700535157.0
709554005.0
720191667.0
731370112.0
740669263.0
750672706.0
761231444.0
771975635.0
782175502.0
791347242.0
801206642.0
810667532.0
821202912.0
830412875.0
839651506.0
849666628.0
859669718.0
869672454.0
879334014.0
887330399.0
897211033.0
906671216.0
917665625.0
928304702.0
938224267.0
948229481.0
957673736.0
967667270.0
978124789.0
987972509.0
998311111.0
1007673967.0
1020182430.0
1029674464.0
1041588702.0
1050563311.0
1059911655.0
1068567740.0
1078502170.0
1087544023.0
1098231586.0
1107351655.0
1116186821.0
1125674962.0
1136640704.0
1145284048.0
1156004172.0
1175670592.0
1187207200.0
1197207813.0
1207302921.0
1215355578.0
1224208086.0
1235598173.0
1244572428.0
1253597647.0
1265440040.0
1275361375.0
1284193002.0
1294199984.0
1304163082.0
1314207580.0
1325226409.0
1335413181.0
1345203567.0
1355222937.0
1365214701.0
1375201157.0
1386168669.0
1398249955.0
1407352681.0
1415669006.0
1426200493.0
1443298896.0
1453168913.0
1462204396.0
1472228366.0
1482209159.0
1491348693.0
1500196246.0
1510258440.0
1519304186.0
1529219151.0
1539359206.0
1547402307.0
1557206850.0
1567392207.0
1575341520.0
1585227464.0
1595217812.0
1605215239.0
1615196032.0
1626311481.0
1636182206.0
1645666808.0
1658247824.0
1668644469.0
1678152783.0
1687674193.0
1698254520.0
1707349461.0
1716322300.0
1725353182.0
1735376799.0
1745228058.0
1755367052.0
1763310703.0
1773225313.0
1783270873.0
1793220167.0
1802344129.0
1812210253.0
1822218651.0
1831313946.0
1840463743.0
1850249529.0
1860206609.0
1870222440.0
1882026609.0
1893253542.0
1902536058.0
1912180984.0
1921371128.0
1931334579.0
1940543835.0
1952155828.0
1962224038.0
1971325349.0
1981250577.0
1991321973.0
2000321002.0
2010229242.0
2020178890.0
2030269043.0
2039324699.0
2049576592.0
2059289117.0
2069230979.0
2078324857.0
2087420860.0
2099228215.0
2109225642.0
2119203603.0
2127327044.0
2137184674.0
2147228464.0
2157225183.0
2167280298.0
2178545807.0
2197290629.0
2208224165.0
2218193986.0
2227347323.0
2236331134.0
2245340073.0
2255163019.0
2263337069.0
2272410067.0
2281334774.0
2290333803.0
2299338141.0
2309156486.0
2318420953.0
2328152943.0
2338151785.0
2346481913.0
2355339729.0
2365166923.0
2375247166.0
2385155052.0
2393341136.0
2402376618.0
2411339548.0
2420339639.0
2429339730.0
2438342652.0
2447340620.0
2456340711.0
2465341510.0
2474342662.0
2483342399.0
2493210293.0
2501342935.0
2510343380.0
2519349134.0
2528366920.0
2537344361.0
2546345513.0
2555351975.0
2564347819.0
2573350741.0
2584136694.0
2592402054.0
2601347288.0
2610347379.0
2619347824.0
2629180680.0
2640215082.0
2649349661.0
2658349752.0
2667498134.0
2676351350.0
2686350546.0
2695365856.0
2704354621.0
2713352235.0
2728205747.0
2737355898.0
2747227685.0
2761200300.0
2770354698.0
2779354789.0
2789268692.0
2800129675.0
2808356813.0
2817357611.0
2826357348.0
2836197283.0
2845367253.0
2854358497.0
2863358234.0
2871477427.0
2880385854.0
2889427707.0
2898386743.0
2908140322.0
2916361443.0
2925480804.0
2938414674.0
2947160300.0
2955364433.0
2963362941.0
2972393114.0
2981363476.0
2990367107.0
2999365782.0
3009220227.0
3017365256.0
3027335431.0
3039243652.0
3048373277.0
3057366997.0
3067163046.0
3075371780.0
3087285310.0
3096188428.0
3108210610.0
3118178662.0
3126370408.0
3135375100.0
3143371130.0
3153236900.0
3164195918.0
3173372259.0
3183413926.0
3192153888.0
3201199634.0
3210325720.0
3218366697.0
3227384130.0
3236137542.0
3244372820.0
3253213648.0
3262173747.0
3270394868.0
3280130397.0
3288413807.0
3297173589.0
3305370290.0
3314374274.0
3323375427.0
3331375704.0
3339375628.0
3347375197.0
3356141350.0
3364373088.0
3373214979.0
3382101109.0
3391374423.0
3399418586.0
3407374978.0
3416143254.0
3424398705.0
3433221484.0
3453688816.0
3463268268.0
3472388691.0
3481391967.0
3490385687.0
3499415153.0
3507423571.0
3515387395.0
3523390150.0
3531496602.0
3540389102.0
3549418569.0
3558389638.0
3567389375.0
3575390715.0
3586221261.0
3595205071.0
3603390801.0
3611391786.0
3623392733.0
3631673666.0
3641403533.0
3651353535.0
3660394326.0
3669422731.0
3679222672.0
3687394599.0
3697243381.0
3706398488.0
3715419814.0
3724399023.0
3734242851.0
3743397249.0
3751507595.0
3760400803.0
3770276483.0
3780257630.0
3791400330.0
3801233894.0
3809430948.0
3818400957.0
3827405648.0
3835401325.0
3843401602.0
3852306136.0
3865254517.0
3875235664.0
3883402990.0
3891404329.0
3899434335.0
3908404697.0
3917405142.0
3925405774.0
3935241107.0
3944269511.0
3955195615.0
3964209154.0
3973407439.0
3983301522.0
3991415053.0
3999439396.0
4007409591.0
4016421715.0
4026244308.0
4034409864.0
4043660882.0
4055201030.0
4063410826.0
4071410749.0
4080411548.0
4089441722.0
4099216889.0
4108419420.0
4117413141.0
4128447189.0
4137414011.0
4146993109.0
4156214398.0
4164416054.0
4173415791.0
4182416236.0
4192177955.0
4201311826.0
4211275277.0
4231053534.0
4240207579.0
4248469047.0
4257418527.0
4265419867.0
4273423683.0
4283254770.0
4291421388.0
4303235467.0
4311422612.0
4321168051.0
4329425626.0
4337423072.0
4345423349.0
4354427687.0
4364219135.0
4372424330.0
4381573066.0
4390458488.0
4400200033.0
4409432293.0
4417426200.0
4427261888.0
4435427090.0
4443427721.0
4451427999.0
4459431816.0
4467428554.0
4475429185.0
4486263270.0
4496261405.0
4504430147.0
4514291670.0
4524231763.0
4533431462.0
4541669572.0
4551433060.0
4559433337.0
4567466529.0
4578081894.0
4587292211.0
4595441133.0
4603434333.0
4611440273.0
4619436657.0
4627435165.0
4635454554.0
4643450584.0
4651457586.0
4659441584.0
4667437260.0
4675437184.0
4684227402.0
4692439676.0
4701443660.0
4709442168.0
4718439427.0
4727440580.0
4737300334.0
4745440762.0
4753440685.0
4763294069.0
4771443699.0
4780260461.0
4788442651.0
4797442388.0
4807158098.0
4815443632.0
4823444971.0
4832466651.0
4842301985.0
4850477805.0
4860220058.0
4869445594.0
4877446579.0
4885701676.0
4896275633.0
4904447913.0
4914187689.0
4922449157.0
4931449248.0
4940184610.0
4955136865.0
4965451047.0
4973450262.0
4982320112.0
4992220566.0
5001481493.0
5010452563.0
5019452654.0
5027453286.0
5035452855.0
5044220423.0
5054318008.0
5063454711.0
5073303139.0
5082160956.0
5090483651.0
5099463215.0
5107456060.0
5118305718.0
5126458179.0
5135457916.0
5145388807.0
5156458600.0
5164459232.0
5172472958.0
5182165663.0
5190463584.0
5200075242.0
5208461997.0
5218299099.0
5226461471.0
5244343798.0
5254310081.0
5263463417.0
5271499440.0
5281183298.0
5293344569.0
5301464470.0
5309465809.0
5317465733.0
5327305667.0
5335467330.0
5343496275.0
5351467177.0
5361309235.0
5369468421.0
5378282706.0
5388231647.0
5397468861.0
5406469306.0
5414470292.0
5423506128.0
5433307839.0
5441484367.0
5462286504.0
5472360377.0
5481311628.0
5489473291.0
5497474276.0
5506473306.0
5514474291.0
5522511376.0
5531478906.0
5539475645.0
5547505297.0
5556477075.0
5566306745.0
5574489998.0
5584270828.0
5592507521.0
5601630775.0
5611479204.0
5619480189.0
5627480466.0
5635479328.0
5643479960.0
5653202040.0
5662312199.0
5670490142.0
5680279112.0
5688482538.0
5697481921.0
5706482366.0
5714486890.0
5723483442.0
5733178625.0
5741483978.0
5749486025.0
5758487885.0
5766658397.0
5776266162.0
5787488847.0
5795495495.0
5804493462.0
5812518868.0
5821488168.0
5830487905.0
5840263781.0
5849497103.0
5859393663.0
5869514607.0
5881401947.0
5889490704.0
5899140231.0
5907491593.0
5915491871.0
5925158032.0
5933492761.0
5943442409.0
5955297189.0
5963596525.0
5972526187.0
5982171113.0
5991390279.0
5999505933.0
6008676611.0
6019289853.0
6028498754.0
6037497076.0
6046498936.0
6055497611.0
6065264639.0
6074499730.0
6084153859.0
6093196066.0
6101499649.0
6111302776.0
6124284425.0
6133531196.0
6142501912.0
6152200987.0
6160502094.0
6169503954.0
6179189581.0
6187503782.0
6195504060.0
6204327547.0
6213537156.0
6222505041.0
6230505672.0
6240670855.0
6251426725.0
6266405877.0
6276284389.0
6288500517.0
6297566790.0
6306501053.0
6314500976.0
6323531504.0
6332501866.0
6341503373.0
6350503817.0
6360156176.0
6368527358.0
6378230326.0
6386555145.0
6395504980.0
6403539941.0
6412127012.0
6421188684.0
6429506779.0
6438506870.0
6449304501.0
6457508988.0
6466507664.0
6475508463.0
6484299035.0
6492509893.0
6501509630.0
6510510429.0
6518511060.0
6527511151.0
6536131844.0
6544511519.0
6553544878.0
6562513471.0
6571513208.0
6580132131.0
6588513576.0
6597513313.0
6606519421.0
6615419707.0
6624194000.0
6634151434.0
6643124981.0
6651517752.0
6661160201.0
6669516872.0
6679590745.0
6689158518.0
6697518374.0
6706523066.0
6716111720.0
6724519355.0
6733545990.0
6743244357.0
6752131195.0
6760521134.0
6770170662.0
6779184202.0
6788165181.0
6797186507.0
6807475915.0
6816134123.0
6824553083.0
6834156248.0
6843284456.0
6851525043.0
6860525134.0
6870155904.0
6878526731.0
6888160686.0
6897188737.0
6906527172.0
6916131398.0
6925175020.0
6933528506.0
6943145119.0
6952126807.0
6960535150.0
6969557537.0
6979505770.0
6988538421.0
6997596908.0
7006713792.0
7016111685.0
7024555419.0
7033533213.0
7043164337.0
7051534103.0
7060670452.0
7071265289.0
7080508521.0
7089587181.0
7098610277.0
7107651068.0
7116536490.0
7125548968.0
7137182904.0
7145551255.0
7154560901.0
7164568592.0
7175311013.0
7185551580.0
7195144835.0
7204502735.0
7213544588.0
7223354440.0
7231541939.0
7241211993.0
7250610240.0
7259565738.0
7268548840.0
7278135371.0
7287424257.0
7295556900.0
7305337730.0
7313545402.0
7322545493.0
7331545938.0
7340547091.0
7349614072.0
7359353494.0
7368547885.0
7378283060.0
7386560100.0
7395366245.0
7403571086.0
7412549234.0
7421229031.0
7429550310.0
7438554294.0
7447551554.0
7463578653.0
7472573081.0
7483205434.0
7491553257.0
7499553181.0
7508180244.0
7516553903.0
7525559657.0
7534557270.0
7543560900.0
7551555869.0
7559556146.0
7568555883.0
7576563239.0
7585590228.0
7594556697.0
7603557496.0
7611558127.0
7619558050.0
7628558849.0
7637231568.0
7645566650.0
7654610980.0
7663589129.0
7671563570.0
7680222486.0
7688560753.0
7696561739.0
7705562183.0
7714565460.0
7723610498.0
7732563518.0
7741563963.0
7750605108.0
7759564853.0
7767565484.0
7775565054.0
7784215121.0
7792566484.0
7801566221.0
7810573390.0
7819569588.0
7828569679.0
7837568000.0
7846605253.0
7855569952.0
7864221081.0
7872569613.0
7881569350.0
7890234636.0
7898575735.0
7908227031.0
7916571316.0
7925235894.0
7933601413.0
7942601858.0
7951572574.0
7959575329.0
7967573483.0
7975574114.0
7984225597.0
7992575544.0
8001574927.0
8010237382.0
8018576004.0
8027576095.0
8036206697.0
8044577171.0
8053605575.0
8062577353.0
8071577798.0
8080206276.0
8088578874.0
8097586397.0
8106585426.0
8114580395.0
8123608799.0
8132580577.0
8143586311.0
8151582342.0
8159581911.0
8168274803.0
8178193661.0
8186585016.0
8195584399.0
8205270733.0
8213584227.0
8222585026.0
8231585117.0
8240585561.0
8249586006.0
8258623612.0
8267595390.0
8278085115.0
8286603172.0
8295596538.0
8303611326.0
8312624866.0
8321589565.0
8330594965.0
8339591163.0
8347650544.0
8357317414.0
8366371300.0
8375592942.0
8384643997.0
8393597371.0
8402592861.0
8411593306.0
8420600122.0
8429593842.0
8438641358.0
8447595440.0
8456620659.0
8466021383.0
8474692686.0
8484258335.0
8492595894.0
8501596693.0
8510597138.0
8519597583.0
8527600692.0
8535598492.0
8543603724.0
8551598693.0
8559600386.0
8568253285.0
8576622343.0
8585633052.0
8594630665.0
8603601381.0
8611601659.0
8619601936.0
8627602214.0
8638602639.0
8647603084.0
8656603529.0
8665603974.0
8674633794.0
8684222448.0
8692605662.0
8701613540.0
8710613277.0
8719609121.0
8727645144.0
8736607012.0
8745607103.0
8754638338.0
8763608346.0
8771632690.0
8781275139.0
8789609513.0
8799609772.0
8807612881.0
8816612618.0
8825311526.0
8833614756.0
8842614139.0
8851611752.0
8859612384.0
8867613015.0
8875613293.0
8883613570.0
8891614201.0
8900613938.0
8909614737.0
8919449363.0
8927620582.0
8936615364.0
8945623595.0
8954667572.0
8963618114.0
8972617143.0
8982339224.0
8990618741.0
8999618478.0
9008618215.0
9017619368.0
9026623352.0
9035642554.0
9044647954.0
9054218558.0
9062624424.0
9071623099.0
9081286783.0
9089628236.0
9098623372.0
9107623463.0
9116623908.0
9125624706.0
9134654526.0
9143630197.0
9153280078.0
9161625424.0
9170625869.0
9180300170.0
9188626759.0
9197627557.0
9206636850.0
9215653221.0
9224655082.0
9233628629.0
9242629782.0
9251630227.0
9260629610.0
9270209062.0
9279433536.0
9287631298.0
9298631724.0
9307638186.0
9317199588.0
9325667743.0
9334663233.0
9343661200.0
9352634039.0
9361634838.0
9371294629.0
9380266407.0
9388635465.0
9397635556.0
9406635647.0
9415636446.0
9424665204.0
9433638043.0
9442637780.0
9451637871.0
9468709377.0
9480332695.0
9488639464.0
9497640617.0
9506640708.0
9515641153.0
9524641244.0
9533645582.0
9542660537.0
9551672661.0
9560643377.0
9570196993.0
9580138148.0
9589390227.0
9597646032.0
9607375190.0
9615648337.0
9625388821.0
9634376879.0
9642647195.0
9653650098.0
9663500649.0
9671677885.0
9681317857.0
9691355984.0
9700322099.0
9708649395.0
9718383862.0
9727421468.0
9735650730.0
9744650821.0
9754362637.0
9763371930.0
9771682238.0
9781692052.0
9791401038.0
9799653303.0
9808653748.0
9818444842.0
9827735144.0
9837367330.0
9845656049.0
9854658264.0
9864363710.0
9873628530.0
9883364413.0
9891687816.0
9900671627.0
9910373888.0
9918658714.0
9928352481.0
9936659957.0
9945660402.0
9955361601.0
9964373726.0
9972664214.0
9982360459.0
9991690400.0
10004336536.0
10012711965.0
10021722673.0
10030669323.0
10039663751.0
10049420869.0
10058418482.0
10066666501.0
10076341865.0
10086382823.0
10094666234.0
10103667033.0
10113382034.0
10121695528.0
10131501486.0
10139668458.0
10148668903.0
10158390983.0
10167739328.0
10176586527.0
10187363985.0
10195678187.0
10204678278.0
10214391156.0
10222678813.0
10232351699.0
10243267539.0
10251724722.0
10260267553.0
10269357893.0
10278294987.0
10286682095.0
10296357812.0
10304682277.0
10314373566.0
10335585538.0
10345386896.0
10353692957.0
10363280549.0
10371717559.0
10381329925.0
10390701274.0
10400357526.0
10411248946.0
10420341409.0
10428688878.0
10438375921.0
10446689060.0
10456339649.0
10465311781.0
10479606105.0
10490409046.0
10498694934.0
10507691839.0
10517385606.0
10525696268.0
10536559021.0
10546378428.0
10554733329.0
10564282344.0
10573480628.0
10582408874.0
10590708919.0
10600343228.0
10608696006.0
10617699636.0
10629562202.0
10639363205.0
10648404351.0
10657405503.0
10669662686.0
10682489320.0
10691397038.0
10699700622.0
10708700359.0
10718439781.0
10726726023.0
10735700986.0
10745388736.0
10753705769.0
10763406968.0
10774285292.0
10784342177.0
10793397125.0
10801737516.0
10811736359.0
10821389072.0
10834579885.0
10844352222.0
10853385227.0
10861738359.0
10871741448.0
10881440524.0
10889708716.0
10899534494.0
10907709252.0
10917387447.0
10928259047.0
10937400704.0
10945711012.0
10955716579.0
10965476175.0
10973713930.0
10982731717.0
10995512341.0
11005438631.0
11013706116.0
11022706560.0
11032433242.0
11041442180.0
11049707895.0
11058708340.0
11068391489.0
11076709230.0
11086709134.0
11096388390.0
11104710024.0
11114440952.0
11122710560.0
11131735071.0
11141452196.0
11150449456.0
11158716586.0
11168434773.0
11176716060.0
11187569965.0
11196412209.0
11205377970.0
11215191361.0
11223715434.0
11233448486.0
11242476182.0
11250721370.0
11259717214.0
11269459113.0
11278315514.0
11288563514.0
11298589254.0
11306741362.0
11316395136.0
11324736943.0
11351380114.0
11360390115.0
11368729444.0
11378242714.0
11389342944.0
11398558216.0
11406730850.0
11416376131.0
11424731740.0
11434414182.0
11443365078.0
11452405162.0
11463493005.0
11480381890.0
11489445686.0
11497735820.0
11509735706.0
11520616154.0
11530409725.0
11539273912.0
11548417339.0
11556737557.0
11566415044.0
11575402394.0
11584525294.0
11597630814.0
11607552502.0
11616281140.0
11625417842.0
11633740537.0
11643541541.0
11651742489.0
11661451474.0
11675427628.0
11685742872.0
11695398770.0
11703744823.0
11714337184.0
11724626592.0
11734420871.0
11742744982.0
11752381768.0
11760746933.0
11770568464.0
11779379917.0
11791633915.0
11801434210.0
11810322818.0
11820291931.0
11829426156.0
11842426209.0
11851298182.0
11860383567.0
11868754395.0
11878730587.0
11888236778.0
11897437186.0
11907709252.0
11917441242.0
11925753320.0
11935414526.0
11944254647.0
11953445853.0
11962271463.0
11975274701.0
11984231614.0
11993313460.0
12004237086.0
12013479609.0
12022269828.0
12031424934.0
12042352453.0
12051552861.0
12060263094.0
12069430941.0
12078362019.0
12087421922.0
12096462359.0
12105433075.0
12114282044.0
12123434318.0
12134551891.0
12144433941.0
12153310161.0
12162309190.0
12171572241.0
12180440675.0
12189286105.0
12198473417.0
12207569066.0
12216282485.0
12225443607.0
12236297158.0
12245447309.0
12254309019.0
12264447659.0
12273323525.0
12282451026.0
12291430944.0
12300428557.0
12309448821.0
12318299913.0
12331432331.0
12340266081.0
12349502234.0
12372323464.0
12381461936.0
12390303119.0
12399569355.0
12408301177.0
12417448497.0
12426305606.0
12435640148.0
12446385754.0
12456457149.0
12465311781.0
12474311518.0
12483487505.0
12495583656.0
12504303091.0
12513336804.0
12524338999.0
12533496583.0
12542328210.0
12552445614.0
12561326436.0
12570567190.0
12580418095.0
12589377840.0
12600665646.0
12610461340.0
12619296860.0
12628419052.0
12637335619.0
12646464536.0
12658324624.0
12667442569.0
12676275611.0
12689392103.0
12699580291.0
12708301849.0
12717456248.0
12726319019.0
12735568267.0
12744297612.0
12753485279.0
12762348050.0
12772602421.0
12782394576.0
12793391463.0
12803341111.0
12812417294.0
12823329241.0
12832444001.0
12841330484.0
12850457277.0
12859300583.0
12868422422.0
12877458258.0
12887474797.0
12896301115.0
12905471439.0
12914498074.0
12924681307.0
12934529735.0
12943324555.0
12952423035.0
12961332523.0
12970460378.0
12979195739.0
12988482148.0
12997423489.0
13007471526.0
13016280856.0
13025504269.0
13034357484.0
13044352434.0
13053466132.0
13062311562.0
13071585584.0
13080454018.0
13089312188.0
13098498439.0
13107428809.0
13116451196.0
13125315737.0
13134516145.0
13146487717.0
13155485684.0
13164487899.0
13173336514.0
13183444363.0
13192275282.0
13201476043.0
13210457730.0
13219301744.0
13228424290.0
13237325639.0
13247461093.0
13256282456.0
13265467999.0
13274361208.0
13285371189.0
13295470544.0
13304313850.0
13313469664.0
13322332436.0
13332301195.0
13341475767.0
13350316242.0
13359588140.0
13368310407.0
13385543299.0
13396333852.0
13405480818.0
13414400924.0
13423444901.0
13432277589.0
13441482244.0
13450314578.0
13459433231.0
13470203611.0
13488445872.0
13497197868.0
13506198667.0
13515314488.0
13524186461.0
13533225129.0
13542205755.0
13551316268.0
13560183286.0
13569197180.0
13578389801.0
13587319817.0
13596186127.0
13605201437.0
13614200820.0
13623343893.0
13632202063.0
13641217373.0
13650205431.0
13659315943.0
13668201012.0
13678132610.0
13687185435.0
13696285684.0
13705214992.0
13714199864.0
13723210927.0
13732158992.0
13741219249.0
13750206952.0
13759182269.0
13768171035.0
13778419389.0
13787477876.0
13796178200.0
13807191366.0
13816174469.0
13825218092.0
13834199071.0
13843209426.0
13852163508.0
13861219164.0
13870210407.0
13882150480.0
13892433871.0
13901213827.0
13910216041.0
13919215424.0
13928178354.0
13937219853.0
13946218174.0
13955212957.0
13964164915.0
13973241098.0
13982476897.0
13992120408.0
14001451764.0
14010208007.0
14019317458.0
14028189785.0
14037206510.0
14046205186.0
14055324192.0
14064186610.0
14073229525.0
14082451875.0
14091325618.0
14100188743.0
14109202283.0
14118207329.0
14127318196.0
14136189461.0
14145218219.0
14154209108.0
14165216966.0
14174265190.0
14183239799.0
14192163444.0
14201527007.0
14210469056.0
14220516385.0
14229202906.0
14238201935.0
14247636635.0
14256183714.0
14265517901.0
14274205484.0
14283595945.0
14293561873.0
14302539314.0
14311193982.0
14320166822.0
14329536047.0
14340191759.0
14349239982.0
14358612393.0
14367322273.0
14376505339.0
14386203706.0
14395197427.0
14404496931.0
14413253881.0
14422602580.0
14431190004.0
14440185848.0
14449535255.0
14458522251.0
14467190368.0
14476484564.0
14486645500.0
14496215042.0
14505207347.0
14516580447.0
14525214588.0
14534234144.0
14543484808.0
14553244403.0
14562526212.0
14571389691.0
14580765641.0
14591530005.0
14600166624.0
14609528063.0
14618237589.0
14627209013.0
14636480203.0
14645536213.0
14654239368.0
14663235566.0
14672495786.0
14682224590.0
14691337934.0
14700503658.0
14709680707.0
14719479941.0
14728291041.0
14737486140.0
14746472782.0
14755456239.0
14764321487.0
14773487211.0
14782500751.0
14791322114.0
14800383433.0
14809487221.0
14820369085.0
14829474643.0
14838323612.0
14847469516.0
14857345904.0
14866476590.0
14875303970.0
14884566667.0
14897351538.0
14908436904.0
14917347100.0
14926495128.0
14935324277.0
14944488586.0
14955540329.0
14965345934.0
14975481034.0
14985406616.0
14994356805.0
15003462009.0
15012484397.0
15021489796.0
15030338765.0
15039635084.0
15049748595.0
15059478816.0
15068292039.0
15078437049.0
15087552517.0
15097367677.0
15106497655.0
15115327512.0
15124461737.0
15136094966.0
15144775824.0
15154350321.0
15163472513.0
15172333869.0
15183461705.0
15194431340.0
15204482208.0
15213486900.0
15222330914.0
15231605290.0
15240326495.0
15249474877.0
15258264387.0
15267445330.0
15276493199.0
15288386556.0
15297485035.0
15306366564.0
15315603425.0
15324334186.0
15333484337.0
15342353479.0
15351634934.0
15362608108.0
15372485557.0
15381490957.0
15390340634.0
15399616779.0
15408410891.0
15425767653.0
15435460712.0
15444477437.0
15455718526.0
15465493694.0
15474342308.0
15483454237.0
15500481857.0
15509340027.0
15521726743.0
15531614456.0
15540320443.0
15549526513.0
15558339382.0
15567609511.0
15576336379.0
15588388290.0
15597488185.0
15606342463.0
15615610822.0
15624357863.0
15633495627.0
15642351674.0
15651610832.0
15662416250.0
15673453129.0
15683414811.0
15692308373.0
15701494978.0
15710352086.0
15719339790.0
15730379855.0
15739471256.0
15748344291.0
15757512138.0
15766340934.0
15775473743.0
15784484452.0
15793369166.0
15802338112.0
15811477292.0
15822387470.0
15831270768.0
15842517166.0
15851342422.0
15860302520.0
15869496911.0
15878351897.0
15887351634.0
15898425320.0
15907678815.0
15917499284.0
15926367718.0
15936527593.0
15945337277.0
15954520342.0
15963458852.0
15972502121.0
15982755783.0
15992620845.0
16004475979.0
16014355552.0
16023632405.0
16032339100.0
16041495622.0
16052277327.0
16061498616.0
16070364573.0
16080340765.0
16089407746.0
16098454554.0
16107616738.0
16116339005.0
16125522778.0
16134413509.0
16144684514.0
16154517016.0
16163291662.0
16172325375.0
16181468802.0
16191637524.0
16200348112.0
16210339522.0
16219475517.0
16228314576.0
16237484901.0
16247543909.0
16256200702.0
16265255296.0
16274556215.0
16283494725.0
16293226007.0
16302543915.0
16311343335.0
16320541265.0
16329231326.0
16338240264.0
16347336975.0
16356202223.0
16365249739.0
16374219747.0
16383590742.0
16392208958.0
16401224975.0
16410222588.0
16419352213.0
16428214276.0
16437227816.0
16446314617.0
16455368503.0
16464201545.0
16473223933.0
16482470704.0
16491346924.0
16502245776.0
16511234895.0
16520189331.0
16529254542.0
16538235522.0
16547224288.0
16556184032.0
16565251721.0
16574280833.0
16583479117.0
16592184750.0
16601235097.0
16610242266.0
16619246250.0
16628192192.0
16637350130.0
16646590884.0
16655376855.0
16664455870.0
16673367127.0
16683475684.0
16692483207.0
16701353765.0
16710555234.0
16719466138.0
16728521086.0
16737342096.0
16746494725.0
16755490922.0
16764482165.0
16773356616.0
16782349275.0
16791637808.0
16800353350.0
16811377134.0
16820467828.0
16829355373.0
16838591880.0
16847352016.0
16856473146.0
16865387943.0
16874509074.0
16883548803.0
16893532428.0
16902365116.0
16911626397.0
16920541548.0
16929346985.0
16938342122.0
16947624638.0
16956340180.0
16965528200.0
16976326186.0
16986534547.0
16995475180.0
17004546762.0
17013502968.0
17022355122.0
17031625251.0
17040338316.0
17049536600.0
17058361856.0
17067614997.0
17076367347.0
17087355739.0
17096529957.0
17105696742.0
17116345375.0
17125515346.0
17134370685.0
17147467003.0
17157356132.0
17166542029.0
17175487263.0
17184359236.0
17194342507.0
17203345075.0
17212319684.0
17221521507.0
17230360212.0
17239489483.0
17248386938.0
17257520101.0
17266374733.0
17275457286.0
17284437204.0
17293255028.0
17305274733.0
17314228815.0
17323215457.0
17332185819.0
17341245014.0
17350236611.0
17359208742.0
17368198923.0
17378164144.0
17387231125.0
17396223430.0
17405480818.0
17414255110.0
17423235736.0
17432188048.0
17441241935.0
17450317410.0
17459232207.0
17468200799.0
17478144431.0
17487344839.0
17504475448.0
17513236646.0
17522242753.0
17531234704.0
17540189494.0
17549271693.0
17558244179.0
17567232237.0
17576191627.0
17586234355.0
17595344514.0
17604245509.0
17613233920.0
17622234011.0
17631349479.0
17640230300.0
17651492270.0
17660198257.0
17669257806.0
17678470246.0
17687332664.0
17696217378.0
17705241535.0
17714270294.0
17723230038.0
17732191198.0
17741238360.0
17750242698.0
17759231110.0
17768194039.0
17778136256.0
17787352943.0
17796640414.0
17805235271.0
17814283849.0
17823352599.0
17832213601.0
17841236697.0
17850232894.0
17859344469.0
17868219274.0
17877458966.0
17887461348.0
17896195294.0
17905250950.0
17914257411.0
17923214324.0
17932189641.0
17941254145.0
17950241849.0
17959223536.0
17968196375.0
17978177876.0
17987233178.0
17996449512.0
18005492427.0
18014365462.0
18023236373.0
18032193994.0
18041247526.0
18050249387.0
18059235321.0
18068197897.0
18078142945.0
18087357509.0
18096215325.0
18105233466.0
18114270364.0
18123371675.0
18132535276.0
18141571112.0
18150240645.0
18159697288.0
18168224901.0
18178487411.0
18187537404.0
18196192073.0
18205594921.0
18214585810.0
18225796816.0
18235538007.0
18244220282.0
18253589861.0
18262231435.0
18271539787.0
18280755413.0
18290302305.0
18299236567.0
18308456440.0
18317239580.0
18326267985.0
18335240470.0
18344225343.0
18353249854.0
18362263747.0
18371242957.0
18380446550.0
18389238538.0
18398393999.0
18407414263.0
18416445144.0
18425257660.0
18434299867.0
18443240854.0
18452201306.0
18461244221.0
18470270148.0
18479493914.0
18488455782.0
18497241046.0
18506474013.0
18516226530.0
18525239362.0
18534267059.0
18543349612.0
18552224417.0
18561264500.0
18570236278.0
18579601610.0
18588228320.0
18597259555.0
18606238765.0
18615365204.0
18624279294.0
18633237269.0
18642244792.0
18651673475.0
18660221615.0
18669260283.0
18679244969.0
18688530670.0
18697250814.0
18706554565.0
18715220559.0
18724539882.0
18733567579.0
18742234280.0
18751224462.0
18760514764.0
18769249772.0
18778405586.0
18789375575.0
18798552624.0
18807485471.0
18816528386.0
18825363198.0
18834543078.0
18843509547.0
18853748345.0
18863523512.0
18872346645.0
18881526880.0
18890399207.0
18900499977.0
18909528028.0
18918363902.0
18927630491.0
18938450774.0
18948539865.0
18957365475.0
18966357780.0
18975653745.0
18984618091.0
18993370794.0
19002515283.0
19015433227.0
19024134259.0
19032743272.0
19042510300.0
19051360684.0
19060478629.0
19069389887.0
19078275309.0
19087499429.0
19096259565.0
19105405469.0
19114357782.0
19123492007.0
19134455271.0
19143640814.0
19152351048.0
19161541546.0
19172337762.0
19181389171.0
19192409062.0
19201540810.0
19210574169.0
19219533559.0
19228322716.0
19237536219.0
19246390496.0
19255527907.0
19264342546.0
19273535521.0
19284507633.0
19293366866.0
19302372265.0
19312494979.0
19322559650.0
19331417112.0
19340342173.0
19349553198.0
19358413846.0
19368734753.0
19378312435.0
19387499394.0
19396322527.0
19405559741.0
19415557168.0
19424362252.0
19433522313.0
19442428970.0
19452726518.0
19462581670.0
19471360210.0
19480332695.0
19497580097.0
19515721138.0
19525387653.0
19536529999.0
19546515393.0
19555359053.0
19564510620.0
19573417985.0
19583401610.0
19592504690.0
19601375248.0
19610389849.0
19621441239.0
19631544841.0
19640560150.0
19649522372.0
19658547591.0
19667392313.0
19676517336.0
19686375674.0
19695643326.0
19704410894.0
19713545119.0
19724385929.0
19733558023.0
19742393897.0
19752520857.0
19761380443.0
19770509006.0
19779644293.0
19788358773.0
19797525559.0
19810746809.0
19820518438.0
19829369530.0
19839481626.0
19848574797.0
19857516138.0
19867717066.0
19877604426.0
19886408447.0
19896548148.0
19905369158.0
19915526909.0
19924321374.0
19933584071.0
19943804819.0
19953387103.0
19962371267.0
19971645997.0
19980539205.0
19989373310.0
19999536016.0
