2359914.0
11630751.0
20619162.0
29623146.0
134319368.0
151561815.0
166487880.0
176433635.0
186656153.0
197465464.0
207578268.0
216657282.0
226630996.0
236628070.0
247590980.0
257626984.0
270118813.0
279930788.0
288634651.0
298641280.0
309479612.0
319461113.0
328643471.0
339578068.0
349523115.0
358624426.0
369517262.0
379443198.0
388642897.0
399073164.0
407270927.0
417496276.0
427652257.0
437177560.0
446638096.0
456656404.0
467464653.0
478386156.0
488040992.0
497094170.0
506637523.0
517516555.0
527173161.0
537031499.0
549635873.0
560428196.0
569634620.0
579348560.0
589494986.0
599637519.0
608638672.0
619451876.0
628664316.0
637649189.0
647122820.0
655636276.0
665100705.0
674127694.0
682255735.0
690391916.0
699660276.0
708644794.0
717648070.0
727221152.0
736670717.0
745642494.0
755093828.0
763461117.0
771329738.0
779652079.0
788647215.0
797666771.0
807307451.0
815665184.0
825207474.0
833672444.0
843348869.0
851558665.0
861518931.0
871601298.0
880673941.0
891331422.0
899658718.0
908554050.0
917279856.0
925652807.0
935167139.0
943660775.0
952670068.0
962126357.0
970658571.0
979463300.0
987326258.0
995659925.0
1005099933.0
1013664353.0
1022662675.0
1031587736.0
1041097466.0
1049655515.0
1058652067.0
1067665961.0
1076663928.0
1086660294.0
1095337967.0
1103663847.0
1112661107.0
1121294541.0
1129665368.0
1138321453.0
1146326331.0
1155288907.0
1163676369.0
1173203795.0
1181663102.0
1191263435.0
1200151334.0
1208669038.0
1217279467.0
1225583404.0
1235105522.0
1244059604.0
1253099687.0
1261672955.0
1271209229.0
1279669598.0
1289097927.0
1297666241.0
1306671994.0
1315346128.0
1323472400.0
1331669455.0
1340673793.0
1349672114.0
1358669020.0
1368096996.0
1376494721.0
1385286709.0
1393674879.0
1402673908.0
1413159386.0
1422215395.0
1439218595.0
1449213899.0
1459186552.0
1467297605.0
1476198953.0
1486210183.0
1495327066.0
1503299030.0
1512203210.0
1522224703.0
1532194879.0
1542200446.0
1551354844.0
1560210184.0
1570208319.0
1578314417.0
1586660825.0
1596570126.0
1606574278.0
1616506584.0
1625221773.0
1634357414.0
1643151879.0
1653305383.0
1662212040.0
1671366793.0
1679521378.0
1687307890.0
1696187295.0
1705237642.0
1715223390.0
1724187028.0
1733335763.0
1742175530.0
1751260561.0
1760180313.0
1769226767.0
1779342756.0
1788217915.0
1798253565.0
1808191534.0
1817230909.0
1827321416.0
1836230197.0
1846222315.0
1856181519.0
1865227265.0
1875266808.0
1883475189.0
1892180821.0
1901229753.0
1911426081.0
1920214176.0
1930227175.0
1940136123.0
1951112837.0
1959425268.0
1968211240.0
1978147439.0
1987205572.0
1996184075.0
2005246101.0
2015231495.0
2023322375.0
2032141615.0
2040429980.0
2049188346.0
2058222767.0
2066324972.0
2076217286.0
2086232763.0
2096197276.0
2105232050.0
2115276548.0
2123556420.0
2133164185.0
2142156136.0
2151383441.0
2160149593.0
2168387348.0
2178152606.0
2196479453.0
2205225786.0
2215223567.0
2223330727.0
2232145366.0
2242154118.0
2251210482.0
2259331445.0
2268165195.0
2278154836.0
2286334549.0
2295427720.0
2303334918.0
2311334841.0
2320124706.0
2330183360.0
2340125576.0
2349191850.0
2357339356.0
2367296791.0
2376394209.0
2387237850.0
2396136367.0
2405175742.0
2414188220.0
2423265465.0
2432122928.0
2441174337.0
2450187168.0
2459166024.0
2468126123.0
2478204243.0
2486342194.0
2495342639.0
2504134273.0
2513220012.0
2522202407.0
2531175954.0
2540128620.0
2549201972.0
2558188260.0
2567314699.0
2578078001.0
2586338761.0
2595314078.0
2604159861.0
2613174463.0
2621346035.0
2629603256.0
2639341263.0
2647484522.0
2656089643.0
2665142113.0
2674130525.0
2682370758.0
2691294049.0
2700115058.0
2709127890.0
2718126211.0
2726355119.0
2735137905.0
2744100481.0
2755161072.0
2764128249.0
2773211157.0
2781347338.0
2789409197.0
2798349830.0
2806348338.0
2815117321.0
2824095823.0
2832532834.0
2841185733.0
2850135214.0
2859287842.0
2867351117.0
2876159031.0
2885140365.0
2893985440.0
2902378919.0
2910352653.0
2919396629.0
2927633677.0
2936358421.0
2945354619.0
2953355604.0
2961355528.0
2970140791.0
2978355542.0
2986356173.0
2995122326.0
3003364328.0
3011361420.0
3019360990.0
3027358790.0
3035358713.0
3044107878.0
3053198571.0
3061359173.0
3069359804.0
3078115339.0
3086360881.0
3095265060.0
3104137033.0
3112391423.0
3120362325.0
3129172363.0
3137363048.0
3145363325.0
3153649921.0
3163364215.0
3171369801.0
3179365124.0
3188138354.0
3197186224.0
3205376554.0
3214181284.0
3223280117.0
3232143596.0
3240425945.0
3249176525.0
3258175554.0
3266368716.0
3275180878.0
3284149116.0
3293207249.0
3301370682.0
3310179658.0
3319291941.0
3327380343.0
3335399025.0
3343374882.0
3352136079.0
3360372419.0
3369172901.0
3378107518.0
3387387202.0
3395397389.0
3403374662.0
3412134798.0
3420375385.0
3429180114.0
3445114133.0
3453377724.0
3462377107.0
3470377384.0
3479290058.0
3488140796.0
3497117175.0
3505378996.0
3513379274.0
3521379551.0
3529429377.0
3538180311.0
3547162706.0
3556157134.0
3565196510.0
3573381886.0
3582177767.0
3590392872.0
3599420568.0
3607408812.0
3615462885.0
3625228851.0
3633501998.0
3642411486.0
3650395838.0
3658393638.0
3667205799.0
3676184301.0
3685243496.0
3693394188.0
3702225461.0
3711368888.0
3720264927.0
3728404294.0
3737245123.0
3745397938.0
3754187449.0
3762397953.0
3771548104.0
3784019760.0
3793266530.0
3803236352.0
3812201051.0
3821246443.0
3829430403.0
3837401660.0
3845401583.0
3857221679.0
3867396772.0
3876355809.0
3885402617.0
3893403248.0
3901433255.0
3909515641.0
3918383721.0
3927406109.0
3936370808.0
3945497601.0
3954123248.0
3963380283.0
3971406750.0
3979438526.0
3987408367.0
3995554104.0
4003407860.0
4012203741.0
4020408936.0
4028435757.0
4037260660.0
4046670586.0
4057265423.0
4065418239.0
4073411084.0
4081448169.0
4090455692.0
4098412438.0
4106472881.0
4115246465.0
4124218951.0
4133256557.0
4141458567.0
4150266835.0
4158415050.0
4167308258.0
4175416126.0
4183470906.0
4191470476.0
4199419436.0
4207416528.0
4215444057.0
4232371519.0
4241382935.0
4251438050.0
4259419570.0
4267422679.0
4276221038.0
4285269261.0
4295205107.0
4304334731.0
4313284920.0
4322358625.0
4331422421.0
4339427300.0
4348264943.0
4356426606.0
4365349544.0
4374424311.0
4383088535.0
4391550319.0
4399428496.0
4407427004.0
4415427281.0
4423426497.0
4431435976.0
4439433068.0
4447427683.0
4455437163.0
4463428592.0
4471429577.0
4480224397.0
4488429592.0
4498274481.0
4506429774.0
4515564353.0
4523431204.0
4531431481.0
4539459011.0
4547435930.0
4555431960.0
4563432237.0
4571433223.0
4579441994.0
4588405632.0
4597436160.0
4605434314.0
4613434591.0
4621435222.0
4629435500.0
4637435777.0
4645445257.0
4653436686.0
4661437318.0
4669437595.0
4678204455.0
4686437963.0
4694437887.0
4703439040.0
4712249432.0
4721307211.0
4729440207.0
4738404198.0
4747440389.0
4755438543.0
4764404658.0
4773447573.0
4784441982.0
4793299445.0
4801443058.0
4809442982.0
4817444321.0
4826317710.0
4834447167.0
4843407265.0
4851973101.0
4859446397.0
4867445613.0
4875631342.0
4885304936.0
4894291932.0
4902470229.0
4911349635.0
4920289206.0
4929305931.0
4937448483.0
4946386285.0
4957617818.0
4967240447.0
4975450597.0
4983676673.0
4991482297.0
4999451430.0
5008255451.0
5017319955.0
5025453305.0
5033452874.0
5042352453.0
5050495005.0
5059279207.0
5067454673.0
5075455304.0
5084132624.0
5093308965.0
5101487616.0
5110387903.0
5120267830.0
5129313222.0
5138338087.0
5149118731.0
5158307105.0
5166472661.0
5175406570.0
5184476029.0
5193135298.0
5202155562.0
5210461270.0
5219429508.0
5228472423.0
5246363599.0
5255509857.0
5264395987.0
5274313075.0
5285260413.0
5294436754.0
5303496657.0
5311465082.0
5319465714.0
5328404577.0
5337466250.0
5345466881.0
5353497241.0
5362423010.0
5371470879.0
5379599275.0
5387468603.0
5395612924.0
5404135582.0
5412562683.0
5421308308.0
5429470325.0
5437470603.0
5453533093.0
5461477806.0
5470169282.0
5479197686.0
5487472602.0
5495474295.0
5504269823.0
5512504747.0
5520474587.0
5529340190.0
5537474602.0
5545475587.0
5554311461.0
5562506392.0
5570476587.0
5578512256.0
5586483512.0
5595286826.0
5603527413.0
5612411065.0
5621479108.0
5629479032.0
5637479309.0
5645479940.0
5654408894.0
5664305455.0
5673205388.0
5682315901.0
5691302897.0
5700147618.0
5708486948.0
5717163559.0
5725483069.0
5734358581.0
5743483959.0
5752135442.0
5760511225.0
5768484959.0
5780243473.0
5789171719.0
5798286125.0
5806487073.0
5815257826.0
5824130153.0
5833214476.0
5841625651.0
5850528768.0
5858489407.0
5866488977.0
5875142938.0
5883541017.0
5891490685.0
5900274887.0
5909182605.0
5917491852.0
5926322771.0
5935171740.0
5947317792.0
5956410609.0
5966197810.0
5975356455.0
5984304521.0
5993495373.0
6002197820.0
6010528301.0
6018515484.0
6026489218.0
6035159459.0
6044110709.0
6051489864.0
6059492972.0
6068508636.0
6078224699.0
6086542440.0
6095517756.0
6103529713.0
6112090240.0
6123523505.0
6131492992.0
6140206765.0
6148543971.0
6156539293.0
6165152200.0
6174191222.0
6183402601.0
6191547984.0
6199712832.0
6209210529.0
6218179476.0
6226497570.0
6234497848.0
6242573863.0
6250504065.0
6258508236.0
6266537180.0
6275500110.0
6284167520.0
6293170088.0
6302183982.0
6310507739.0
6319141526.0
6328127815.0
6337210722.0
6346158433.0
6354550142.0
6364163570.0
6373178525.0
6382164460.0
6391245951.0
6399508481.0
6408168458.0
6416652185.0
6425506463.0
6434222713.0
6443172902.0
6451512585.0
6460141064.0
6469193888.0
6478237511.0
6486513843.0
6495319988.0
6504202933.0
6512511117.0
6521185605.0
6530194190.0
6538510869.0
6547160229.0
6556138023.0
6565199695.0
6573539379.0
6582173166.0
6591320840.0
6600193875.0
6608522233.0
6616572413.0
6624642766.0
6633542344.0
6642515892.0
6652180637.0
6660516781.0
6670215857.0
6679267620.0
6688539164.0
6698260537.0
6707221697.0
6715521741.0
6725224356.0
6734270102.0
6742523076.0
6751522813.0
6761226844.0
6769524057.0
6779614564.0
6788590588.0
6797614746.0
6806524942.0
6815523263.0
6825249590.0
6833528046.0
6842549726.0
6852205270.0
6861228719.0
6869525933.0
6879355957.0
6887526822.0
6897616268.0
6907203506.0
6915527616.0
6924556375.0
6934220413.0
6942528243.0
6951530104.0
6961261740.0
6970257938.0
6979198217.0
6988151591.0
6997213971.0
7006211231.0
7015544003.0
7025261482.0
7034246709.0
7042532950.0
7052194511.0
7061496846.0
7070534452.0
7080194243.0
7089201766.0
7098225570.0
7107323342.0
7117253525.0
7128347738.0
7136565674.0
7146264750.0
7155441091.0
7164209367.0
7176147317.0
7186244902.0
7194562289.0
7204194120.0
7214272240.0
7222632096.0
7232200577.0
7240598302.0
7250248184.0
7260247380.0
7280309832.0
7289237017.0
7298306829.0
7307243569.0
7316205083.0
7325255076.0
7334261538.0
7343232254.0
7352408241.0
7362240389.0
7371375676.0
7380219336.0
7389259773.0
7397559818.0
7406269344.0
7415369593.0
7423557800.0
7432357220.0
7441257861.0
7450343599.0
7466258153.0
7475238070.0
7484170917.0
7493290632.0
7502257101.0
7510655888.0
7519594398.0
7528238803.0
7537264022.0
7545562297.0
7553563282.0
7562259005.0
7570564358.0
7579222212.0
7588205315.0
7597264864.0
7605564909.0
7613565540.0
7622262325.0
7631250029.0
7639717829.0
7648593342.0
7657269599.0
7665568582.0
7673608144.0
7682253257.0
7690571706.0
7699226728.0
7708213370.0
7717263363.0
7726246113.0
7735313094.0
7744237093.0
7753270098.0
7761571912.0
7769573251.0
7778222965.0
7786573620.0
7795234305.0
7804239351.0
7813274125.0
7822255813.0
7831266521.0
7840367478.0
7849327577.0
7858254053.0
7866577456.0
7875385017.0
7884267961.0
7892587471.0
7901256650.0
7910268067.0
7919268512.0
7927586606.0
7936218624.0
7945282774.0
7953609362.0
7961585927.0
7969584435.0
7980583091.0
7988581953.0
7997259980.0
8006272458.0
8014583120.0
8023311757.0
8032220184.0
8040584641.0
8049300184.0
8058258158.0
8067396277.0
8075586253.0
8084244815.0
8093267911.0
8102297377.0
8110587158.0
8119304469.0
8128225283.0
8137334026.0
8146371986.0
8155387650.0
8164222816.0
8173403758.0
8182274315.0
8191437562.0
8200219994.0
8209288391.0
8218269724.0
8227247519.0
8236227790.0
8245308574.0
8254274689.0
8263260977.0
8272358041.0
8282601794.0
8301494907.0
8314087602.0
8322711834.0
8332007091.0
8341291023.0
8350299962.0
8359473825.0
8367986574.0
8376634872.0
8387273949.0
8396238295.0
8405301736.0
8414297227.0
8423297671.0
8432236889.0
8441284051.0
8450300422.0
8459493043.0
8470294922.0
8480628215.0
8488604073.0
8497291656.0
8506292808.0
8515296084.0
8523605685.0
8531605254.0
8539605178.0
8547606871.0
8555610688.0
8564246953.0
8572607517.0
8581299701.0
8590285989.0
8599322887.0
8607608775.0
8615609407.0
8623608976.0
8632245595.0
8641339828.0
8650455649.0
8659263210.0
8668249144.0
8678240201.0
8686613506.0
8695365148.0
8704246677.0
8713304810.0
8721613348.0
8730286067.0
8739410736.0
8748314916.0
8757283508.0
8765616113.0
8774306881.0
8783292108.0
8793352886.0
8801651869.0
8810315385.0
8819290702.0
8827620830.0
8836252140.0
8845369731.0
8853619873.0
8861619797.0
8869625737.0
8877620706.0
8885629831.0
8894327324.0
8903304056.0
8912255307.0
8921298221.0
8930318486.0
8939376619.0
8948295309.0
8957343533.0
8966320973.0
8975329912.0
8984256742.0
8993331509.0
9002330185.0
9011301254.0
9020262415.0
9029301082.0
9038310375.0
9047409917.0
9056285429.0
9065332945.0
9074339406.0
9083300566.0
9092272344.0
9101312782.0
9110331630.0
9119302700.0
9128270231.0
9137315623.0
9148050611.0
9155633268.0
9164261746.0
9173315987.0
9182334835.0
9191388013.0
9200274497.0
9209309626.0
9218317149.0
9227304853.0
9236271676.0
9245339011.0
9254339810.0
9263488546.0
9272365120.0
9281345037.0
9291436606.0
9300082073.0
9318369989.0
9327292218.0
9336107919.0
9345112611.0
9354086512.0
9363248696.0
9373450687.0
9382652864.0
9391313903.0
9400286035.0
9409404334.0
9418313822.0
9427303296.0
9436284275.0
9445371076.0
9454317725.0
9472414173.0
9481516899.0
9491330998.0
9500265614.0
9508185199.0
9517076283.0
9526087700.0
9535090622.0
9544190517.0
9553127965.0
9562195654.0
9571198576.0
9579448719.0
9588657266.0
9598499324.0
9606647892.0
9616114445.0
9624653029.0
9633646042.0
9645397832.0
9654473661.0
9662647357.0
9672492600.0
9682185659.0
9690648859.0
9699648950.0
9709480391.0
9717649486.0
9726649931.0
9736428284.0
9745478985.0
9753650912.0
9762668698.0
9772485628.0
9781335305.0
9790674447.0
9800429088.0
9809478019.0
9818089156.0
9827405295.0
9836654896.0
9846470764.0
9855623393.0
9863661186.0
9873320977.0
9882656580.0
9892471387.0
9901502976.0
9909657561.0
9919466705.0
9927663052.0
9937492015.0
9946471225.0
9954660139.0
9963696330.0
9973496979.0
9983181190.0
9995326535.0
10003661972.0
10012326196.0
10021365218.0
10031491824.0
10040441305.0
10048664196.0
10057664641.0
10067484756.0
10075665531.0
10085665789.0
10095595618.0
10104471130.0
10112666770.0
10122507058.0
10130667659.0
10140484235.0
10149479371.0
10157669702.0
10166676517.0
10175693596.0
10183669453.0
10191701229.0
10199670716.0
10208337418.0
10216671085.0
10224672070.0
10233164645.0
10242372485.0
10250678192.0
10259349495.0
10267673252.0
10275673529.0
10284335984.0
10292674251.0
10300680545.0
10308675160.0
10316675084.0
10324681378.0
10332685902.0
10341357205.0
10349677423.0
10357679824.0
10367404381.0
10376139035.0
10384312378.0
10392685329.0
10401186044.0
10410354599.0
10418680480.0
10426680049.0
10434681388.0
10442681312.0
10450686544.0
10458681867.0
10466697009.0
10475685067.0
10486683369.0
10495117548.0
10503485544.0
10511714098.0
10519721454.0
10527691648.0
10535685201.0
10544319697.0
10552686277.0
10560697880.0
10569404929.0
10578316894.0
10586687368.0
10594687646.0
10602709158.0
10610688909.0
10619696786.0
10628689090.0
10637373134.0
10645689813.0
10654696628.0
10663691764.0
10672187525.0
10680691425.0
10689255137.0
10697692147.0
10705693133.0
10714697117.0
10722693147.0
10730697671.0
10739693869.0
10747694147.0
10755701503.0
10764161163.0
10773367234.0
10782393160.0
10790704884.0
10799703560.0
10807696759.0
10815719687.0
10824544589.0
10833698280.0
10842401789.0
10850734748.0
10859699093.0
10867702910.0
10875702479.0
10883700633.0
10892262930.0
10901385830.0
10909701801.0
10918188005.0
10927353021.0
10935708277.0
10943725188.0
10951731482.0
10959703446.0
10967704432.0
10975728068.0
10984114468.0
10996188322.0
11004706025.0
11014575334.0
11023532955.0
11031735319.0
11040707096.0
11050519779.0
11059498635.0
11067709139.0
11078466070.0
11087520664.0
11095709579.0
11105531817.0
11113710115.0
11123536600.0
11132524658.0
11140711449.0
11149712602.0
11159572356.0
11167738620.0
11178623669.0
11186715257.0
11195713932.0
11206197286.0
11214714635.0
11224499359.0
11232715879.0
11241745345.0
11251524052.0
11260498307.0
11268721198.0
11278744107.0
11287718008.0
11296366660.0
11304718376.0
11312718300.0
11320719285.0
11328727349.0
11336730811.0
11344726488.0
11353416548.0
11362419471.0
11370722700.0
11379404267.0
11388388431.0
11396728469.0
11404725915.0
11412723007.0
11421207796.0
11428729225.0
11436727379.0
11444725179.0
11453192272.0
11462480096.0
11478332714.0
11487368197.0
11495726992.0
11503727623.0
11512196840.0
11519731363.0
11528360904.0
11536731732.0
11544729178.0
11552736534.0
11560729733.0
11569269025.0
11578356179.0
11587085524.0
11596731512.0
11605417326.0
11613731527.0
11621732158.0
11629732436.0
11637733067.0
11645740069.0
11653735038.0
11662220534.0
11674449403.0
11683735105.0
11691736444.0
11700173808.0
11707736291.0
11716146758.0
11723741093.0
11732361432.0
11740397455.0
11748737846.0
11756745202.0
11764738401.0
11773201247.0
11782191074.0
11790740276.0
11799546067.0
11808170653.0
11815740922.0
11823740845.0
11832034873.0
11840391898.0
11848742199.0
11857201860.0
11864745231.0
11872743385.0
11881466006.0
11889747293.0
11898223234.0
11907211646.0
11915418610.0
11923745199.0
11931745830.0
11939746107.0
11947752401.0
11955746662.0
11963750125.0
11974292937.0
11981747830.0
11989748815.0
11999425594.0
12007749351.0
12016149907.0
12023749906.0
12032153294.0
12041420591.0
12049750719.0
12058170033.0
12065751628.0
12073752259.0
12082416837.0
12090753689.0
12099292273.0
12108188313.0
12116280609.0
12124185329.0
12133471384.0
12142426174.0
12151163659.0
12159314705.0
12168162966.0
12175755885.0
12184381179.0
12193218468.0
12201177338.0
12209441283.0
12218190447.0
12226185770.0
12235410952.0
12244130741.0
12252156146.0
12260400980.0
12269200754.0
12278113782.0
12287178993.0
12295166884.0
12303332794.0
12312174331.0
12321224324.0
12329433412.0
12338199918.0
12346189932.0
12354184547.0
12362308341.0
12371387001.0
12380148553.0
12388152369.0
12396176005.0
12404149385.0
12412148247.0
12420186039.0
12428153049.0
12436305864.0
12445458139.0
12454435226.0
12463282425.0
12471329065.0
12480453027.0
12489445686.0
12498233427.0
12506277944.0
12514319276.0
12523597191.0
12532149578.0
12540173214.0
12548444591.0
12557196233.0
12565207128.0
12573493723.0
12582593619.0
12591317655.0
12600174056.0
12608448618.0
12617199198.0
12625207970.0
12633222758.0
12641208171.0
12649681281.0
12659684724.0
12668463971.0
12678663838.0
12691263612.0
12700564532.0
12709659472.0
12718509149.0
12728309091.0
12736635679.0
12745656651.0
12754551983.0
12763724785.0
12774433583.0
12784358812.0
12792455354.0
12801312817.0
12809320173.0
12817357611.0
12825318958.0
12833548219.0
12842710758.0
12852460090.0
12861316491.0
12869523101.0
12879671297.0
12888539023.0
12897637856.0
12906534604.0
12916145200.0
12924302971.0
12932421810.0
12941319973.0
12949329452.0
12957310618.0
12965385926.0
12974738872.0
12987438449.0
12996455882.0
13005464821.0
13014342457.0
13023581088.0
13032336976.0
13040270717.0
13048317358.0
13056334270.0
13064305526.0
13072574426.0
13081543372.0
13090645745.0
13099530459.0
13108718126.0
13117536304.0
13126730695.0
13138438599.0
13147531770.0
13157321802.0
13165565574.0
13175374718.0
13184500095.0
13193616978.0
13202546994.0
13212453818.0
13221321898.0
13229520723.0
13239466832.0
13248546200.0
13257613889.0
13266563724.0
13276310224.0
13284482151.0
13293477995.0
13302328734.0
13311586830.0
13320299187.0
13328282830.0
13336335841.0
13344327624.0
13352288263.0
13360585830.0
13369676524.0
13387302616.0
13395580718.0
13404335191.0
13412272472.0
13420292568.0
13428305233.0
13436278259.0
13444307203.0
13452305711.0
13462632988.0
13472506899.0
13490516282.0
13499473549.0
13508430463.0
13517471608.0
13526584598.0
13535655826.0
13544431180.0
13553515857.0
13562485865.0
13571731574.0
13581329076.0
13589470566.0
13598525868.0
13607472871.0
13616428369.0
13625476946.0
13634510305.0
13643503672.0
13652429087.0
13661476956.0
13670549600.0
13679222672.0
13688194096.0
13697593405.0
13706285942.0
13715421937.0
13724209324.0
13733226403.0
13742279228.0
13751358242.0
13760197655.0
13769216150.0
13780153224.0
13788541040.0
13799581812.0
13809466694.0
13818476695.0
13827587561.0
13836494926.0
13845468827.0
13854464671.0
13863619070.0
13872497060.0
13884645590.0
13893563926.0
13903481014.0
13912442528.0
13921492521.0
13930467484.0
13939465452.0
13948470144.0
13957486869.0
13966469264.0
13975462630.0
13984456351.0
13996166025.0
14004191430.0
14012427416.0
14021461129.0
14030471130.0
14039460603.0
14048497501.0
14057460077.0
14066471493.0
14075456720.0
14084423189.0
14093489816.0
14102559982.0
14111458146.0
14120413643.0
14129459035.0
14138483546.0
14147456386.0
14157152984.0
14165633526.0
14174690243.0
14184237489.0
14192575757.0
14201210960.0
14211348538.0
14220199276.0
14229616280.0
14238615663.0
14247319526.0
14256597442.0
14265203978.0
14274619920.0
14284265908.0
14293245118.0
14302223267.0
14311608772.0
14320579134.0
14329218231.0
14340615750.0
14349652649.0
14358207513.0
14367739540.0
14376187876.0
14386616727.0
14395614694.0
14404178406.0
14414190698.0
14422203008.0
14431601963.0
14440599577.0
14449218500.0
14458207973.0
14467604096.0
14476169224.0
14486238850.0
14496631956.0
14507632027.0
14516263338.0
14525628316.0
14534710162.0
14544208921.0
14553657778.0
14562208041.0
14572101063.0
14581639460.0
14591212896.0
14600579290.0
14609210246.0
14618651317.0
14627623095.0
14636166987.0
14645219812.0
14654653096.0
14663651772.0
14672179738.0
14682651413.0
14691754494.0
14700188319.0
14709206105.0
14717461203.0
14726233018.0
14734232587.0
14742204551.0
14751325328.0
14760191638.0
14768169973.0
14776168481.0
14784504271.0
14793321741.0
14802217427.0
14810254158.0
14819469076.0
14828170815.0
14836176048.0
14844314353.0
14853209684.0
14861220933.0
14869231474.0
14877131239.0
14885321924.0
14896192108.0
14905226883.0
14913215128.0
14921223191.0
14929224176.0
14937247105.0
14945239596.0
14954515034.0
14963211818.0
14971442141.0
14980460990.0
14989549206.0
14998247053.0
15007231571.0
15015345456.0
15024225569.0
15032214167.0
15040330175.0
15049257360.0
15057461847.0
15066212427.0
15074276409.0
15082463908.0
15091462584.0
15101222533.0
15109229181.0
15117214948.0
15125210270.0
15135348202.0
15144266538.0
15152171259.0
15160207989.0
15168204020.0
15176222347.0
15184212361.0
15193481074.0
15202461700.0
15211444095.0
15220170609.0
15228199907.0
15236174349.0
15244232315.0
15252197555.0
15260427878.0
15269224821.0
15278193059.0
15287467789.0
15296244205.0
15304187502.0
15312194150.0
15320177085.0
15328196120.0
15336226127.0
15344180041.0
15352303128.0
15361490794.0
15370468235.0
15379442844.0
15388192008.0
15396228739.0
15404174159.0
15412426071.0
15421235047.0
15429306108.0
15437221446.0
15445290383.0
15455221628.0
15463444872.0
15472231552.0
15480454089.0
15497262634.0
15505230352.0
15513232753.0
15521226660.0
15529478218.0
15538212163.0
15546221289.0
15554259081.0
15562216181.0
15570216459.0
15578305215.0
15587468815.0
15596183650.0
15604204101.0
15612195176.0
15620177050.0
15628201394.0
15636203087.0
15644214336.0
15652277964.0
15661484742.0
15670564464.0
15679215240.0
15687340804.0
15696197913.0
15704205622.0
15712218287.0
15720315184.0
15729461442.0
15738219454.0
15746295470.0
15754237351.0
15762214624.0
15770238614.0
15778415495.0
15786617859.0
15795341188.0
15804231918.0
15812175923.0
15821470826.0
15830228485.0
15839221497.0
15847204433.0
15855350524.0
15864228514.0
15872200478.0
15880038662.0
15888329150.0
15897464791.0
15907167406.0
15915583889.0
15924235019.0
15932524800.0
15941233264.0
15949234957.0
15957224617.0
15965239405.0
15973264102.0
15982219954.0
15990577333.0
15999594412.0
16008131580.0
16018224919.0
16026226258.0
16034235383.0
16042228936.0
16051060917.0
16059332294.0
16068210638.0
16076434237.0
16086223207.0
16095657199.0
16104203570.0
16112188629.0
16120180412.0
16128235901.0
16136182383.0
16144191508.0
16152459346.0
16161184090.0
16169493337.0
16178474316.0
16187472284.0
16196191365.0
16204430536.0
16213487608.0
16222231109.0
16230223247.0
16238243343.0
16247224323.0
16256613014.0
16265671501.0
16274239106.0
16284217422.0
16293639735.0
16302225036.0
16311762726.0
16320224156.0
16329650009.0
16339359702.0
16348453580.0
16357276713.0
16366299101.0
16375385547.0
16384617100.0
16393293711.0
16402275752.0
16411265226.0
16420370784.0
16429285935.0
16447430161.0
16456383889.0
16465384687.0
16474272233.0
16483536699.0
16494420333.0
16503580748.0
16512301953.0
16521235507.0
16530336818.0
16539426096.0
16548302670.0
16557249320.0
16566306038.0
16575500783.0
16584564932.0
16593253577.0
16602293307.0
16611454783.0
16620289241.0
16629234475.0
16638673423.0
16647780750.0
16659500688.0
16668491223.0
16678517671.0
16687331602.0
16695502113.0
16704499019.0
16713351881.0
16721360298.0
16729602301.0
16738682377.0
16747532053.0
16756774223.0
16765595586.0
16775394466.0
16783732734.0
16792653193.0
16802346606.0
16810489866.0
16819345559.0
16827485280.0
16836488202.0
16845385303.0
16853353020.0
16861386212.0
16869350744.0
16877431007.0
16886346158.0
16895539487.0
16904309532.0
16912630458.0
16922520648.0
16931517554.0
16940321575.0
16948678600.0
16957722577.0
16966664272.0
16978637613.0
16987569045.0
16997356245.0
17005717163.0
17015513212.0
17024334929.0
17032643114.0
17041715050.0
17050662407.0
17059693643.0
17068639231.0
17079528173.0
17088719379.0
17098538786.0
17108685212.0
17119503016.0
17128320487.0
17138360384.0
17146583982.0
17155387296.0
17163478884.0
17172526753.0
17181570730.0
17190353162.0
17199512162.0
17208358653.0
17216370256.0
17224317092.0
17232344621.0
17240515486.0
17249734651.0
17258645555.0
17268354187.0
17276550180.0
17286614143.0
17297526444.0
17307627922.0
17316522900.0
17325496093.0
17335330011.0
17343616253.0
17352494596.0
17361507074.0
17370506104.0
17379422316.0
17388276594.0
17397662808.0
17407489647.0
17416516636.0
17425519204.0
17434503015.0
17443493550.0
17461701835.0
17473374701.0
17481363653.0
17489515053.0
17506511882.0
17515491092.0
17524498616.0
17533525604.0
17542568873.0
17551495703.0
17560475267.0
17569523137.0
17578160109.0
17587267083.0
17596357423.0
17605321060.0
17614305933.0
17623375038.0
17632384330.0
17643515351.0
17652625510.0
17661252219.0
17670313538.0
17679771596.0
17689529068.0
17698542608.0
17707493859.0
17716470237.0
17725519522.0
17734597475.0
17743477234.0
17752464230.0
17761525549.0
17770503343.0
17779176415.0
17791630375.0
17800492085.0
17809529691.0
17818513856.0
17827473246.0
17836472630.0
17845520499.0
17854537224.0
17863493076.0
17872462022.0
17882553237.0
17892354240.0
17900468833.0
17909524135.0
17918524226.0
17927517592.0
17936468489.0
17945515297.0
17954553257.0
17963511232.0
17972491857.0
17981382942.0
17990467265.0
18000129533.0
18008324465.0
18016489313.0
18025660346.0
18034529134.0
18043482862.0
18052463487.0
18061559136.0
18070625409.0
18079172133.0
18088371479.0
18097347857.0
18106275749.0
18115402542.0
18124355563.0
18132217105.0
18141255065.0
18150716309.0
18159369562.0
18168645707.0
18178164994.0
18187221003.0
18196604032.0
18205274273.0
18215305676.0
18225487493.0
18235219129.0
18244637195.0
18253272752.0
18262732226.0
18271223386.0
18280447152.0
18290722757.0
18300430327.0
18311482778.0
18320336348.0
18328473945.0
18339625847.0
18348541706.0
18357511006.0
18366507911.0
18375654170.0
18384514818.0
18393510308.0
18402505090.0
18411299556.0
18419372740.0
18427505382.0
18436463357.0
18445521136.0
18454731100.0
18463489466.0
18482666773.0
18492510601.0
18501526618.0
18517307391.0
18526287308.0
18535362430.0
18544382694.0
18553305985.0
18562307845.0
18571269713.0
18580609564.0
18589302456.0
18598689377.0
18607263353.0
18616379882.0
18625354491.0
18634465712.0
18643185501.0
18651355658.0
18660637113.0
18669671534.0
18678563680.0
18688214269.0
18697666311.0
18706240287.0
18715635703.0
18724222065.0
18733250116.0
18742761616.0
18751638544.0
18760198717.0
18769663146.0
18779235519.0
18788457162.0
18797253043.0
18805256860.0
18813258553.0
18821247859.0
18829250968.0
18837245583.0
18845247630.0
18853263126.0
18861489202.0
18870239782.0
18878272619.0
18886247415.0
18895105585.0
18903361390.0
18912243981.0
18920208867.0
18928299393.0
18937512542.0
18946483966.0
18955245163.0
18963350907.0
18971496291.0
18980452142.0
18989314914.0
18997259626.0
19005268044.0
19014563301.0
19023357412.0
19032222661.0
19040479882.0
19049277179.0
19057257637.0
19065264639.0
19073246159.0
19081511874.0
19090253960.0
19098533477.0
19107357318.0
19116228937.0
19124189222.0
19133540752.0
19142275759.0
19150249847.0
19158240923.0
19166307029.0
19174260943.0
19182372350.0
19191622306.0
19200268127.0
19208653465.0
19217374670.0
19226266817.0
19234251522.0
19242242597.0
19250266587.0
19258243152.0
19266245907.0
19274293963.0
19283241675.0
19291247615.0
19299364685.0
19308234181.0
19316476183.0
19326490598.0
19335392300.0
19344225343.0
19352203677.0
19360234038.0
19368236439.0
19376471363.0
19386242637.0
19394264857.0
19402403162.0
19411481823.0
19420216830.0
19428233034.0
19436205706.0
19444212708.0
19452227496.0
19460476576.0
19469245206.0
19478184070.0
19486245928.0
19494263902.0
19510467959.0
19519180316.0
19527363214.0
19535492317.0
19544481436.0
19553291828.0
19561264146.0
19569246374.0
19578436518.0
19586523151.0
19595251080.0
19603117931.0
19611508579.0
19620495575.0
19629514069.0
19638281991.0
19647357466.0
19656376669.0
19665301375.0
19673289620.0
19681516758.0
19690245041.0
19698280002.0
19706282049.0
19714279849.0
19723521311.0
19732199692.0
19740229345.0
19748498599.0
19757291648.0
19765259366.0
19773273800.0
19781510139.0
19790272045.0
19798295681.0
19810254158.0
19818501823.0
19827362117.0
19835244540.0
19843254727.0
19851362595.0
19859262360.0
19867227246.0
19875614000.0
19884267253.0
19892500408.0
19901264083.0
19909537937.0
19918255957.0
19926246325.0
19934347115.0
19943302612.0
19951230337.0
19959377843.0
19968254064.0
19976209040.0
19984508730.0
19993554123.0
20002251615.0
