4319902.0
28922392.0
38457958.0
49347254.0
61087011.0
70062328.0
79414920.0
88408640.0
97434567.0
107358379.0
123426179.0
133090216.0
142378041.0
151422372.0
160059699.0
169393179.0
178370619.0
187048292.0
196063955.0
205434243.0
214082895.0
224061210.0
233061655.0
322438964.0
332501158.0
341052483.0
350164412.0
359397380.0
368066559.0
377374557.0
386138586.0
395360582.0
404078602.0
413059228.0
423008522.0
432162213.0
441055775.0
450393148.0
459427569.0
468107365.0
479368981.0
488059396.0
497366686.0
506452779.0
515081965.0
525377390.0
534119830.0
543968612.0
553524351.0
563083276.0
572062132.0
581070717.0
590167781.0
599081163.0
608069574.0
617252994.0
626152219.0
635097453.0
645168140.0
654141688.0
663114173.0
672447299.0
681095951.0
690443588.0
699119138.0
708508537.0
718425979.0
727439872.0
736079676.0
746348203.0
755395719.0
764142760.0
773093303.0
782497566.0
791484562.0
800086497.0
809404405.0
819035175.0
828201606.0
837399182.0
846088889.0
855502708.0
864474840.0
873088100.0
882088899.0
891449630.0
900431318.0
909072538.0
919022894.0
928404506.0
937085365.0
946098551.0
955430261.0
965095715.0
974183223.0
985430682.0
994142332.0
1003431218.0
1012345308.0
1021483426.0
1031486162.0
1040409099.0
1049077216.0
1058455290.0
1067477678.0
1076097662.0
1085407076.0
1094271263.0
1103151023.0
1112476717.0
1121479639.0
1130163329.0
1139474512.0
1148559189.0
1158467783.0
1167119267.0
1176136346.0
1185472657.0
1194487966.0
1204488225.0
1214485298.0
1224154290.0
1233158982.0
1242470520.0
1251128020.0
1260630672.0
1270502812.0
1279115365.0
1288175268.0
1297409651.0
1306173326.0
1315437793.0
1327473777.0
1337161882.0
1346495362.0
1355163833.0
1364184805.0
1373477585.0
1382480861.0
1392442896.0
1401152776.0
1410379373.0
1420183208.0
1429409806.0
1438170295.0
1447432638.0
1456483693.0
1465164552.0
1474195433.0
1483438665.0
1493094209.0
1502151988.0
1511506703.0
1521061381.0
1530157029.0
1539459011.0
1548231533.0
1557561120.0
1567507937.0
1576200121.0
1593502380.0
1602201642.0
1610264563.0
1619531861.0
1628244926.0
1637503375.0
1647495140.0
1656254922.0
1667219248.0
1677192255.0
1686528920.0
1697266740.0
1706498292.0
1715207464.0
1725192504.0
1734508642.0
1743309124.0
1756256090.0
1765557363.0
1774216633.0
1783512244.0
1792216107.0
1801518442.0
1810206025.0
1819526410.0
1832326854.0
1842569899.0
1852564849.0
1861212085.0
1871186862.0
1881556609.0
1891515105.0
1900297537.0
1909545016.0
1918529534.0
1927148458.0
1935520347.0
1944241906.0
1953518052.0
1962201388.0
1970285897.0
1979543639.0
1991531137.0
2000190407.0
2008222183.0
2017190775.0
2027166967.0
2036629627.0
2045495938.0
2054154853.0
2063430291.0
2072196797.0
2081479667.0
2090465956.0
2099171234.0
2108147259.0
2117571695.0
2126168322.0
2135175137.0
2144481012.0
2153489951.0
2162883243.0
2172568869.0
2182553909.0
2191137087.0
2199167447.0
2207187190.0
2217256816.0
2226184354.0
2234274526.0
2243545363.0
2254582243.0
2264531537.0
2273190806.0
2281208780.0
2291181079.0
2300536856.0
2310058973.0
2319168070.0
2327189229.0
2336538281.0
2355537215.0
2364419452.0
2374201344.0
2382246215.0
2391538994.0
2400235425.0
2409566074.0
2418187120.0
2426271276.0
2435548483.0
2446592087.0
2456189235.0
2464190220.0
2474289575.0
2483550502.0
2492269584.0
2501541482.0
2512327435.0
2521584469.0
2530199145.0
2538181727.0
2546309414.0
2555555123.0
2565208189.0
2574180321.0
2582363219.0
2591552302.0
2600192460.0
2608201231.0
2617173717.0
2628395694.0
2638348174.0
2648188462.0
2656196525.0
2664254845.0
2673550102.0
2682247241.0
2690283264.0
2698213112.0
2706185076.0
2714292944.0
2723566966.0
2732349753.0
2741555823.0
2753063411.0
2762625167.0
2772278941.0
2781555795.0
2794583453.0
2804591143.0
2814282079.0
2822306423.0
2831565227.0
2841604416.0
2853976267.0
2863558196.0
2872222067.0
2880251719.0
2889571043.0
2898182888.0
2906551592.0
2917205180.0
2928404860.0
2938216481.0
2946593326.0
2955297543.0
2965571732.0
2974222508.0
2982413192.0
2992225521.0
3000255528.0
3009589008.0
3018196959.0
3026568495.0
3037571044.0
3046199877.0
3054182105.0
3062328196.0
3071578506.0
3080199198.0
3088196644.0
3096252487.0
3108651236.0
3119222715.0
3128193077.0
3136197247.0
3144250966.0
3153570644.0
3162200184.0
3171284861.0
3180378386.0
3190220798.0
3198178959.0
3206432641.0
3217614272.0
3227582324.0
3236193461.0
3244305576.0
3254283891.0
3263190548.0
3272224261.0
3280199411.0
3288254191.0
3297573868.0
3306187837.0
3314287211.0
3322561066.0
3332255540.0
3340358100.0
3350894895.0
3368434986.0
3378183256.0
3386288292.0
3394206461.0
3402208154.0
3410291248.0
3421219475.0
3430205409.0
3438585439.0
3447573143.0
3456399461.0
3466200111.0
3474187293.0
3482343648.0
3491593250.0
3502615618.0
3512604197.0
3521585885.0
3530292933.0
3538200130.0
3546578037.0
3556201728.0
3567588630.0
3578889531.0
3588252386.0
3605588621.0
3614299209.0
3623583140.0
3632238163.0
3640220745.0
3648254998.0
3657605466.0
3666587861.0
3676653240.0
3686651375.0
3696255601.0
3705582711.0
3714587403.0
3727606921.0
3736595686.0
3745215317.0
3754200898.0
3762600039.0
3772232224.0
3780276387.0
3788596251.0
3797632088.0
3806292773.0
3814625024.0
3825588288.0
3834589087.0
3844589700.0
3854314257.0
3862253661.0
3870563261.0
3880232608.0
3888298006.0
3897617329.0
3906645380.0
3917227123.0
3926312153.0
3934599811.0
3943592470.0
3952572033.0
3964541482.0
3974302139.0
3982259947.0
3991139706.0
4000616876.0
4012332213.0
4024609568.0
4033605766.0
4042621430.0
4052618149.0
4061614347.0
4070633549.0
4080275998.0
4089600276.0
4099600535.0
4108313953.0
4118297578.0
4126629121.0
4137479132.0
4149614921.0
4158601210.0
4168605361.0
4178456267.0
4187626945.0
4199465799.0
4209624612.0
4218623995.0
4228606911.0
4237649472.0
4246226633.0
4254606309.0
4264608337.0
4274942692.0
4289512717.0
4298650482.0
4308626320.0
4318620208.0
4327625254.0
4337187010.0
4346292922.0
4354615263.0
4363616416.0
4372617568.0
4391181539.0
4400613054.0
4411069156.0
4420617464.0
4429651884.0
4439618167.0
4448616488.0
4457631090.0
4466294606.0
4474619071.0
4483616685.0
4492320902.0
4502295324.0
4510623682.0
4520618278.0
4529621200.0
4538341697.0
4547625275.0
4556291623.0
4564604054.0
4573623257.0
4582234748.0
4590605929.0
4599614160.0
4608245825.0
4616995343.0
4625606480.0
4634274243.0
4642612865.0
4651625697.0
4660607738.0
4669645344.0
4678632340.0
4687632077.0
4696610933.0
4705629782.0
4714615008.0
4723609790.0
4732292772.0
4740244917.0
4748260767.0
4756614253.0
4765234946.0
4774624698.0
4783479330.0
4793616200.0
4804229795.0
4814173781.0
4822616453.0
4831635656.0
4840616989.0
4849639377.0
4858634159.0
4867629295.0
4876290688.0
4884243187.0
4892255852.0
4900619601.0
4909641635.0
4918242508.0
4927640047.0
4936646155.0
4945651908.0
4954646337.0
4963620592.0
4972345690.0
4982219600.0
4990626527.0
4999620956.0
5008625648.0
5018190943.0
5026628661.0
5036291283.0
5044624242.0
5053243873.0
5062390485.0
5071645396.0
5080627791.0
5089641685.0
5098630804.0
5107665225.0
5117140625.0
5126179647.0
5134632230.0
5143626658.0
5152495800.0
5162173287.0
5170640026.0
5179630207.0
5188300448.0
5199633201.0
5208631876.0
5217647540.0
5226630289.0
5235649491.0
5244309469.0
5252633579.0
5262087391.0
5270281261.0
5279207029.0
5288635713.0
5298088463.0
5306274900.0
5314319771.0
5323638033.0
5332636354.0
5342171567.0
5350252537.0
5359252628.0
5368638134.0
5377336688.0
5388288273.0
5397662100.0
5406643079.0
5415292439.0
5426188106.0
5434649536.0
5443641841.0
5454108915.0
5462257129.0
5472140949.0
5480647681.0
5493271167.0
5502664813.0
5512099867.0
5520646237.0
5529649513.0
5539648356.0
5548294884.0
5556282421.0
5565648461.0
5574648906.0
5583653244.0
5594285951.0
5610671213.0
5620084324.0
5630166691.0
5638656789.0
5647651217.0
5656648477.0
5666304374.0
5675666168.0
5686102805.0
5694267299.0
5702282441.0
5711074784.0
5719656545.0
5730661218.0
5739666264.0
5748658215.0
5757657598.0
5766652026.0
5776094867.0
5784337931.0
5794089386.0
5802659822.0
5812096292.0
5820310689.0
5828660282.0
5838082949.0
5846336630.0
5854663926.0
5863659416.0
5872656676.0
5882220202.0
5890664290.0
5899660134.0
5908659517.0
5917292597.0
5926661469.0
5936091568.0
5944281545.0
5952322169.0
5962097336.0
5971056727.0
5979279971.0
5988665123.0
5998100885.0
6006659643.0
6017090263.0
6026215640.0
6034668577.0
6044286606.0
6052662034.0
6062234408.0
6071095410.0
6079405010.0
6088670892.0
6098335992.0
6106670366.0
6117196898.0
6125301581.0
6134294594.0
6142293809.0
6150668176.0
6160103230.0
6170189490.0
6179670907.0
6189096406.0
6197672151.0
6206289658.0
6214290998.0
6224089170.0
6232486188.0
6242195527.0
6251081303.0
6259366483.0
6269090332.0
6278184211.0
6287079189.0
6296099807.0
6304674491.0
6314207934.0
6323081322.0
6332312167.0
6341113003.0
6350220331.0
6358390842.0
6368090271.0
6377092840.0
6386196982.0
6396208212.0
6405090802.0
6414097972.0
6422357316.0
6431089846.0
6440099493.0
6449090736.0
6458183553.0
6467085255.0
6476186920.0
6485213201.0
6496305645.0
6505317061.0
6515086920.0
6524341477.0
6534084438.0
6542304144.0
6551084099.0
6560099762.0
6569089943.0
6578191254.0
6587089771.0
6596101541.0
6605102694.0
6614213207.0
6623085180.0
6632140482.0
6640331167.0
6649111475.0
6658107673.0
6667062817.0
6676103962.0
6684569286.0
6695108205.0
6704102633.0
6712312075.0
6720325093.0
6731085918.0
6741098209.0
6751171374.0
6760112007.0
6769112806.0
6778105465.0
6787057069.0
6796198727.0
6805116001.0
6814239963.0
6822347477.0
6830316964.0
6838316887.0
6846317165.0
6854317796.0
6862317720.0
6870320829.0
6879057606.0
6888187584.0
6897111229.0
6906093270.0
6914320408.0
6922320332.0
6930330519.0
6939058802.0
6947324163.0
6956375572.0
6965107394.0
6974219323.0
6982374969.0
6991350640.0
7000327373.0
7008324819.0
7017106543.0
7025337220.0
7034202469.0
7045217759.0
7054326857.0
7063052662.0
7071348814.0
7080215478.0
7089097361.0
7097328392.0
7106238942.0
7115101360.0
7125111174.0
7133329818.0
7142247800.0
7151111279.0
7159341602.0
7168146686.0
7177124126.0
7186121385.0
7194335782.0
7203066897.0
7211358094.0
7220337657.0
7229334917.0
7238193795.0
7247117440.0
7255351656.0
7264121348.0
7272416084.0
7281355301.0
7290336281.0
7298337266.0
7306337189.0
7315100510.0
7324500527.0
7334244550.0
7343114400.0
7351357110.0
7360165378.0
7369340304.0
7380244818.0
7389340466.0
7398107680.0
7406344728.0
7414345005.0
7423076474.0
7432204682.0
7440349358.0
7449116572.0
7457400336.0
7466258507.0
7475114200.0
7484185074.0
7493114028.0
7501366648.0
7510347273.0
7518346489.0
7526354553.0
7534347398.0
7543078158.0
7553353410.0
7562262898.0
7570354486.0
7579099049.0
7590120002.0
7600218649.0
7617634869.0
7627122303.0
7635380232.0
7644359088.0
7653372627.0
7662360331.0
7670360609.0
7678364072.0
7687362393.0
7697198788.0
7706362388.0
7714362312.0
7725219755.0
7734378047.0
7742371600.0
7751198980.0
7760364350.0
7769388153.0
7778366655.0
7786365871.0
7796365775.0
7806174211.0
7817508026.0
7827179850.0
7836368578.0
7845367961.0
7854382917.0
7862369038.0
7870370023.0
7878369593.0
7886393582.0
7895371023.0
7904384563.0
7914176364.0
7922371650.0
7931373156.0
7940390943.0
7950276886.0
7958373429.0
7966376538.0
7976217534.0
7987182214.0
7996374836.0
8006303249.0
8014390944.0
8025213703.0
8033376782.0
8041377060.0
8050378213.0
8060301671.0
8070225130.0
8079221328.0
8089222294.0
8098380585.0
8108383675.0
8118225379.0
8126381733.0
8136275463.0
8146241037.0
8155396144.0
8164382432.0
8174308368.0
8182388630.0
8190385723.0
8198405112.0
8206388755.0
8217238412.0
8226219392.0
8237214155.0
8246391558.0
8254386173.0
8264210535.0
8272387063.0
8282363609.0
8290388660.0
8301236548.0
8310388823.0
8319172671.0
8327390253.0
8336389636.0
8344390268.0
8354343809.0
8362390804.0
8371682521.0
8383267263.0
8393248056.0
8402392899.0
8410393176.0
8419407070.0
8429220814.0
8437417515.0
8447545537.0
8462436919.0
8471411174.0
8480395339.0
8490221824.0
8498397290.0
8506400399.0
8514397137.0
8523183463.0
8532498893.0
8541412628.0
8550399978.0
8558399548.0
8566400179.0
8574401519.0
8582406751.0
8590431095.0
8600238469.0
8611194301.0
8621226766.0
8629441517.0
8638410109.0
8646403308.0
8654403939.0
8662404925.0
8670404494.0
8678404772.0
8686405403.0
8698614453.0
8707684973.0
8717406700.0
8725446616.0
8734407422.0
8742407346.0
8751194025.0
8759424348.0
8768408867.0
8776409144.0
8785425161.0
8794410034.0
8802409604.0
8810415898.0
8819230183.0
8829246367.0
8838420231.0
8846671081.0
8856412273.0
8866277689.0
8878418787.0
8886413756.0
8894414033.0
8902414311.0
8910416004.0
8919201621.0
8927415664.0
8936415755.0
8944416387.0
8952416664.0
8962271109.0
8970418262.0
8978422078.0
8986420940.0
8995432710.0
9003419893.0
9012419630.0
9021432816.0
9030250640.0
9038427168.0
9046420721.0
9054420998.0
9062421984.0
9070443496.0
9078422185.0
9086422108.0
9094422740.0
9102422663.0
9110424710.0
9119245012.0
9129243146.0
9138237575.0
9146431444.0
9154424997.0
9162425629.0
9170426260.0
9178426538.0
9187219588.0
9195444956.0
9204427705.0
9214256668.0
9223217474.0
9231430101.0
9240429131.0
9249445502.0
9259221023.0
9269243932.0
9278430891.0
9286498412.0
9295445062.0
9303431537.0
9311435707.0
9321253699.0
9329447569.0
9337433335.0
9346436258.0
9358267325.0
9369244038.0
9378488332.0
9387483468.0
9396440381.0
9406293764.0
9414437024.0
9423248477.0
9431438454.0
9440514991.0
9450280956.0
9458442974.0
9477407577.0
9489260587.0
9497439947.0
9505458274.0
9514441377.0
9523254600.0
9531442099.0
9541312470.0
9551283353.0
9561280781.0
9570208319.0
9580335987.0
9589467027.0
9598444467.0
9606444745.0
9614445376.0
9629460982.0
9638446916.0
9646447194.0
9654447117.0
9662462259.0
9670448380.0
9678447950.0
9686448935.0
9699117722.0
9707450681.0
9716449710.0
9724450341.0
9732466191.0
9742177300.0
9753662591.0
9763662849.0
9773452174.0
9781452805.0
9790453604.0
9798537406.0
9808309034.0
9817295322.0
9826454676.0
9834454953.0
9842471157.0
9850456216.0
9863684544.0
9873456881.0
9883250098.0
9891460602.0
9900481928.0
9909492636.0
9919257186.0
9927458842.0
9935510437.0
9944462396.0
9952495588.0
9962226870.0
9970461086.0
9978479059.0
9986463410.0
9994462626.0
10002477768.0
10010466012.0
10021463607.0
10030464405.0
10038480609.0
10046465668.0
10054464884.0
10062478256.0
10070465085.0
10078481289.0
10086465640.0
10094467687.0
10102481767.0
10111466640.0
10120300390.0
10128487889.0
10137489042.0
10147255715.0
10155469404.0
10165270054.0
10175401969.0
10185153071.0
10193473288.0
10201471796.0
10210473303.0
10219485427.0
10228486580.0
10236472700.0
10245474915.0
10254487393.0
10264304677.0
10272476603.0
10281474217.0
10290474662.0
10299094647.0
10307469368.0
10317272495.0
10325469196.0
10333469473.0
10342470626.0
10350469842.0
10358490646.0
10366470750.0
10374495802.0
10382616057.0
10391471750.0
10400472195.0
10408485567.0
10417310824.0
10426260659.0
10434485673.0
10442477102.0
10450474195.0
10458486151.0
10466475104.0
10474492015.0
10483538469.0
10492487596.0
10503087743.0
10511478036.0
10521129687.0
10529495913.0
10538495297.0
10546506192.0
10555478677.0
10564491863.0
10573523098.0
10582481427.0
10592137325.0
10600481255.0
10608495336.0
10618143093.0
10627094344.0
10635482513.0
10644496761.0
10653483049.0
10662484202.0
10670485187.0
10678500329.0
10687489803.0
10696494849.0
10706222945.0
10714498570.0
10724209678.0
10732486718.0
10741487871.0
10750487608.0
10759117857.0
10767488330.0
10775488962.0
10784501440.0
10793489498.0
10801557019.0
10810490220.0
10818503592.0
10826667025.0
10836491741.0
10846157195.0
10854504310.0
10862492908.0
10870499556.0
10879504602.0
10888528052.0
10897495228.0
10906534958.0
10915501781.0
10924509304.0
10933518243.0
10942496037.0
10951128055.0
10959508439.0
10968509945.0
10977504373.0
10986497386.0
10997523294.0
11006504273.0
11014515522.0
11023501103.0
11032195410.0
11040500055.0
11049511472.0
11058514040.0
11066501223.0
11074515303.0
11083503007.0
11092502036.0
11100503021.0
11109514791.0
11119129635.0
11127511434.0
11136504801.0
11145505246.0
11154520555.0
11162505614.0
11170505891.0
11178518202.0
11186506800.0
11194524066.0
11203506815.0
11212260580.0
11221184933.0
11229524970.0
11237508613.0
11245509245.0
11254527739.0
11263509427.0
11271509704.0
11280514396.0
11289526874.0
11299118713.0
11307542982.0
11317110047.0
11325532547.0
11334524498.0
11343125725.0
11351513541.0
11360513632.0
11369176086.0
11377514708.0
11386515153.0
11395142570.0
11403518352.0
11412516674.0
11422173633.0
11430516856.0
11438539076.0
11446528028.0
11455518209.0
11463518487.0
11471518764.0
11482519544.0
11491523174.0
11500526804.0
11509560871.0
11519203674.0
11527578395.0
11536521859.0
11545522304.0
11554536906.0
11563522840.0
11572523285.0
11580526748.0
11589564000.0
11598537547.0
11606524730.0
11614538810.0
11623530053.0
11640247996.0
11648526806.0
11659527232.0
11668528030.0
11676539987.0
11685540432.0
11694528490.0
11703144935.0
11711543369.0
11720529303.0
11728529934.0
11737222826.0
11745542336.0
11754537472.0
11763534378.0
11772532345.0
11781555795.0
11790537836.0
11798533159.0
11806545823.0
11815546976.0
11824541758.0
11834308078.0
11842550434.0
11851556541.0
11860543891.0
11870322952.0
11878544073.0
11887198742.0
11895559660.0
11905335890.0
11915252624.0
11926227921.0
11934546370.0
11943552123.0
11953248721.0
11961560799.0
11970548149.0
11980549469.0
11989571503.0
11998667505.0
12010449024.0
12022566056.0
12031550574.0
12040553497.0
12048551651.0
12058325403.0
12067552000.0
12075570327.0
12084554138.0
12093553167.0
12103195616.0
12111554411.0
12120554856.0
12130303480.0
12139602276.0
12148556358.0
12156569730.0
12165576546.0
12174556817.0
12182575852.0
12190559496.0
12198558357.0
12206572792.0
12214706142.0
12225573141.0
12234559429.0
12243263292.0
12252578015.0
12261562887.0
12271180562.0
12279565900.0
12289321603.0
12298562711.0
12308230642.0
12317237457.0
12325592358.0
12334564844.0
12344230651.0
12352580244.0
12361570780.0
12370568039.0
12378565839.0
12386580273.0
12394566394.0
12404241403.0
12412582856.0
12422341036.0
12430568528.0
12440237166.0
12448569063.0
12458336445.0
12466592250.0
12476373788.0
12485571010.0
12493571288.0
12502596861.0
12511577840.0
12531716384.0
12542405718.0
12551573565.0
12560601969.0
12569574101.0
12577578271.0
12586596766.0
12595575622.0
12605248862.0
12613576512.0
12623261784.0
12631576693.0
12640577492.0
12648577770.0
12657577861.0
12667222433.0
12675578396.0
12685340115.0
12695248001.0
12704507513.0
12714318072.0
12723581123.0
12733291878.0
12741581305.0
12750581750.0
12758585566.0
12766626898.0
12776249174.0
12787436821.0
12796327198.0
12804584419.0
12813584864.0
12823277569.0
12831585754.0
12840585845.0
12849586290.0
12859209273.0
12867587533.0
12877337573.0
12885611428.0
12894594884.0
12902605779.0
12910589423.0
12919212239.0
12927589791.0
12937297007.0
12949290876.0
12957590566.0
12967240094.0
12975591456.0
12984592609.0
12994385472.0
13003621625.0
13014300695.0
13024267331.0
13032610554.0
13041594718.0
13050596933.0
13058628355.0
13068426527.0
13076616150.0
13085596421.0
13093597407.0
13103693930.0
13114571547.0
13125605595.0
13135285559.0
13144699378.0
13154602310.0
13162616036.0
13171600201.0
13179600124.0
13188600923.0
13197601368.0
13207242755.0
13215608628.0
13224603410.0
13233602793.0
13243300453.0
13251604037.0
13263105962.0
13272328313.0
13280604999.0
13288613062.0
13297606429.0
13306629170.0
13317210205.0
13325610054.0
13335230914.0
13343609882.0
13352623422.0
13362263394.0
13370609093.0
13378610079.0
13387611231.0
13396661578.0
13406386136.0
13414611150.0
13423616904.0
13432628320.0
13442387208.0
13452520893.0
13462284735.0
13470613447.0
13478613370.0
13486637006.0
13496275916.0
13504624447.0
13514392182.0
13523304502.0
13532386348.0
13545715189.0
13554616537.0
13562633802.0
13572373225.0
13580618766.0
13589645047.0
13599246795.0
13607621516.0
13617291217.0
13625619929.0
13642175070.0
13650620928.0
13658621560.0
13666622191.0
13675624760.0
13684622373.0
13693661395.0
13705285067.0
13715284618.0
13723644828.0
13733289754.0
13741714024.0
13751284274.0
13760316925.0
13768639266.0
13778394261.0
13786627415.0
13796324367.0
13806671109.0
13817204366.0
13825631820.0
13835317801.0
13843629525.0
13853700212.0
13863303023.0
13874325391.0
13883636221.0
13892718066.0
13903252384.0
13911634538.0
13920635690.0
13930387499.0
13938636226.0
13948362553.0
13959259635.0
13969322537.0
13977635323.0
13987325904.0
13996637441.0
14006576472.0
14014640809.0
14025405526.0
14034638140.0
14044378978.0
14052639030.0
14062639288.0
14071641149.0
14080642655.0
14089657257.0
14099302183.0
14107641159.0
14117193713.0
14127671404.0
14137327656.0
14145663092.0
14155274397.0
14163649117.0
14173328728.0
14181643991.0
14191264143.0
14202302792.0
14211122031.0
14223482911.0
14231646698.0
14241325954.0
14249663160.0
14259289683.0
14267648124.0
14277315347.0
14285721566.0
14295279783.0
14306374705.0
14315675624.0
14327315931.0
14335674018.0
14345321775.0
14355690107.0
14365351313.0
14373652419.0
14382652510.0
14392344154.0
14400656585.0
14410359200.0
14419282491.0
14427654735.0
14437366905.0
14445681460.0
14454664917.0
14465730818.0
14475281248.0
14483657385.0
14493323900.0
14501658275.0
14511301078.0
14520430348.0
14528659255.0
14538316923.0
14548731617.0
14567462990.0
14578540216.0
14588388290.0
14596662853.0
14606460671.0
14615278849.0
14624663293.0
14634320960.0
14645333773.0
14655297224.0
14664407383.0
14672665312.0
14682366865.0
14690667617.0
14700523831.0
14713141301.0
14722463102.0
14733668799.0
14743299215.0
14751669688.0
14761384336.0
14772315748.0
14781670110.0
14791304419.0
14800368568.0
14808674983.0
14819343436.0
14828457488.0
14839213357.0
14848484902.0
14856673817.0
14866380679.0
14874674353.0
14884392540.0
14897316501.0
14906464529.0
14914676802.0
14925360826.0
14933699448.0
14943311814.0
14951733960.0
14960705383.0
14971685990.0
14981368077.0
14990580872.0
15001653143.0
15012437326.0
15021366280.0
15030285678.0
15039328946.0
15052640092.0
15062486396.0
15071171856.0
15079680357.0
15088679386.0
15097677708.0
15106698680.0
15115678243.0
15125678856.0
15134682486.0
15143705935.0
15152679836.0
15161679927.0
15170701253.0
15179681525.0
15188693295.0
15197681707.0
15206704094.0
15215683304.0
15227683544.0
15236703808.0
15246434028.0
15255356611.0
15264288750.0
15273684874.0
15283346434.0
15291686471.0
15300703196.0
15310405811.0
15319624622.0
15329738842.0
15339133549.0
15348485079.0
15356711155.0
15365689303.0
15375356526.0
15384453590.0
15392693823.0
15402389713.0
15411376002.0
15420469880.0
15429695770.0
15439349898.0
15447693121.0
15456714800.0
15466580217.0
15475358402.0
15483694546.0
15493418042.0
15501704992.0
15511383186.0
15522406263.0
15530710554.0
15540457055.0
15548697287.0
15558402379.0
15567674632.0
15576726395.0
15586437503.0
15594699325.0
15604414327.0
15614138885.0
15623282312.0
15632440957.0
15640729676.0
15659392743.0
15667730303.0
15677535907.0
15687743915.0
15697418216.0
15705734895.0
15714715166.0
15724525726.0
15733453264.0
15747316164.0
15756570013.0
15764734862.0
15774393591.0
15782717702.0
15792469157.0
15800721069.0
15810399264.0
15821387656.0
15830373237.0
15839402349.0
15847732830.0
15856720534.0
15866513397.0
15874738058.0
15884512517.0
15895285375.0
15904406151.0
15912733448.0
15921727522.0
15931361123.0
15939728412.0
15949443414.0
15958290259.0
15967367857.0
15978320858.0
15987359172.0
15996382976.0
16006286261.0
16015390403.0
16025543553.0
16034343682.0
16043400753.0
16055614050.0
16065414346.0
16074265792.0
16083368165.0
16091735099.0
16101733234.0
16111435849.0
16121618374.0
16131374784.0
16139742781.0
16150488387.0
16159367438.0
16168690301.0
16180269026.0
16189099237.0
16198328312.0
16208587637.0
16218279280.0
16227386608.0
16235741509.0
16246284675.0
16254737966.0
16264429255.0
16272742748.0
16282468368.0
16293305992.0
16302404826.0
16310740616.0
16320388727.0
16330502593.0
16339236539.0
16348500651.0
16357303965.0
16366486677.0
16377357569.0
16386415702.0
16395244498.0
16404474634.0
16412744596.0
16422375366.0
16431599840.0
16440328123.0
16449418816.0
16460526125.0
16470440382.0
16479389862.0
16488335450.0
16497445255.0
16505748839.0
16515388811.0
16525309792.0
16535630698.0
16545428516.0
16554249172.0
16563376319.0
16572397291.0
16582479658.0
16602113517.0
16611224384.0
16620436117.0
16630460442.0
16639229425.0
16648446113.0
16659625266.0
16669465555.0
16678293288.0
16687411587.0
16696437868.0
16705293207.0
16714284804.0
16723387531.0
16732382313.0
16741457080.0
16751641021.0
16761429992.0
16770269758.0
16779389827.0
16788357712.0
16797451944.0
16806277908.0
16815393730.0
16827335927.0
16836523948.0
16845289746.0
16854462548.0
16863278956.0
16872483965.0
16881284447.0
16890433891.0
16901336282.0
16910529965.0
16919460688.0
16928295854.0
16937474319.0
16946393009.0
16955444064.0
16964291971.0
16973466189.0
16984325048.0
16993497850.0
17002309304.0
17014485085.0
17023425365.0
17032335561.0
17041473325.0
17050306014.0
17059418296.0
17068349373.0
17077504834.0
17086311686.0
17095411228.0
17104307621.0
17113472637.0
17122466004.0
17131257284.0
17141668085.0
17151411754.0
17162524725.0
17172513658.0
17181298922.0
17190446242.0
17199511808.0
17210518958.0
17220738291.0
17230474527.0
17239270055.0
17248461260.0
17257336419.0
17266468521.0
17275285283.0
17284458439.0
17293416060.0
17303451710.0
17312308465.0
17321502502.0
17332371625.0
17341530978.0
17350366852.0
17359429232.0
17368307930.0
17377506922.0
17386314128.0
17395414024.0
17404367044.0
17413483219.0
17422498882.0
17431302196.0
17440654788.0
17450539315.0
17459310068.0
17468517908.0
17477349181.0
17486542864.0
17495300169.0
17504461292.0
17513317339.0
17522531903.0
17532480136.0
17543323776.0
17552459063.0
17561431549.0
17570543123.0
17579321309.0
17589328999.0
17598452253.0
17617680171.0
17627513735.0
17636498961.0
17645193622.0
17663175754.0
17672498263.0
17681184784.0
17690586216.0
17699180365.0
17708288755.0
17717439260.0
17727500746.0
17736548616.0
17745207531.0
17754490047.0
17763391750.0
17773531451.0
17782567641.0
17791142679.0
17800507657.0
17809197718.0
17819177449.0
17830512680.0
17839143990.0
17848522063.0
17857207877.0
17867531968.0
17876504100.0
17885213272.0
17894584975.0
17903180185.0
17912496324.0
17921733892.0
17931145942.0
17940238405.0
17949194964.0
17958194347.0
17967173557.0
17976251864.0
17985216563.0
17994242490.0
18003143838.0
18012310978.0
18021544653.0
18030179149.0
18039150573.0
18048250114.0
18057226846.0
18066181990.0
18075167924.0
18084241276.0
18093186864.0
18102197926.0
18111147407.0
18120496460.0
18129204216.0
18138189088.0
18147156973.0
18156326944.0
18165214843.0
18174181312.0
18183144950.0
18192223610.0
18201185832.0
18210186631.0
18219452159.0
18228251579.0
18237195397.0
18246180270.0
18255171867.0
18264238848.0
18273187267.0
18282217087.0
18291144979.0
18300285575.0
18309215237.0
18318068806.0
18327643303.0
18338521274.0
18347184437.0
18356192314.0
18365212224.0
18374313535.0
18383184093.0
18392201526.0
18401190291.0
18410275676.0
18419453079.0
18428251084.0
18437189593.0
18446274624.0
18455197915.0
18464190574.0
18473194558.0
18482310734.0
18491179168.0
18500194477.0
18509211910.0
18519187748.0
18528247651.0
18537261898.0
18546200054.0
18555151658.0
18564246599.0
18573192895.0
18582256337.0
18591146360.0
18600249794.0
18609186534.0
18618428350.0
18627437289.0
18636346069.0
18646472322.0
18655217947.0
18664197157.0
18675152281.0
18684303141.0
18693188563.0
18702188654.0
18711151937.0
18721223333.0
18730503725.0
18739394810.0
18748259705.0
18757246347.0
18766250331.0
18775152387.0
18784198488.0
18793349347.0
18802472601.0
18811270251.0
18820383596.0
18829507557.0
18838402535.0
18847468455.0
18856322732.0
18865514646.0
18875316357.0
18884516764.0
18893449611.0
18903643108.0
18913507816.0
18922487026.0
18931280784.0
18940542773.0
18949350687.0
18958476419.0
18967305922.0
18976488634.0
18985352821.0
18996548255.0
19005503398.0
19014313790.0
19023274242.0
19032558528.0
19041316540.0
19050472000.0
19059268236.0
19068581896.0
19077326814.0
19086460685.0
19095270723.0
19104520325.0
19113323284.0
19122309927.0
19131420439.0
19140396818.0
19149476540.0
19160570754.0
19169392117.0
19178549347.0
19187342397.0
19197532708.0
19206185961.0
19215470955.0
19225218871.0
19234200912.0
19243461485.0
19252200386.0
19261544484.0
19270214017.0
19279152880.0
19288516443.0
19297554403.0
19306226414.0
19315486987.0
19325525468.0
19334525913.0
19344268520.0
19353505735.0
19362194026.0
19371521844.0
19380741363.0
19390668360.0
19400481751.0
19409424507.0
19420660641.0
19429345039.0
19438501561.0
19449413862.0
19458480135.0
19467280263.0
19476535528.0
19485375295.0
19494310265.0
19503541109.0
19512527398.0
19521470154.0
19530327971.0
19539423973.0
19548466534.0
19559381312.0
19568495718.0
19577318143.0
19586554650.0
19595317971.0
19605316813.0
19614462718.0
19626348288.0
19635161511.0
19646285100.0
19655229626.0
19672452608.0
19681241765.0
19690203633.0
19699154883.0
19708261503.0
19717656211.0
19726232664.0
19735412190.0
19744469616.0
19753235060.0
19762206484.0
19771167644.0
19780215160.0
19789249227.0
19798245071.0
19807159514.0
19817122257.0
19826281964.0
19835194992.0
19844215256.0
19853203668.0
19862304271.0
19871202434.0
19880206418.0
19889510523.0
19898604048.0
19907214123.0
19917529721.0
19926192530.0
19937545102.0
19946596511.0
19955199862.0
19964571565.0
19973214908.0
19982638637.0
19991512380.0
20000202086.0
