1542013.0
11363190.0
36433557.0
48615002.0
61505340.0
70477472.0
79102412.0
88093301.0
98266978.0
107045871.0
124210103.0
133508899.0
142064471.0
151109510.0
160475550.0
169079609.0
178059173.0
187458835.0
196479099.0
205115010.0
214493792.0
223426285.0
233483524.0
323139719.0
332186527.0
341467627.0
350578848.0
359085225.0
368480287.0
377061695.0
386551606.0
395049490.0
404489499.0
413472602.0
422438009.0
431441639.0
441464902.0
450073915.0
459111521.0
468520032.0
479052580.0
488467461.0
497054532.0
506138855.0
515490031.0
525065236.0
534528249.0
543362707.0
552107624.0
560437398.0
569439612.0
578441473.0
587444749.0
596438470.0
605540842.0
614485015.0
623453961.0
632500061.0
641466176.0
650145619.0
658445663.0
667119444.0
675120075.0
683455157.0
692446046.0
701077003.0
709237604.0
718110639.0
727126656.0
736494112.0
746009152.0
755083919.0
764554718.0
773500660.0
782182934.0
791168161.0
800496686.0
809092605.0
818458645.0
827465460.0
837091983.0
846499786.0
855184537.0
864158438.0
873490857.0
882499088.0
891131814.0
900116686.0
909478833.0
918479632.0
928095538.0
937496616.0
946504493.0
955115984.0
965497764.0
974597659.0
985113220.0
994553228.0
1003115525.0
1013079684.0
1022268058.0
1031169761.0
1040099422.0
1049487405.0
1058141366.0
1067162692.0
1076501835.0
1085096338.0
1094916807.0
1103562627.0
1112165270.0
1122166237.0
1130575995.0
1139158111.0
1149409650.0
1158153859.0
1167531933.0
1176546534.0
1185160503.0
1194174750.0
1205188625.0
1214169604.0
1223474771.0
1233567402.0
1242155534.0
1251541040.0
1260323826.0
1270187473.0
1279524846.0
1288585811.0
1297096082.0
1306582453.0
1315123161.0
1328181256.0
1337575610.0
1346181438.0
1355578269.0
1364595348.0
1373161892.0
1383150471.0
1392129681.0
1401558364.0
1411028102.0
1419479977.0
1429095882.0
1438581192.0
1447119776.0
1456168708.0
1465574033.0
1474608807.0
1483124033.0
1492481580.0
1502566424.0
1511191364.0
1520480958.0
1530567218.0
1539129868.0
1548959893.0
1557168273.0
1565485660.0
1574171119.0
1582154763.0
1598175137.0
1606175060.0
1614156580.0
1622174200.0
1630330908.0
1638186080.0
1646190604.0
1654177079.0
1662186205.0
1671124714.0
1679183388.0
1687198884.0
1696487770.0
1705194465.0
1713253138.0
1721167768.0
1729144687.0
1737168677.0
1745359007.0
1755263354.0
1763501818.0
1772209574.0
1780173044.0
1788184293.0
1796168290.0
1804199712.0
1812149026.0
1822022936.0
1831495505.0
1840179549.0
1848504014.0
1857165407.0
1865174178.0
1873195337.0
1881160576.0
1889513354.0
1898149266.0
1906185289.0
1914156191.0
1922528788.0
1931184165.0
1939533758.0
1948250362.0
1956242853.0
1964373726.0
1972224650.0
1983575453.0
1992982548.0
2002231442.0
2010184649.0
2018527517.0
2027582111.0
2036308271.0
2045179182.0
2054567166.0
2063116013.0
2072610171.0
2081164328.0
2090151678.0
2099587794.0
2108561341.0
2117266974.0
2126582758.0
2135590989.0
2144167796.0
2153172134.0
2162176826.0
2170516155.0
2179138617.0
2187131109.0
2195166424.0
2203233945.0
2211129110.0
2219537453.0
2228171240.0
2236146390.0
2244158700.0
2254181255.0
2262552791.0
2271132076.0
2279173761.0
2287128737.0
2295132554.0
2303169993.0
2312217862.0
2320510475.0
2329214338.0
2337249653.0
2346519074.0
2355137289.0
2363528290.0
2372193223.0
2380191023.0
2388165464.0
2396165034.0
2404172036.0
2412235310.0
2420179669.0
2428143847.0
2436155450.0
2446186145.0
2454159171.0
2462180330.0
2470187331.0
2478170621.0
2486170191.0
2494207629.0
2502280813.0
2511525107.0
2520253390.0
2528168727.0
2536174668.0
2544163974.0
2552215569.0
2560178331.0
2568536772.0
2577529785.0
2586165342.0
2594165973.0
2602201288.0
2610269872.0
2618296693.0
2627545233.0
2636178313.0
2644174697.0
2652210366.0
2660174544.0
2668188979.0
2676230664.0
2684169006.0
2692201136.0
2700219463.0
2708183995.0
2716492180.0
2725568717.0
2734190825.0
2742218000.0
2752383184.0
2760226676.0
2768174220.0
2776183346.0
2784632035.0
2794180696.0
2802562849.0
2811529672.0
2820232827.0
2828177540.0
2836191620.0
2844243569.0
2853186680.0
2861542289.0
2870186340.0
2878184140.0
2886163537.0
2894163460.0
2902230274.0
2910164015.0
2918329572.0
2927552630.0
2936182878.0
2944194835.0
2954546178.0
2963554763.0
2972260396.0
2980198384.0
2988223790.0
2996174165.0
3004238855.0
3012277002.0
3020317626.0
3028347986.0
3036186170.0
3044176538.0
3052209375.0
3060231242.0
3068301949.0
3076176232.0
3084212255.0
3092194837.0
3100199361.0
3108250249.0
3117059579.0
3125548968.0
3134193373.0
3142206392.0
3150175525.0
3158196683.0
3166201208.0
3176204297.0
3184182278.0
3192259709.0
3200181771.0
3208172493.0
3217035972.0
3225559338.0
3234181446.0
3242216762.0
3250181294.0
3259034155.0
3268204834.0
3276229886.0
3284176014.0
3292264770.0
3300237442.0
3308210468.0
3316985469.0
3325216145.0
3333552643.0
3342201649.0
3350201927.0
3358575232.0
3367555150.0
3376180443.0
3384232039.0
3392211789.0
3400179860.0
3408219776.0
3416983805.0
3425564505.0
3434264475.0
3442593895.0
3451565672.0
3460236975.0
3468188766.0
3476185504.0
3484258335.0
3492395932.0
3502214985.0
3510557853.0
3519599707.0
3528228539.0
3536182454.0
3544185209.0
3552271488.0
3560222571.0
3568207630.0
3578263453.0
3586187993.0
3602269948.0
3610229879.0
3618565669.0
3627591596.0
3636233524.0
3644244773.0
3652188424.0
3660245682.0
3668188271.0
3676248360.0
3684256070.0
3692215647.0
3700210969.0
3708198506.0
3716954395.0
3725579688.0
3734587919.0
3743192332.0
3751584395.0
3760591918.0
3769198100.0
3777580961.0
3786568665.0
3795580435.0
3804224840.0
3812570186.0
3821585849.0
3830298560.0
3838590465.0
3847588078.0
3856204170.0
3866278751.0
3874594014.0
3883585965.0
3892577562.0
3901614460.0
3910224181.0
3918580852.0
3927593330.0
3936579619.0
3945572985.0
3954340553.0
3963582723.0
3972258626.0
3980257488.0
3988579830.0
3997613896.0
4006598769.0
4015247775.0
4024214952.0
4032283181.0
4040600568.0
4049254174.0
4057628895.0
4066593595.0
4075583068.0
4084582805.0
4093625012.0
4102206066.0
4111038755.0
4119587956.0
4128215374.0
4136588325.0
4145584169.0
4154268920.0
4162590908.0
4171592414.0
4180222663.0
4188295139.0
4198590918.0
4207601272.0
4217003766.0
4225657373.0
4234593405.0
4243588541.0
4252250996.0
4260275340.0
4268246242.0
4277353216.0
4288594659.0
4297652792.0
4306594841.0
4315230044.0
4324595730.0
4333214653.0
4341615210.0
4350596190.0
4359640520.0
4368261921.0
4376624254.0
4393129848.0
4402648426.0
4413228399.0
4422131871.0
4432214592.0
4441138237.0
4450618946.0
4459615144.0
4468630454.0
4477647179.0
4486621080.0
4495618339.0
4504620908.0
4513648604.0
4522626752.0
4531635691.0
4540315488.0
4549126234.0
4559654181.0
4568622066.0
4577636313.0
4586292398.0
4594626772.0
4603641374.0
4612263128.0
4620373120.0
4628625740.0
4637646712.0
4646295010.0
4654629738.0
4665108845.0
4674626008.0
4683660783.0
4692260594.0
4700272905.0
4708628160.0
4718306355.0
4726633297.0
4735627371.0
4744632417.0
4754302118.0
4762634015.0
4771661003.0
4782614358.0
4797022290.0
4805360557.0
4815189166.0
4824636254.0
4833632098.0
4842635020.0
4852635986.0
4862298608.0
4871139083.0
4879238811.0
4887661664.0
4898288355.0
4906645734.0
4917125549.0
4929092874.0
4938098981.0
4947131986.0
4956195074.0
4965641454.0
4974652162.0
4983638450.0
4992648097.0
5002644462.0
5012644721.0
5022176394.0
5032224785.0
5042297596.0
5051186203.0
5063430645.0
5073075571.0
5082094420.0
5091179805.0
5100653436.0
5110647323.0
5120646166.0
5129645549.0
5138291370.0
5146650873.0
5156649007.0
5165662547.0
5174304475.0
5182654776.0
5192303241.0
5201069393.0
5210203973.0
5219095057.0
5228001360.0
5237107272.0
5246303079.0
5254659042.0
5264652930.0
5273256635.0
5282354053.0
5290664361.0
5300654356.0
5311140187.0
5319656475.0
5328650903.0
5338661071.0
5348657082.0
5358186632.0
5366314319.0
5375538439.0
5391087397.0
5404386155.0
5412641960.0
5422212210.0
5431293702.0
5440183017.0
5448657542.0
5458663110.0
5468658413.0
5478196457.0
5487119040.0
5496659207.0
5506665836.0
5517231653.0
5527154403.0
5535664320.0
5544664411.0
5555174663.0
5567092086.0
5576024933.0
5587036330.0
5596668515.0
5613667468.0
5623663479.0
5632663216.0
5642289385.0
5651206306.0
5659671275.0
5670180112.0
5679153659.0
5688296732.0
5697192418.0
5706185784.0
5714301084.0
5723201017.0
5733186411.0
5742202074.0
5751152263.0
5760651022.0
5771182155.0
5780667819.0
5791137016.0
5800199042.0
5808670383.0
5819661253.0
5831216619.0
5841194581.0
5851144937.0
5860200239.0
5868383845.0
5876671502.0
5886198575.0
5895162920.0
5904244058.0
5914194414.0
5923137878.0
5932379340.0
5941210967.0
5951178665.0
5963112722.0
5973211369.0
5983151816.0
5992217381.0
6002319213.0
6011204989.0
6021191799.0
6030180918.0
6038298342.0
6047196505.0
6057184730.0
6066198624.0
6074297644.0
6083190853.0
6092358346.0
6101196343.0
6110307918.0
6119191216.0
6128442942.0
6137207324.0
6146304388.0
6155205383.0
6165212720.0
6175156351.0
6184209530.0
6193211390.0
6203187936.0
6213178639.0
6222127058.0
6231237571.0
6243319565.0
6253238776.0
6262299741.0
6271181624.0
6280212152.0
6289229230.0
6299193389.0
6309212759.0
6319175502.0
6328215586.0
6337214969.0
6347205318.0
6357209115.0
6369114859.0
6378117427.0
6387465772.0
6397268899.0
6407214654.0
6425447359.0
6434324287.0
6443202631.0
6452207677.0
6461207768.0
6471149630.0
6480260850.0
6489400030.0
6497412695.0
6506493125.0
6517153437.0
6526311729.0
6535064786.0
6543371555.0
6552214861.0
6562146460.0
6571175572.0
6581208037.0
6591162286.0
6600256872.0
6611168465.0
6621200222.0
6629315168.0
6638234566.0
6646315891.0
6655169460.0
6664217684.0
6672317412.0
6681209204.0
6690532067.0
6700332717.0
6709223801.0
6722665188.0
6732390453.0
6742167036.0
6752209765.0
6761268960.0
6771166228.0
6780354249.0
6789165703.0
6797394256.0
6807165884.0
6815419920.0
6825336300.0
6833323483.0
6841347472.0
6849324391.0
6857325023.0
6865340519.0
6873328055.0
6882191181.0
6891106332.0
6901380167.0
6910231259.0
6919174724.0
6929216036.0
6937328859.0
6945342940.0
6954130327.0
6963095734.0
6972268890.0
6981233589.0
6992509362.0
7001418142.0
7009433992.0
7018165461.0
7026389413.0
7036282435.0
7046547423.0
7055408779.0
7064190503.0
7072418703.0
7081446045.0
7090304924.0
7100220950.0
7109149904.0
7117681056.0
7127172382.0
7136176012.0
7145152745.0
7153338475.0
7162285124.0
7171181164.0
7180522784.0
7188347519.0
7197159326.0
7205356381.0
7214264100.0
7223241186.0
7232247294.0
7241157136.0
7249353837.0
7258207407.0
7266452594.0
7275162474.0
7284321473.0
7292352542.0
7300349988.0
7309230101.0
7318200817.0
7327124462.0
7335381683.0
7344318777.0
7354170390.0
7363174728.0
7372353547.0
7381575543.0
7390416018.0
7399204821.0
7408467518.0
7417376652.0
7441478705.0
7450264676.0
7458412537.0
7467366973.0
7476387237.0
7485492795.0
7494255054.0
7502498826.0
7511421763.0
7520166680.0
7528502470.0
7537249511.0
7546292072.0
7556208098.0
7564358083.0
7573220500.0
7581479844.0
7591440464.0
7599350139.0
7607350770.0
7625350952.0
7633365386.0
7642131185.0
7651086682.0
7660261962.0
7668352842.0
7676355597.0
7685134136.0
7695040607.0
7704212347.0
7712354545.0
7721136269.0
7730100261.0
7738356420.0
7746357759.0
7756262814.0
7765179027.0
7774149743.0
7782363432.0
7790358754.0
7798358678.0
7806588293.0
7817096421.0
7826312401.0
7834374260.0
7843106436.0
7852265790.0
7860361271.0
7868362964.0
7876361826.0
7884376614.0
7892682675.0
7902154182.0
7910363624.0
7918363902.0
7927192697.0
7936173323.0
7944378872.0
7952365346.0
7960365624.0
7968368379.0
7976626661.0
7986366791.0
7994381933.0
8002367346.0
8010368331.0
8019141916.0
8027368700.0
8035368623.0
8044405168.0
8052369699.0
8060420233.0
8069390241.0
8077371761.0
8085404953.0
8094158718.0
8102377008.0
8111168996.0
8120185721.0
8128372866.0
8136551872.0
8145385622.0
8153373866.0
8162269552.0
8170374588.0
8178374866.0
8186445573.0
8194378252.0
8202379945.0
8210377038.0
8218381208.0
8226640552.0
8236290787.0
8244378128.0
8252381237.0
8260378683.0
8268411167.0
8276485413.0
8284379870.0
8292425802.0
8300381132.0
8308386719.0
8317214806.0
8325395581.0
8334175182.0
8342382501.0
8350382778.0
8358382702.0
8367207958.0
8375397581.0
8383390072.0
8392384854.0
8400385132.0
8408385409.0
8417122186.0
8425399934.0
8433386055.0
8442194677.0
8451155130.0
8459409873.0
8467387854.0
8476301235.0
8484389992.0
8492389207.0
8500391962.0
8508515756.0
8517132202.0
8526210863.0
8535161759.0
8543397391.0
8552202474.0
8560391743.0
8568395206.0
8576392298.0
8584392575.0
8592428952.0
8600645472.0
8610394804.0
8619149985.0
8627397650.0
8636265376.0
8644395541.0
8652401835.0
8660396096.0
8668396373.0
8676396651.0
8684398344.0
8692400391.0
8702324557.0
8711188037.0
8719420129.0
8728211056.0
8736399263.0
8744399894.0
8753188343.0
8762328231.0
8770401061.0
8779154473.0
8788209421.0
8796402229.0
8804402506.0
8812404199.0
8820416156.0
8828450763.0
8836403616.0
8844404247.0
8852404525.0
8860404802.0
8868428084.0
8876408896.0
8884427931.0
8892406266.0
8900406544.0
8908407175.0
8917188546.0
8925420992.0
8934193161.0
8942408974.0
8950408897.0
8958409175.0
8966410868.0
8974413269.0
8982419563.0
8991171912.0
8999427010.0
9008228200.0
9017016649.0
9026335972.0
9034411988.0
9042412619.0
9050413250.0
9058418837.0
9066413451.0
9074414791.0
9082419669.0
9090415345.0
9098414915.0
9106415900.0
9114415824.0
9123170297.0
9131431057.0
9140221629.0
9148424347.0
9156417900.0
9164418531.0
9172418809.0
9180419086.0
9191426944.0
9200242291.0
9208419881.0
9217194527.0
9225434760.0
9234214007.0
9243202772.0
9251424955.0
9259640414.0
9268423200.0
9276423478.0
9284423401.0
9293249012.0
9301445359.0
9309436434.0
9317424679.0
9325438405.0
9333445761.0
9342211559.0
9350432680.0
9358679284.0
9368457990.0
9376460391.0
9385269721.0
9394225573.0
9402440323.0
9410429276.0
9419225865.0
9427429644.0
9436316482.0
9445240481.0
9454233139.0
9467504646.0
9476440324.0
9485253193.0
9493510060.0
9501440262.0
9510240037.0
9519211106.0
9529434332.0
9538230921.0
9547211901.0
9555448594.0
9563435777.0
9571501883.0
9579437393.0
9587436963.0
9596314245.0
9604437331.0
9612454951.0
9627458878.0
9636299352.0
9644439427.0
9652451383.0
9660439628.0
9668439905.0
9676441598.0
9684463111.0
9692457726.0
9701190610.0
9710226800.0
9718457123.0
9726443952.0
9734443521.0
9742609078.0
9753252048.0
9761446272.0
9769456105.0
9777444349.0
9786235984.0
9794446133.0
9803117790.0
9812458348.0
9820446593.0
9828460673.0
9836447856.0
9844447779.0
9853611733.0
9863274002.0
9871448760.0
9879461070.0
9887452500.0
9896255106.0
9905256258.0
9914373850.0
9923278737.0
9931458804.0
9940165852.0
9948487840.0
9956459804.0
9964467867.0
9972478408.0
9980461698.0
9988476840.0
9996477825.0
10004463946.0
10014271320.0
10022587291.0
10031427412.0
10040473512.0
10048487238.0
10056464511.0
10064464434.0
10072482054.0
10080466051.0
10088479777.0
10096466252.0
10105182856.0
10113466621.0
10122287630.0
10131207028.0
10139487961.0
10148381169.0
10156575747.0
10164469849.0
10174695552.0
10183281915.0
10191470122.0
10199486680.0
10208166830.0
10217223194.0
10226380424.0
10234486168.0
10243250905.0
10252409197.0
10260477072.0
10268489737.0
10277297651.0
10286379497.0
10294490550.0
10303255287.0
10312158050.0
10321211937.0
10329488977.0
10338272117.0
10346476958.0
10354492454.0
10362477513.0
10370484515.0
10378493286.0
10387256961.0
10396254575.0
10404495515.0
10412480574.0
10420480498.0
10428496348.0
10436480699.0
10444496903.0
10452482670.0
10460482239.0
10468496319.0
10477221417.0
10497303689.0
10505496851.0
10514318922.0
10523143470.0
10532269201.0
10540488907.0
10549217898.0
10558164194.0
10567113321.0
10576313728.0
10586965900.0
10594596689.0
10602489022.0
10611115378.0
10621243046.0
10629502744.0
10638324107.0
10647222624.0
10656220238.0
10664507187.0
10672545688.0
10681198941.0
10690183460.0
10699172225.0
10708160991.0
10721099462.0
10730254568.0
10739163703.0
10748239178.0
10757161053.0
10765495428.0
10773515171.0
10782189659.0
10791120028.0
10799549252.0
10808171007.0
10817153756.0
10826321957.0
10837595960.0
10847333259.0
10856166655.0
10864519433.0
10873197106.0
10882232589.0
10891125443.0
10900339300.0
10909226137.0
10918181281.0
10927130408.0
10936180047.0
10945227209.0
10953565123.0
10962162811.0
10971131049.0
10980257134.0
10989695020.0
10998551421.0
11007481436.0
11017441348.0
11026175648.0
11034521348.0
11043133900.0
11052373593.0
11060508004.0
11068645955.0
11077511558.0
11086190647.0
11094523606.0
11103139697.0
11112235700.0
11121173147.0
11130194827.0
11139192795.0
11148348609.0
11156519828.0
11164529661.0
11172514366.0
11180514290.0
11188534741.0
11197209936.0
11206190562.0
11214529891.0
11222534416.0
11231298444.0
11239551772.0
11248193346.0
11257206532.0
11265517548.0
11274181064.0
11283147887.0
11292320689.0
11301178506.0
11310214696.0
11321187516.0
11330310062.0
11339202563.0
11347520303.0
11356253895.0
11365239476.0
11373521824.0
11382247630.0
11391144732.0
11399538564.0
11408287374.0
11417166780.0
11426333211.0
11434542653.0
11442524881.0
11451148405.0
11459544361.0
11467525881.0
11476241777.0
11485252132.0
11494205152.0
11511058645.0
11520448044.0
11530223919.0
11539175524.0
11548292053.0
11557231624.0
11566268877.0
11574560781.0
11583182182.0
11592274645.0
11600531511.0
11608549131.0
11617403408.0
11634270350.0
11642557300.0
11652095698.0
11660701880.0
11670212318.0
11679190820.0
11688308057.0
11696625798.0
11705229856.0
11714304623.0
11722591219.0
11730537701.0
11739538146.0
11748289434.0
11757225820.0
11766231574.0
11775181763.0
11784600183.0
11792539940.0
11800548358.0
11809390602.0
11820395629.0
11828541366.0
11836561817.0
11845270988.0
11854228255.0
11862549889.0
11871415846.0
11879561937.0
11888414091.0
11896601944.0
11904573908.0
11913371913.0
11922213449.0
11930546408.0
11939210986.0
11947546422.0
11955588462.0
11964334795.0
11973519630.0
11983209504.0
11992225521.0
12000564143.0
12009389753.0
12018248631.0
12027192803.0
12036387902.0
12044650785.0
12053574784.0
12061587449.0
12069554458.0
12078210543.0
12087199308.0
12095569428.0
12104362832.0
12113264534.0
12121643856.0
12129554239.0
12139130506.0
12146575134.0
12154555593.0
12163198936.0
12172342009.0
12180557114.0
12188558099.0
12196579965.0
12204562547.0
12212572026.0
12221225279.0
12230325175.0
12238559745.0
12246579134.0
12255196287.0
12263560391.0
12272343885.0
12280606414.0
12288561744.0
12296581133.0
12305297737.0
12314327557.0
12323244124.0
12332371271.0
12340563725.0
12348564356.0
12357244153.0
12366276804.0
12374568709.0
12382584912.0
12390566078.0
12398566356.0
12406580790.0
12415227673.0
12424569293.0
12432584081.0
12441393765.0
12450240964.0
12459427215.0
12467621084.0
12475570398.0
12483570675.0
12491570245.0
12500239070.0
12509253672.0
12518247392.0
12533619038.0
12541573306.0
12549572876.0
12558245595.0
12567280015.0
12575574397.0
12584243223.0
12593252869.0
12601575564.0
12609594246.0
12617575765.0
12627576732.0
12636513118.0
12644577100.0
12653263975.0
12661602950.0
12669577746.0
12677578731.0
12687331956.0
12696482815.0
12705688178.0
12713590067.0
12721580788.0
12729580712.0
12737580989.0
12746304672.0
12754654972.0
12762600039.0
12770582267.0
12779439729.0
12789378760.0
12798251795.0
12807235606.0
12817291429.0
12825587581.0
12834249682.0
12843232077.0
12851586624.0
12860440548.0
12869270405.0
12878553983.0
12888354986.0
12896614685.0
12904597620.0
12912605330.0
12921251151.0
12929589772.0
12941399604.0
12950561435.0
12959277685.0
12968397754.0
12976645065.0
12985663205.0
12993592346.0
13001601117.0
13009594670.0
13018301011.0
13027233150.0
13035594422.0
13044323413.0
13052610716.0
13060597545.0
13069505618.0
13079259197.0
13087596402.0
13097348565.0
13106417670.0
13118143270.0
13126634430.0
13134598608.0
13142615873.0
13150602348.0
13158599440.0
13167249154.0
13175600516.0
13184270757.0
13193281820.0
13201604869.0
13209602315.0
13218261231.0
13227257074.0
13235603836.0
13244517217.0
13253604018.0
13264523397.0
13273504376.0
13282623029.0
13291237705.0
13300275665.0
13308608978.0
13318404673.0
13327287971.0
13336469975.0
13345382649.0
13354485376.0
13363453614.0
13372350362.0
13381300904.0
13390380272.0
13398609888.0
13407571756.0
13417434341.0
13426469823.0
13434604235.0
13443130786.0
13451626546.0
13460262457.0
13468606033.0
13476626130.0
13484607650.0
13492621023.0
13500607143.0
13508607775.0
13517342428.0
13525613452.0
13534283339.0
13542628331.0
13550618699.0
13558609420.0
13566632349.0
13574609975.0
13583289772.0
13593611033.0
13601611310.0
13610367907.0
13619262530.0
13628333051.0
13643636391.0
13652614893.0
13660621187.0
13669287889.0
13678168356.0
13687228259.0
13695005569.0
13704354975.0
13713265525.0
13721617949.0
13729631676.0
13737617089.0
13745617720.0
13755306532.0
13764326442.0
13772619409.0
13780618978.0
13788632705.0
13797147930.0
13806265167.0
13814642720.0
13823273676.0
13831626454.0
13839635226.0
13847622054.0
13855622686.0
13863720644.0
13873305405.0
13881623145.0
13889687481.0
13899237912.0
13907625020.0
13915689002.0
13924625388.0
13932627082.0
13940628421.0
13949164174.0
13958390063.0
13967282917.0
13975647729.0
13983628187.0
13991634835.0
14000628909.0
14008629187.0
14016707326.0
14024629742.0
14032630019.0
14040630297.0
14048630574.0
14056630851.0
14065283043.0
14073640422.0
14085290992.0
14093641646.0
14101656080.0
14109674408.0
14118237058.0
14127270417.0
14135658941.0
14143636568.0
14151662681.0
14159650217.0
14167635630.0
14175658205.0
14183637601.0
14191672916.0
14201425433.0
14209676637.0
14219300329.0
14229297402.0
14237638855.0
14247639821.0
14255662749.0
14263646392.0
14271661180.0
14279655087.0
14287641208.0
14296149355.0
14305328174.0
14313644499.0
14321647608.0
14329660626.0
14337645331.0
14346149586.0
14355271070.0
14363645437.0
14371644652.0
14379658379.0
14388389139.0
14396646714.0
14406646265.0
14414646896.0
14423303334.0
14431647264.0
14439668423.0
14447648527.0
14456144641.0
14465305764.0
14473649340.0
14481649618.0
14489663344.0
14497650173.0
14505670270.0
14513653913.0
14522395291.0
14530652512.0
14538733836.0
14548322136.0
14557370713.0
14568259302.0
14577654009.0
14586329913.0
14594654732.0
14602655009.0
14610655640.0
14618655918.0
14626656549.0
14634732211.0
14644332190.0
14652657363.0
14660657286.0
14668658272.0
14676658195.0
14684658826.0
14692660166.0
14701270595.0
14711325002.0
14720664853.0
14729331909.0
14737661328.0
14745679655.0
14753670731.0
14762230196.0
14771325491.0
14779674730.0
14787663328.0
14795684133.0
14804669005.0
14812664328.0
14820664605.0
14829190448.0
14838344493.0
14846665772.0
14854671713.0
14862666327.0
14870667313.0
14878667590.0
14887340662.0
14896383931.0
14904679729.0
14912668327.0
14921335737.0
14929693823.0
14937668973.0
14945674559.0
14953714121.0
14962291636.0
14971296682.0
14979308993.0
14987716982.0
14997364032.0
15006451894.0
15014672661.0
15023334054.0
15031674091.0
15040163481.0
15049378045.0
15060416694.0
15070354663.0
15079297773.0
15086698163.0
15095346815.0
15104344782.0
15113342042.0
15121677832.0
15130351612.0
15138684571.0
15147153434.0
15155374201.0
15164410037.0
15173340761.0
15182507192.0
15191364301.0
15200348112.0
15209343956.0
15220256611.0
15229282537.0
15238220693.0
15245723718.0
15254689125.0
15264724067.0
15274498173.0
15282684965.0
15292560290.0
15301543747.0
15309687007.0
15319318131.0
15329352365.0
15338474557.0
15347688767.0
15357524455.0
15366482430.0
15374690456.0
15383693024.0
15393522695.0
15401690375.0
15410707808.0
15421229385.0
15430506592.0
15438692676.0
15448569063.0
15457544734.0
15466263108.0
15474693747.0
15484575444.0
15492696761.0
15502535279.0
15510710745.0
15521669763.0
15531510759.0
15539696488.0
15549504924.0
15557699856.0
15567363894.0
15577562345.0
15585705605.0
15595455998.0
15603699770.0
15613242768.0
15622369561.0
15630713492.0
15638702090.0
15653723005.0
15661706648.0
15669722144.0
15678256481.0
15687328771.0
15695703138.0
15703732083.0
15712373302.0
15720709800.0
15728734144.0
15737195574.0
15746514190.0
15754719739.0
15762711169.0
15770707199.0
15778706769.0
15786706692.0
15794722542.0
15802713972.0
15811129747.0
15819710447.0
15827730544.0
15835721265.0
15843709510.0
15851710141.0
15860743146.0
15868710156.0
15876711141.0
15885226721.0
15894386074.0
15902735667.0
15910712586.0
15919353805.0
15927724987.0
15935725265.0
15943713863.0
15951714140.0
15959714772.0
15968187174.0
15977393952.0
15985729388.0
15993715863.0
16001715786.0
16009718187.0
16018425943.0
16027378963.0
16035718293.0
16044330137.0
16054720058.0
16063336503.0
16071341028.0
16079378820.0
16087731598.0
16095728691.0
16103725075.0
16112182966.0
16120728629.0
16129415504.0
16138202183.0
16146378003.0
16154722641.0
16162723272.0
16171248762.0
16179347782.0
16187735598.0
16196745244.0
16205725516.0
16217340694.0
16225424142.0
16233725602.0
16241726234.0
16250239336.0
16258727664.0
16267121142.0
16274733881.0
16283186110.0
16292390057.0
16300730448.0
16308730017.0
16317424325.0
16326382300.0
16334730831.0
16342731108.0
16350734571.0
16359137605.0
16367264585.0
16376395625.0
16384732476.0
16392735939.0
16400733031.0
16408733663.0
16417439295.0
16425734385.0
16433735370.0
16441736002.0
16450192123.0
16459349353.0
16468410318.0
16477267780.0
16485737351.0
16493737982.0
16502259225.0
16509738537.0
16518411256.0
16527175638.0
16534739537.0
16543366246.0
16551356968.0
16559740183.0
16568162683.0
16576187380.0
16584744368.0
16592747831.0
16600748462.0
16608744493.0
16617333333.0
16624743278.0
16632743202.0
16640743833.0
16649185798.0
16658519986.0
16667422042.0
16675745091.0
16683746430.0
16692328900.0
16700751754.0
16708747430.0
16717467219.0
16726191610.0
16733748076.0
16742296924.0
16750749860.0
16759368429.0
16767387110.0
16775750152.0
16783750076.0
16792178238.0
16800225586.0
16808178439.0
16817118010.0
16826498207.0
16835153584.0
16843125902.0
16851136089.0
16859169281.0
16867146200.0
16875126304.0
16883157726.0
16891119073.0
16900419992.0
16909203133.0
16917354178.0
16925423116.0
16934259343.0
16942174681.0
16950185930.0
16958267608.0
16966188254.0
16974204812.0
16983391063.0
16992225875.0
17000175542.0
17008455414.0
17017559202.0
17026303766.0
17034289179.0
17042622137.0
17051639216.0
17060551182.0
17069689654.0
17078674173.0
17087702223.0
17096641795.0
17105709130.0
17114718422.0
17123522798.0
17133322032.0
17141294350.0
17149492466.0
17158311352.0
17166448241.0
17175265004.0
17183303150.0
17191453488.0
17201471088.0
17212379850.0
17220362785.0
17228560902.0
17237334133.0
17245387144.0
17254547559.0
17263267348.0
17271264440.0
17279325945.0
17287282337.0
17295515491.0
17304565838.0
17313642729.0
17323286594.0
17331433039.0
17340422158.0
17349478168.0
17358303778.0
17366514282.0
17375452792.0
17384305299.0
17392323627.0
17400359650.0
17408305424.0
17417238271.0
17425386839.0
17434465854.0
17443258550.0
17451532758.0
17461347918.0
17469565500.0
17478689816.0
17487563559.0
17496694599.0
17505515254.0
17514652665.0
17524644783.0
17534368633.0
17542462344.0
17551261057.0
17559276907.0
17567325317.0
17575264013.0
17583263228.0
17591311638.0
17599486751.0
17618623358.0
17627197333.0
17636187515.0
17645610890.0
17662460136.0
17672185047.0
17681595681.0
17690268753.0
17699593386.0
17708700005.0
17718225308.0
17727183637.0
17736234338.0
17745614181.0
17754178247.0
17764205757.0
17773209033.0
17782252656.0
17791549683.0
17800194088.0
17809608615.0
17818463246.0
17830192739.0
17839553825.0
17848205662.0
17857621251.0
17867213798.0
17876191946.0
17885627000.0
17894270343.0
17903592852.0
17912187001.0
17921431294.0
17931556485.0
17941325636.0
17950237956.0
17959183897.0
17968228582.0
17977363161.0
17986256369.0
17995263892.0
18004189307.0
18013397855.0
18022596493.0
18031175777.0
18040193210.0
18049318233.0
18058282933.0
18067173664.0
18076284176.0
18085349388.0
18094230917.0
18103188892.0
18112186505.0
18121624745.0
18131460786.0
18140525290.0
18149463091.0
18160488291.0
18169502185.0
18178467238.0
18187416719.0
18196466358.0
18205542187.0
18214487421.0
18223407881.0
18232509192.0
18241496542.0
18250467612.0
18259437620.0
18268532560.0
18277601665.0
18286474346.0
18295437984.0
18304470989.0
18313690154.0
18323453289.0
18332573711.0
18341305533.0
18349519930.0
18358536655.0
18367582755.0
18376744232.0
18386406147.0
18395349611.0
18403597630.0
18412559852.0
18421533753.0
18430476155.0
18439430591.0
18448479523.0
18457507219.0
18466474396.0
18475443696.0
18484480948.0
18493505813.0
18502474760.0
18511433442.0
18521484665.0
18530605087.0
18539597038.0
18548468657.0
18557464147.0
18566578553.0
18575466807.0
18584491672.0
18593471590.0
18602546711.0
18611451598.0
18620545831.0
18641377697.0
18650561117.0
18659519445.0
18668611555.0
18677487775.0
18686601119.0
18695453273.0
18704471060.0
18713466550.0
18723295159.0
18731569367.0
18741473007.0
18750476283.0
18759514597.0
18768602813.0
18777491774.0
18786651127.0
18795281022.0
18803512053.0
18812681316.0
18821713967.0
18830688576.0
18839742816.0
18848575151.0
18857674338.0
18867099837.0
18876742993.0
18885541706.0
18895303779.0
18903269372.0
18911457225.0
18920475366.0
18929306639.0
18937379823.0
18945313564.0
18953311718.0
18961351281.0
18969323599.0
18977579050.0
18986765301.0
18997697775.0
19007501963.0
19017258373.0
19025319878.0
19033631956.0
19042682657.0
19051481370.0
19060694164.0
19069658510.0
19079313346.0
19087503322.0
19096621621.0
19105594815.0
19114661442.0
19123602429.0
19132629064.0
19142483862.0
19152714874.0
19162489334.0
19171288046.0
19179534296.0
19188568363.0
19197221262.0
19206597920.0
19215157739.0
19225631891.0
19234613932.0
19243151808.0
19252612698.0
19261229852.0
19270623852.0
19279565547.0
19288203227.0
19297239772.0
19306638372.0
19315174479.0
19325205528.0
19335189860.0
19344684018.0
19353195705.0
19362607046.0
19371204735.0
19380249065.0
19388540262.0
19397221120.0
19405247587.0
19413457737.0
19423160352.0
19431157090.0
19439205146.0
19448466074.0
19457199666.0
19465223656.0
19473209069.0
19481207930.0
19491397534.0
19499446652.0
19508250319.0
19517454266.0
19526279522.0
19534207601.0
19542212833.0
19550330257.0
19558486611.0
19567159330.0
19575159607.0
19583197400.0
19591174673.0
19599157962.0
19607198586.0
19615155332.0
19625447571.0
19634344673.0
19643478190.0
19652451737.0
19669224538.0
19677198979.0
19685455492.0
19694531675.0
19703461690.0
19712461074.0
19721472136.0
19730540179.0
19740324194.0
19749474700.0
19759414792.0
19767162374.0
19775457463.0
19784456493.0
19793451275.0
19804520360.0
19813490014.0
19822249088.0
19830447205.0
19839406242.0
19847212219.0
19855415291.0
19863384070.0
19872320102.0
19880616607.0
19889196953.0
19898288001.0
19907631744.0
19917208365.0
19926607674.0
19937226224.0
19946282587.0
19955616775.0
19964257995.0
19973629344.0
19982324005.0
19991199518.0
20000615106.0
