4285927.0
13230453.0
40988106.0
60267342.0
72315360.0
80971444.0
90018960.0
99351378.0
108326695.0
116991273.0
126336433.0
135379701.0
149311262.0
159366377.0
168446099.0
176967695.0
186021582.0
197297354.0
206073416.0
215007679.0
224315323.0
235013858.0
244406796.0
253285140.0
263038365.0
272313802.0
281287350.0
290074029.0
299365393.0
308365484.0
316967773.0
328418027.0
337255316.0
347315032.0
356309814.0
364966253.0
374083490.0
383333446.0
392001917.0
400974757.0
410377250.0
419342658.0
428006882.0
437211890.0
447403971.0
456025372.0
467324857.0
476000761.0
485283631.0
494065709.0
512015635.0
521303106.0
530983778.0
540017491.0
549285850.0
558067929.0
567029443.0
576331071.0
585283029.0
594020514.0
603349039.0
613344697.0
623337877.0
632252320.0
641221620.0
652268763.0
662184435.0
671288224.0
680125159.0
689268233.0
698247796.0
708558439.0
718316973.0
727130904.0
736366349.0
745123653.0
754329370.0
764270878.0
775178578.0
784548865.0
794462768.0
804149103.0
813109909.0
822309255.0
831341906.0
840138495.0
849092223.0
858321298.0
869138041.0
878373132.0
887132560.0
898315607.0
907137324.0
916360028.0
925121580.0
936208715.0
945235349.0
954141299.0
963351616.0
972156345.0
981240314.0
990147679.0
999419224.0
1010222164.0
1019286668.0
1028180230.0
1037310562.0
1047357538.0
1056153065.0
1066347623.0
1075347006.0
1084222873.0
1094187032.0
1103144299.0
1112279232.0
1122954409.0
1132290012.0
1142292040.0
1154194245.0
1163440307.0
1176293485.0
1193428695.0
1203349676.0
1212148035.0
1221243330.0
1231054597.0
1242185264.0
1251338600.0
1260155717.0
1269251719.0
1278176779.0
1287357368.0
1296181916.0
1305236156.0
1316236936.0
1325254015.0
1334348602.0
1344155622.0
1353241006.0
1362141293.0
1371321527.0
1380147491.0
1389240309.0
1400172075.0
1408869921.0
1417494507.0
1427281708.0
1437206228.0
1446325942.0
1455059888.0
1464289317.0
1473094046.0
1482289853.0
1493150482.0
1502399376.0
1511164466.0
1520275687.0
1529148722.0
1539352482.0
1548141285.0
1557256045.0
1568168700.0
1577247714.0
1586187285.0
1597127899.0
1606428819.0
1615137991.0
1624367773.0
1634940668.0
1643517829.0
1653246634.0
1662149398.0
1671346974.0
1680161967.0
1689268586.0
1698150469.0
1707317255.0
1718219292.0
1727287335.0
1741133601.0
1750314897.0
1761159954.0
1770348328.0
1779157305.0
1788295069.0
1797121387.0
1806303037.0
1815157668.0
1824296848.0
1834504856.0
1844285332.0
1852996981.0
1862074226.0
1871031493.0
1880051403.0
1888992744.0
1898328702.0
1907023009.0
1916013544.0
1924981429.0
1934324111.0
1943073629.0
1952131408.0
1961281560.0
1971550794.0
1981306850.0
1990156881.0
1999285443.0
2008227492.0
2019323475.0
2028033001.0
2036981420.0
2046089456.0
2055311452.0
2064068049.0
2073010451.0
2082036732.0
2091216612.0
2100032667.0
2108982856.0
2118030371.0
2127045681.0
2136279003.0
2145063558.0
2154079576.0
2165027622.0
2174089294.0
2183098941.0
2192023648.0
2201024800.0
2210343416.0
2219029229.0
2228022242.0
2237232205.0
2246172838.0
2257013648.0
2266354914.0
2275031172.0
2284164689.0
2293351648.0
2302345368.0
2313010281.0
2322064875.0
2331423130.0
2340033913.0
2348986225.0
2358037988.0
2367083026.0
2376033923.0
2384981280.0
2394043660.0
2403045167.0
2412032871.0
2421051365.0
2430967038.0
2440368116.0
2449013583.0
2460052585.0
2469298648.0
2478037903.0
2487042241.0
2496382445.0
2505297950.0
2522326278.0
2532585249.0
2542356878.0
2551065342.0
2560113565.0
2569339101.0
2578346978.0
2587032791.0
2596466430.0
2605346897.0
2616040831.0
2625299635.0
2635030563.0
2644435534.0
2654378104.0
2663177524.0
2672313165.0
2681116125.0
2690345908.0
2699140373.0
2708286985.0
2719192916.0
2728381290.0
2737285116.0
2746183633.0
2757107613.0
2766308020.0
2775163713.0
2784301124.0
2795207762.0
2804301640.0
2813126189.0
2822250858.0
2831073637.0
2840308375.0
2849107441.0
2858342533.0
2867143369.0
2876284672.0
2889099273.0
2898337903.0
2907096270.0
2916152279.0
2925248282.0
2935146966.0
2944383473.0
2953170506.0
2962298715.0
2973188365.0
2982304894.0
2991167666.0
3001272683.0
3014568610.0
3024305555.0
3033143198.0
3042166294.0
3051327063.0
3061011982.0
3070303346.0
3079172134.0
3088378204.0
3099216182.0
3109137517.0
3118301471.0
3127155749.0
3136360757.0
3146241038.0
3155293155.0
3166236954.0
3178316824.0
3187174995.0
3196418934.0
3205139785.0
3214355765.0
3232925398.0
3241223673.0
3250303041.0
3259361528.0
3268243057.0
3277221559.0
3287381788.0
3296332685.0
3305114409.0
3314350208.0
3323204132.0
3332161399.0
3341260940.0
3350202635.0
3359528683.0
3371274103.0
3380290828.0
3388998938.0
3398088569.0
3407353036.0
3416023985.0
3424993993.0
3434337736.0
3443064250.0
3452027534.0
3460998250.0
3472155460.0
3481020709.0
3490349234.0
3499034694.0
3508434356.0
3517027090.0
3526036736.0
3535590352.0
3545307831.0
3554086725.0
3564352420.0
3573346141.0
3582048942.0
3591072038.0
3600355262.0
3608990819.0
3620031237.0
3629308091.0
3639429388.0
3648042649.0
3657308531.0
3666046370.0
3675401793.0
3684363307.0
3693025762.0
3702076109.0
3711368181.0
3720043022.0
3729011261.0
3739582386.0
3749323932.0
3758090084.0
3769335774.0
3778373380.0
3787047160.0
3796472658.0
3805018321.0
3814357818.0
3823384806.0
3833012037.0
3842091051.0
3851345254.0
3860033899.0
3869311460.0
3878089999.0
3887040896.0
3896378623.0
3907270042.0
3916126443.0
3926406296.0
3935584053.0
3944994332.0
3954389748.0
3963053618.0
3972367987.0
3981536188.0
3991301092.0
4000272870.0
4009296673.0
4018155552.0
4027331185.0
4036477089.0
4047237560.0
4058361503.0
4068051730.0
4077268772.0
4086165519.0
4095316025.0
4105139679.0
4115286105.0
4124996506.0
4135382179.0
4144127450.0
4153033045.0
4162355554.0
4171433153.0
4180164621.0
4189399358.0
4201357836.0
4210047896.0
4219359079.0
4228128063.0
4238092930.0
4247428179.0
4257008339.0
4266069658.0
4275464365.0
4285063636.0
4294381190.0
4303050723.0
4312132215.0
4321345010.0
4330964454.0
4340058333.0
4349309704.0
4360248903.0
4370408423.0
4379045396.0
4388045133.0
4397318448.0
4406409495.0
4415071596.0
4424346326.0
4433570800.0
4443060357.0
4452055139.0
4461936836.0
4471291905.0
4481009030.0
4490406923.0
4500613160.0
4510371340.0
4527084328.0
4536289337.0
4546453812.0
4555044422.0
4564439838.0
4573069732.0
4582056374.0
4591389501.0
4600443741.0
4609024795.0
4618359690.0
4627044442.0
4637016741.0
4646447548.0
4655049483.0
4667373202.0
4676349581.0
4685013805.0
4694094589.0
4703402587.0
4712358084.0
4721012045.0
4731343569.0
4740366311.0
4749000452.0
4758370386.0
4767059738.0
4776364551.0
4785321110.0
4794060719.0
4803089123.0
4814103352.0
4823296327.0
4832298542.0
4841007713.0
4850098053.0
4859045410.0
4868351993.0
4877003122.0
4886411987.0
4895361821.0
4904041264.0
4913036046.0
4922408457.0
4931247516.0
4941097360.0
4950300245.0
4962379054.0
4971503723.0
4981122814.0
4990061677.0
4999079110.0
5008471340.0
5017032221.0
5026361808.0
5035306688.0
5045512926.0
5055066896.0
5064370293.0
5073041242.0
5082054428.0
5091382245.0
5101108218.0
5112202432.0
5121008223.0
5130956102.0
5140446367.0
5149034499.0
5158113159.0
5167362408.0
5176453101.0
5185035925.0
5194050526.0
5203398163.0
5212152636.0
5222348964.0
5232613952.0
5242052899.0
5251365144.0
5262064741.0
5271349734.0
5281364857.0
5290061996.0
5299061733.0
5308497141.0
5317347879.0
5326067669.0
5336050231.0
5345015992.0
5354437243.0
5363359473.0
5372043163.0
5381019895.0
5390472291.0
5399084136.0
5410053771.0
5419370617.0
5428132522.0
5438098451.0
5447070582.0
5456042714.0
5465401322.0
5474444945.0
5483054312.0
5493335934.0
5502445385.0
5511096868.0
5520062276.0
5529340899.0
5539053423.0
5548137038.0
5559391576.0
5568068895.0
5578365028.0
5587055088.0
5596173033.0
5605038990.0
5614082258.0
5623369021.0
5633021380.0
5642417503.0
5651046690.0
5660045365.0
5669323635.0
5678111022.0
5687375842.0
5696081475.0
5707061373.0
5716458912.0
5725446262.0
5734350442.0
5744384676.0
5753332742.0
5762105618.0
5771366899.0
5780056960.0
5789411321.0
5798409996.0
5807051216.0
5816052015.0
5825338424.0
5835069706.0
5844084661.0
5855377422.0
5864424938.0
5873015548.0
5882419811.0
5891052183.0
5900362658.0
5909374075.0
5918106251.0
5927051131.0
5937011751.0
5946089349.0
5955072452.0
5964402393.0
5973374879.0
5982063523.0
5991392403.0
6002585359.0
6012059344.0
6021019442.0
6030444940.0
6039070588.0
6048184640.0
6056941944.0
6065017252.0
6074442396.0
6083052826.0
6092402586.0
6101015492.0
6110112556.0
6119387640.0
6128359772.0
6137334027.0
6148460093.0
6157415237.0
6166056456.0
6175059025.0
6184482046.0
6193054606.0
6202402596.0
6211093365.0
6220140173.0
6229353675.0
6239367028.0
6248047179.0
6257335004.0
6266543197.0
6275340141.0
6284373146.0
6296414439.0
6305018852.0
6314225276.0
6325374347.0
6335054311.0
6344390976.0
6353020163.0
6362105901.0
6371359750.0
6380065029.0
6389327018.0
6398127854.0
6407100693.0
6416428865.0
6425331983.0
6434379145.0
6446473172.0
6455373812.0
6464075552.0
6473160936.0
6482107586.0
6491190847.0
6500369666.0
6509134403.0
6518374449.0
6536399405.0
6545141845.0
6554392862.0
6563205024.0
6572376410.0
6581217947.0
6590465071.0
6599605313.0
6611567683.0
6621471322.0
6631112002.0
6640413276.0
6649160316.0
6658379128.0
6667194828.0
6677153324.0
6688407862.0
6697164459.0
6706379023.0
6715379114.0
6724265598.0
6733491133.0
6742144740.0
6751380539.0
6760269855.0
6769404080.0
6778174479.0
6787380549.0
6796309857.0
6806241809.0
6815382051.0
6824172624.0
6833186517.0
6842393649.0
6851171127.0
6860384630.0
6870074857.0
6879392765.0
6888184045.0
6897384453.0
6906184935.0
6915388882.0
6924189010.0
6933171405.0
6942413575.0
6951210872.0
6960552138.0
6970386410.0
6979176982.0
6988408534.0
6997170086.0
7007130706.0
7016391279.0
7025139028.0
7034399601.0
7043209639.0
7052393058.0
7061148239.0
7070401734.0
7079196554.0
7088391653.0
7099223968.0
7108409157.0
7117164692.0
7126183895.0
7135183986.0
7146253779.0
7155201490.0
7164421717.0
7175561586.0
7185396211.0
7194196694.0
7203430369.0
7212185196.0
7221398699.0
7231104145.0
7242236581.0
7251403721.0
7260189692.0
7269403903.0
7278189167.0
7287400899.0
7307460166.0
7318574199.0
7328406347.0
7337406792.0
7346270625.0
7355406266.0
7364174542.0
7373505191.0
7382236305.0
7392551549.0
7402412718.0
7411195859.0
7420544203.0
7436223048.0
7445406822.0
7454244111.0
7463460091.0
7472174572.0
7481411079.0
7490239520.0
7499411969.0
7510230481.0
7520174821.0
7529418052.0
7539197467.0
7549180383.0
7558414059.0
7569193287.0
7578416345.0
7587199132.0
7597097108.0
7606096845.0
7615067915.0
7624183737.0
7633406795.0
7642066065.0
7651065802.0
7660146585.0
7669049349.0
7678199147.0
7687092709.0
7696194374.0
7705063162.0
7716083053.0
7725024748.0
7734438921.0
7743266655.0
7755375900.0
7765432431.0
7774414119.0
7784214414.0
7793428625.0
7802239724.0
7811435531.0
7822280587.0
7831490551.0
7841430643.0
7850244220.0
7862241628.0
7871428941.0
7882241791.0
7891115534.0
7900430964.0
7909175528.0
7918433624.0
7927191282.0
7936273835.0
7945444514.0
7954214559.0
7963437618.0
7973517153.0
7983467509.0
7992562804.0
8002433883.0
8011195080.0
8020437604.0
8029231715.0
8039478653.0
8048182516.0
8057439197.0
8067589516.0
8077515098.0
8086195956.0
8095443435.0
8104304082.0
8113451403.0
8122187826.0
8131145801.0
8142281777.0
8151450686.0
8160201266.0
8169439542.0
8178194369.0
8187449634.0
8196234544.0
8205508212.0
8216222673.0
8225460950.0
8234479091.0
8243191448.0
8252446004.0
8261154114.0
8272450414.0
8283259725.0
8293454283.0
8302191061.0
8320352628.0
8337535264.0
8347449874.0
8356277254.0
8365533227.0
8374217270.0
8383456963.0
8392276910.0
8401614637.0
8413264499.0
8423477815.0
8432454548.0
8441161950.0
8450462516.0
8459186198.0
8468457035.0
8477146388.0
8486458987.0
8497236799.0
8507183262.0
8516453745.0
8525931269.0
8544478960.0
8557201896.0
8567460159.0
8576179241.0
8585461403.0
8594247374.0
8603460523.0
8614240813.0
8624190107.0
8633162593.0
8642498550.0
8651191442.0
8660466526.0
8669225600.0
8678468477.0
8689236380.0
8702389325.0
8712526195.0
8721157151.0
8732213495.0
8741468052.0
8750244822.0
8759468942.0
8768183069.0
8777474787.0
8786289425.0
8798545900.0
8808501211.0
8818357072.0
8827212765.0
8836291425.0
8845552706.0
8855471210.0
8866259994.0
8875477743.0
8885239462.0
8896320227.0
8906300666.0
8915477715.0
8926377274.0
8936476275.0
8945626781.0
8955484411.0
8964201723.0
8973547944.0
8982273042.0
8992338421.0
9001486449.0
9011199327.0
9020478304.0
9029213312.0
9042238139.0
9051483848.0
9060480753.0
9069546319.0
9078375468.0
9087218420.0
9096483948.0
9105151712.0
9114490855.0
9123216661.0
9134522870.0
9144487029.0
9153160455.0
9162516586.0
9171244869.0
9181602937.0
9191507992.0
9200189558.0
9208297780.0
9217494294.0
9226196388.0
9235199664.0
9244493859.0
9253501029.0
9262236390.0
9271490947.0
9280281874.0
9289496084.0
9298213750.0
9307490249.0
9316298871.0
9326252767.0
9343213497.0
9352527511.0
9361189258.0
9370493717.0
9379213506.0
9388504870.0
9400505818.0
9409242241.0
9418562626.0
9427496889.0
9436519276.0
9445186686.0
9454497515.0
9465228611.0
9474498386.0
9483241888.0
9493194721.0
9502529971.0
9511230295.0
9520504317.0
9532434835.0
9542537729.0
9551198060.0
9560500749.0
9569181962.0
9578506594.0
9587193469.0
9596502175.0
9607281403.0
9616504815.0
9625188151.0
9636200964.0
9645570190.0
9654203977.0
9663520469.0
9676251546.0
9685506102.0
9694186253.0
9703206517.0
9712196345.0
9721168122.0
9731280572.0
9740172719.0
9749941516.0
9758530002.0
9767209799.0
9776493731.0
9785138136.0
9793207427.0
9802542677.0
9812067625.0
9820166645.0
9829173461.0
9839405180.0
9848179473.0
9856167717.0
9865169224.0
9874494564.0
9883238065.0
9892537570.0
9901172773.0
9910505191.0
9919137209.0
9928173400.0
9937510065.0
9946119432.0
9955136511.0
9964173763.0
9973188719.0
9982561838.0
9992174558.0
10001471230.0
10010133331.0
10019493355.0
10028496985.0
10037139267.0
10046506015.0
10055202800.0
10064196520.0
10073469127.0
10082587426.0
10092167232.0
10102186601.0
10111187754.0
10120171565.0
10129493366.0
10139502472.0
10148203858.0
10157523181.0
10166627323.0
10176535210.0
10186209511.0
10195530604.0
10204288970.0
10214257376.0
10223532814.0
10233543690.0
10242334262.0
10253604372.0
10262356722.0
10272246912.0
10281534029.0
10292341925.0
10301640721.0
10311568780.0
10320215663.0
10329535694.0
10339211057.0
10355227539.0
10364540845.0
10373171094.0
10381199331.0
10393498275.0
10402537651.0
10411189488.0
10420172591.0
10429651177.0
10439186389.0
10448294071.0
10457567739.0
10466477935.0
10475298591.0
10484494751.0
10493150128.0
10502556515.0
10511184286.0
10519181024.0
10529290289.0
10539529794.0
10556212346.0
10564532564.0
10573193249.0
10582528145.0
10591201925.0
10599234763.0
10608538160.0
10617167700.0
10626530202.0
10636555588.0
10645497991.0
10654194068.0
10663241583.0
10672487646.0
10681548965.0
10691185397.0
10700526663.0
10709465527.0
10719540461.0
10731571845.0
10743090758.0
10753203208.0
10762552968.0
10771252584.0
10781976956.0
10791611264.0
10800234435.0
10809554112.0
10818249481.0
10829166029.0
10841319160.0
10850371276.0
10860215104.0
10868201932.0
10876291397.0
10884215936.0
10892199226.0
10900296476.0
10910327525.0
10920220901.0
10928202421.0
10936613595.0
10945191464.0
10954206773.0
10966597028.0
10976563664.0
10986241151.0
10996415536.0
11005230883.0
11016347747.0
11027591667.0
11038205263.0
11046266768.0
11055574058.0
11064570256.0
11073171837.0
11081200782.0
11090286167.0
11100239000.0
11110370207.0
11120202710.0
11128294651.0
11136599297.0
11145569305.0
11154217957.0
11162264951.0
11171608695.0
11180203906.0
11188594553.0
11198272747.0
11208637540.0
11218209559.0
11226219746.0
11234588097.0
11244579861.0
11254216647.0
11262261518.0
11271648086.0
11280219584.0
11288579087.0
11298581115.0
11307582621.0
11316232335.0
11324202176.0
11332585391.0
11342275264.0
11352600064.0
11362218447.0
11376434556.0
11385575859.0
11396622294.0
11405416406.0
11414527627.0
11424594775.0
11433573985.0
11442257675.0
11450271401.0
11459584000.0
11468200446.0
11476301236.0
11486421825.0
11496638681.0
11506586205.0
11518252348.0
11526216526.0
11534621683.0
11544216000.0
11552206368.0
11560303618.0
11569597814.0
11578207889.0
11586225508.0
11594268963.0
11603593596.0
11614614195.0
11623610038.0
11632589956.0
11641626854.0
11653599134.0
11662226198.0
11670218335.0
11678314878.0
11687616151.0
11698591449.0
11707592248.0
11716302481.0
11724221358.0
11732597495.0
11742313558.0
11752458922.0
11761231445.0
11770207470.0
11778240307.0
11786277038.0
11795602732.0
11804205021.0
11812306873.0
11820225396.0
11828209747.0
11836932721.0
11845621720.0
11856226113.0
11864592340.0
11875598783.0
11884237171.0
11893609936.0
11902267082.0
11910228075.0
11918280378.0
11927602533.0
11936595191.0
11946263122.0
11954275787.0
11964597755.0
11974605446.0
11983613677.0
11992331343.0
12001657744.0
12011335939.0
12020602529.0
12031635515.0
12043610980.0
12052307057.0
12060215316.0
12068630383.0
12081325360.0
12092078399.0
12100289964.0
12108603811.0
12117592577.0
12127208128.0
12136254936.0
12145608590.0
12154207339.0
12162241593.0
12170629409.0
12180212754.0
12188588182.0
12197247098.0
12207656484.0
12217605070.0
12226588173.0
12235599943.0
12244285049.0
12252592526.0
12261618806.0
12270594123.0
12279625005.0
12288618725.0
12297622355.0
12306594841.0
12316295686.0
12326388671.0
12336096240.0
12345594291.0
12356308399.0
12365667007.0
12375625149.0
12386388805.0
12396246081.0
12408092721.0
12416602992.0
12426599357.0
12436573425.0
12446183314.0
12455622261.0
12466333184.0
12475602251.0
12485604279.0
12496475879.0
12505604442.0
12515606824.0
12526425336.0
12535605571.0
12546403910.0
12563606011.0
12574102106.0
12584340550.0
12593615280.0
12603640312.0
12614398306.0
12623606145.0
12633607112.0
12644366520.0
12654102049.0
12664482060.0
12673609915.0
12684338887.0
12693608662.0
12704344358.0
12714352049.0
12723644121.0
12734494840.0
12744402726.0
12753500498.0
12762613488.0
12772636751.0
12782149667.0
12791616219.0
12802350146.0
12811620629.0
12821626550.0
12831657245.0
12841362337.0
12851098574.0
12860573267.0
12870387011.0
12879641922.0
12890436722.0
12900118810.0
12909434594.0
12918455212.0
12927638632.0
12936635892.0
12945448053.0
12954311178.0
12963648906.0
12972634132.0
12981633869.0
12990264471.0
12999670858.0
13010628460.0
13019622888.0
13028642799.0
13043556477.0
13052585943.0
13061675575.0
13072318899.0
13080648318.0
13090645038.0
13099645482.0
13108319263.0
13119220592.0
13131351072.0
13140243927.0
13150141903.0
13159631106.0
13168310195.0
13176665097.0
13185631566.0
13194632365.0
13203651921.0
13213398067.0
13224421852.0
13233638539.0
13247412961.0
13257541691.0
13266635216.0
13276291821.0
13286417366.0
13295646087.0
13306048394.0
13317380086.0
13326634996.0
13336302573.0
13346450769.0
13355642682.0
13367280865.0
13377317223.0
13386640440.0
13396676797.0
13406163877.0
13415675731.0
13426369311.0
13435640502.0
13445654563.0
13456520855.0
13465642693.0
13475648260.0
13486426426.0
13495285659.0
13506392613.0
13515665220.0
13526417550.0
13535645917.0
13546404264.0
13556406292.0
13566109969.0
13576514399.0
13585284799.0
13595372120.0
13604647558.0
13615373345.0
13624431478.0
13633649935.0
13643649132.0
13654373857.0
13664373761.0
13673658755.0
13683671047.0
13693322343.0
13705361514.0
13714652878.0
13724656321.0
13735409006.0
13744298321.0
13754435545.0
13763655064.0
13773673726.0
13784380047.0
13794417113.0
13804526377.0
13815677925.0
13826521920.0
13836393353.0
13845659235.0
13856448019.0
13866438721.0
13875675582.0
13886487371.0
13895678930.0
13906394100.0
13915682278.0
13926418683.0
13936202698.0
13946201187.0
13956409548.0
13965670121.0
13975662594.0
13986442530.0
13996626470.0
14006460742.0
14015666458.0
14028196510.0
14038408057.0
14047679955.0
14059426083.0
14068633569.0
14078174090.0
14088115598.0
14098417747.0
14107669472.0
14117668669.0
14128520450.0
14137671309.0
14150515285.0
14159672869.0
14170408919.0
14180422980.0
14190103298.0
14200514807.0
14210464101.0
14219338198.0
14228605496.0
14238596553.0
14248212458.0
14258500804.0
14269504415.0
14278672970.0
14288679599.0
14299420958.0
14308384949.0
14317344340.0
14326669326.0
14337392989.0
14346679753.0
14356682488.0
14367119125.0
14377413488.0
14386677955.0
14396679983.0
14407462750.0
14417338076.0
14427352491.0
14437677998.0
14447684273.0
14457685593.0
14468421644.0
14478124612.0
14488506746.0
14499305440.0
14508686345.0
14518668907.0
14528096175.0
14538116961.0
14548534486.0
14566609344.0
14576107750.0
14585631283.0
14595460246.0
14605097386.0
14616362541.0
14626114350.0
14636432071.0
14646151320.0
14656197942.0
14666485226.0
14676114934.0
14686118378.0
14696458750.0
14706129158.0
14716190290.0
14729644771.0
14740253058.0
14750233143.0
14760156601.0
14769172265.0
14779153765.0
14789163579.0
14799259041.0
14809617109.0
14818594903.0
14827610567.0
14838185939.0
14849186719.0
14859262361.0
14869210948.0
14879223239.0
14889591924.0
14898602633.0
14907462927.0
14917222168.0
14927226320.0
14937180923.0
14947227898.0
14960526656.0
14970174060.0
14979148669.0
14988331027.0
14998228649.0
15007336331.0
15017127425.0
15025335097.0
15037366481.0
15048624204.0
15057517412.0
15067493604.0
15077197635.0
15086562613.0
15095338675.0
15104339474.0
15114249838.0
15123367783.0
15132344869.0
15142231874.0
15152237088.0
15164549127.0
15173590980.0
15182608413.0
15193232272.0
15203252349.0
15213261456.0
15224216580.0
15233212070.0
15243255506.0
15253236299.0
15262350705.0
15271351150.0
15280351241.0
15290248156.0
15300588174.0
15310354848.0
15319383252.0
15331219274.0
15340350314.0
15349387212.0
15358354035.0
15367355188.0
15376362003.0
15386227419.0
15396259884.0
15406173079.0
15414355623.0
15423360315.0
15433174414.0
15451388007.0
15459388284.0
15468370680.0
15477358383.0
15486472435.0
15495379446.0
15504354409.0
15514401385.0
15523251415.0
15533145499.0
15543200260.0
15552359259.0
15561358996.0
15570360149.0
15579390677.0
15588361393.0
15597361838.0
15606463857.0
15615366621.0
15627303509.0
15636362704.0
15645373058.0
15654389783.0
15663366870.0
15673222022.0
15682386684.0
15691369080.0
15700365631.0
15709401114.0
15718392003.0
15727366612.0
15737144611.0
15745367856.0
15754366885.0
15764219206.0
15772382639.0
15783379172.0
15792369707.0
15801372983.0
15810372366.0
15819402186.0
15828374672.0
15840262012.0
15849400484.0
15858381110.0
15867373060.0
15876383061.0
15885382798.0
15894374041.0
15904315903.0
15914269445.0
15923248301.0
15933177776.0
15943253772.0
15952377026.0
15960380843.0
15970251922.0
15980237669.0
15990252438.0
16001143504.0
16009414527.0
16018383120.0
16028189786.0
16037380638.0
16047249593.0
16056383818.0
16066234016.0
16077627997.0
16087404934.0
16096388037.0
16104388668.0
16114210907.0
16122388496.0
16132371767.0
16142279299.0
16151388750.0
16160438743.0
16170257443.0
16180360337.0
16189422717.0
16198408651.0
16208241861.0
16216387952.0
16224392123.0
16233390444.0
16242389119.0
16251393811.0
16260650845.0
16272229570.0
16282232306.0
16293230254.0
16302391731.0
16311397839.0
16320393329.0
16329426688.0
16338393511.0
16348329710.0
16360338797.0
16371276934.0
16380424254.0
16389398863.0
16399225348.0
16407400461.0
16416400552.0
16426244733.0
16435272783.0
16446314971.0
16464273745.0
16472402140.0
16480435332.0
16488459321.0
16497400308.0
16507268202.0
16515445084.0
16524405182.0
16534361201.0
16543526571.0
16552413055.0
16560433859.0
16578250359.0
16587411482.0
16596594193.0
16606236642.0
16618358983.0
16629261374.0
16639281451.0
16648441158.0
16657413290.0
16666407364.0
16676226772.0
16686637927.0
16696409555.0
16704409833.0
16712409756.0
16720417466.0
16728436501.0
16737411110.0
16747248567.0
16756411459.0
16765332627.0
16774437123.0
16784237065.0
16796644662.0
16806416644.0
16817307710.0
16827276823.0
16837245937.0
16846418739.0
16856247702.0
16866626651.0
16876438980.0
16885421021.0
16894470660.0
16903417664.0
16911421834.0
16920422987.0
16928448039.0
16939419797.0
16949239912.0
16957421749.0
16966445198.0
16976245848.0
16986648509.0
16996426154.0
17004422538.0
17013426876.0
17023259732.0
17034350053.0
17045260938.0
17054429139.0
17063500721.0
17072428259.0
17082426394.0
17092361178.0
17101311012.0
17110433558.0
17120268184.0
17131571916.0
17140641728.0
17150428575.0
17160322659.0
17168459194.0
17176430096.0
17184438514.0
17192430297.0
17200431283.0
17208460581.0
17218275388.0
17226434574.0
17235436788.0
17244512617.0
17253433431.0
17263159758.0
17271523861.0
17280434765.0
17288483529.0
17296435320.0
17304435598.0
17312439414.0
17320436861.0
17328470406.0
17337440060.0
17347269377.0
17355438473.0
17364444226.0
17373442548.0
17383317874.0
17393609405.0
17403305649.0
17412443414.0
17420442983.0
17429457231.0
17438494837.0
17447459182.0
17457230811.0
17465442730.0
17487685660.0
17498388797.0
17507555228.0
17516448082.0
17526285539.0
17535306157.0
17544498071.0
17553461709.0
17562519842.0
17571452335.0
17580452780.0
17589447562.0
17597454564.0
17606468104.0
17615449083.0
17623467410.0
17633251426.0
17645328819.0
17655599115.0
17666289510.0
17675451695.0
17683454804.0
17691457205.0
17700462958.0
17708487656.0
17717579057.0
17727229646.0
17737427036.0
17747453838.0
17755455177.0
17765195307.0
17774453049.0
17784295107.0
17796330030.0
17805461424.0
17813481875.0
17822458607.0
17831457636.0
17841275274.0
17849459234.0
17857460219.0
17866464557.0
17874460234.0
17882464050.0
17892291598.0
17900468125.0
17909465031.0
17918492728.0
17927462382.0
17941244943.0
17950498084.0
17959464199.0
17967465185.0
17976464922.0
17984473693.0
17992472201.0
18000503977.0
18009469738.0
18017465769.0
18025470293.0
18034478524.0
18042467476.0
18051201422.0
18060521808.0
18069470935.0
18081275104.0
18089469328.0
18097470313.0
18106473235.0
18114470681.0
18122478037.0
18132183129.0
18140471849.0
18149473001.0
18159332755.0
18169250197.0
18178472901.0
18186493352.0
18196440523.0
18204471237.0
18213475929.0
18223316571.0
18232259328.0
18240480095.0
18248498422.0
18256480650.0
18264477388.0
18272479081.0
18280477943.0
18288481406.0
18296478498.0
18304483730.0
18312483654.0
18321509227.0
18331262098.0
18339481095.0
18349251308.0
18358477552.0
18366543304.0
18375504110.0
18384488275.0
18392482536.0
18400483521.0
18408547503.0
18417483889.0
18425491599.0
18434494875.0
18444276413.0
18453485669.0
18462229878.0
18472315784.0
18481521501.0
18498636538.0
18507612917.0
18517488596.0
18526493996.0
18535189011.0
18543490117.0
18552490208.0
18561550819.0
18570491098.0
18587323002.0
18595491744.0
18605348666.0
18613492988.0
18622495910.0
18631519006.0
18643421918.0
18653260436.0
18661499253.0
18670498991.0
18679526687.0
18689279912.0
18697505280.0
18706496169.0
18714497154.0
18722529638.0
18732197923.0
18742327361.0
18750498580.0
18759635637.0
18770647034.0
18780503248.0
18791505090.0
18800507658.0
18808506166.0
18816506089.0
18826368674.0
18835293735.0
18843582808.0
18852503976.0
18862184648.0
18870509113.0
18880374175.0
18890648364.0
18900509888.0
18909550679.0
18918561033.0
18928439191.0
18938511294.0
18947509969.0
18956515015.0
18965520061.0
18974517321.0
18983513518.0
18992517502.0
19000509640.0
19008511333.0
19018184219.0
19026516824.0
19035515145.0
19044514528.0
19054299252.0
19065135460.0
19075516532.0
19085141993.0
19093520253.0
19103277371.0
19113266304.0
19122518030.0
19132277625.0
19141520149.0
19150518824.0
19159545459.0
19168545550.0
19178244979.0
19186520250.0
19196216140.0
19206618093.0
19218195403.0
19226519867.0
19235525975.0
19244522881.0
19253532527.0
19262521647.0
19271521030.0
19280533862.0
19289560143.0
19298527673.0
19307530950.0
19316542720.0
19324524594.0
19334257999.0
19344199507.0
19355466078.0
19365144273.0
19373527488.0
19382526163.0
19391526254.0
19400527406.0
19408530869.0
19416527254.0
19425527345.0
19435201292.0
19443555132.0
19452613265.0
19462554419.0
19471552033.0
19480530535.0
19489564248.0
19501393546.0
19521303460.0
19529562804.0
19538533520.0
19547532549.0
19556533702.0
19564541766.0
19574271278.0
19584224465.0
19592563795.0
19602218631.0
19612693137.0
19622539796.0
19632215159.0
19643544727.0
19652541632.0
19660555359.0
19669574915.0
19678542092.0
19687542183.0
19696543689.0
19704540428.0
19713540165.0
19722540964.0
19732307283.0
19740545746.0
19749576628.0
19758592645.0
19767723331.0
19777543800.0
19786543537.0
19799338672.0
19808544035.0
19818227184.0
19826545986.0
19835545369.0
19844581206.0
19854485199.0
19864484750.0
19872554041.0
19881551300.0
19890551745.0
19899584043.0
19909329127.0
19919240553.0
19927660575.0
19939655859.0
19949263271.0
19957554821.0
19966554558.0
19975551818.0
19984551909.0
19994291685.0
