1336388.0
10265696.0
33372182.0
47969813.0
61017290.0
71908356.0
81383049.0
90434811.0
99033207.0
108012417.0
117405355.0
126019324.0
135060115.0
150120314.0
159044667.0
168134299.0
177384963.0
186441326.0
196572534.0
206495992.0
215420699.0
223999630.0
235432541.0
244091811.0
254162498.0
263453862.0
271999525.0
280974488.0
290492358.0
299047222.0
308052268.0
317382917.0
328099856.0
338074986.0
347005356.0
355997660.0
365382458.0
374503235.0
383021292.0
392418123.0
401389547.0
410063681.0
419028734.0
428423795.0
438031914.0
446999799.0
456442285.0
467009518.0
476414843.0
484964752.0
494484392.0
511286567.0
520988121.0
531407770.0
540431927.0
548973696.0
558485904.0
567448834.0
576017501.0
584971229.0
594439905.0
603031223.0
614137469.0
623026077.0
632978556.0
642027842.0
651291600.0
660019530.0
668029717.0
676095823.0
684018592.0
692010730.0
700110104.0
708074282.0
716255764.0
724972368.0
732986095.0
740977878.0
748977802.0
756984096.0
764967385.0
774267951.0
783040828.0
791236467.0
800011821.0
808136323.0
817008297.0
824980261.0
833241021.0
842069462.0
851018943.0
859037978.0
868371812.0
876999583.0
884972963.0
893230538.0
902323709.0
911024386.0
919024664.0
927042637.0
935259865.0
944011861.0
952102741.0
960026572.0
968089493.0
976117730.0
984025281.0
992033699.0
1000209519.0
1009259866.0
1018065303.0
1026028419.0
1036111848.0
1045378792.0
1054024612.0
1062035154.0
1071067097.0
1080034274.0
1088036675.0
1096143127.0
1105004483.0
1112994497.0
1122050860.0
1131305063.0
1140025206.0
1148044595.0
1156105392.0
1164160881.0
1173226092.0
1183032051.0
1191082230.0
1199275746.0
1208045792.0
1216105527.0
1224028651.0
1232036714.0
1241229336.0
1249257926.0
1258054162.0
1266030727.0
1274069935.0
1282020310.0
1290048901.0
1298110760.0
1306010879.0
1315502914.0
1324108034.0
1332287039.0
1341226257.0
1350027447.0
1358119388.0
1366024462.0
1374027925.0
1382073150.0
1390069180.0
1399268526.0
1408139084.0
1417006102.0
1425219083.0
1434272970.0
1443051863.0
1451019226.0
1459061974.0
1467050572.0
1475023598.0
1483022814.0
1492356294.0
1501010608.0
1509017256.0
1516978249.0
1525005778.0
1533224068.0
1542033752.0
1550076146.0
1558018735.0
1567267983.0
1576107042.0
1584025918.0
1592260488.0
1601057785.0
1609063726.0
1616978709.0
1625025350.0
1634079944.0
1643045351.0
1651272135.0
1660113671.0
1668025116.0
1676043089.0
1684109195.0
1692027718.0
1700018086.0
1708153913.0
1717257701.0
1726028455.0
1735026776.0
1743046165.0
1751042549.0
1760305246.0
1768985397.0
1777005140.0
1784976750.0
1793002155.0
1801013050.0
1808985722.0
1816986354.0
1825018838.0
1834028484.0
1842278627.0
1851036993.0
1859274748.0
1868593364.0
1877226443.0
1885008001.0
1892982796.0
1900990152.0
1909272855.0
1918275423.0
1927285778.0
1936358067.0
1945261185.0
1954048927.0
1962032924.0
1971067699.0
1979270062.0
1988151591.0
1996263352.0
2005277246.0
2014163022.0
2022153036.0
2030419458.0
2039298510.0
2048283029.0
2058161894.0
2066365673.0
2075315154.0
2084281269.0
2093258355.0
2102345510.0
2111336399.0
2120281633.0
2129253764.0
2139173330.0
2148220492.0
2156878700.0
2166209702.0
2175378257.0
2185284374.0
2206395834.0
2215168003.0
2223436549.0
2232163062.0
2240141397.0
2249233860.0
2258080705.0
2266037097.0
2275444900.0
2284581602.0
2293035247.0
2302032860.0
2311094886.0
2319327687.0
2328285662.0
2337302033.0
2346438382.0
2355301507.0
2364278239.0
2373229490.0
2381028389.0
2389261190.0
2398279330.0
2407317644.0
2416354896.0
2425259076.0
2434031245.0
2442290235.0
2452171578.0
2461055230.0
2468986494.0
2478452339.0
2487457384.0
2496069937.0
2504986504.0
2523076934.0
2532279819.0
2542042954.0
2551476238.0
2560526939.0
2569023761.0
2578034116.0
2587444750.0
2596149674.0
2605031557.0
2616458806.0
2624986773.0
2635444291.0
2644119133.0
2653021543.0
2660988906.0
2668987060.0
2677017774.0
2684986907.0
2692994263.0
2701024623.0
2708972167.0
2718286182.0
2727073215.0
2735277703.0
2744023328.0
2752161633.0
2761022988.0
2769003093.0
2776995230.0
2785016742.0
2794337835.0
2803035682.0
2811044807.0
2819280793.0
2828038097.0
2836363270.0
2845014753.0
2852994504.0
2860993366.0
2869018063.0
2876974455.0
2886283869.0
2896994437.0
2905043201.0
2913237779.0
2921240888.0
2929263816.0
2939029781.0
2947040322.0
2955048386.0
2963055034.0
2972277031.0
2980996112.0
2989013377.0
2996989942.0
3004982434.0
3014082683.0
3022292479.0
3031047660.0
3039196228.0
3048039534.0
3056027425.0
3064362507.0
3073057876.0
3080997280.0
3089058785.0
3098325375.0
3107034900.0
3115034824.0
3123075802.0
3131218354.0
3139285521.0
3148124226.0
3156071416.0
3165306154.0
3174326064.0
3183107435.0
3191078337.0
3199075783.0
3207061904.0
3215062182.0
3223869388.0
3232134395.0
3240288272.0
3248988950.0
3257107790.0
3266090892.0
3274047992.0
3283325907.0
3292140192.0
3300289469.0
3309018814.0
3318191970.0
3326358234.0
3335310192.0
3344031043.0
3352119446.0
3360018149.0
3370054507.0
3379033363.0
3387052752.0
3395280952.0
3403883948.0
3412117811.0
3420285844.0
3429252667.0
3439034913.0
3447395831.0
3456290809.0
3465241706.0
3473147842.0
3481434791.0
3490037788.0
3499446652.0
3508120079.0
3517525404.0
3526446925.0
3535286338.0
3544994262.0
3554502930.0
3564038851.0
3573035402.0
3582461608.0
3591487535.0
3600041338.0
3611289151.0
3620444257.0
3628994167.0
3639061669.0
3648455669.0
3656995315.0
3666456559.0
3675083268.0
3684047260.0
3693521244.0
3702487006.0
3711051779.0
3720454981.0
3729422512.0
3739278018.0
3748994082.0
3760502024.0
3769021142.0
3778060518.0
3787461596.0
3796156611.0
3805520174.0
3814045663.0
3823070529.0
3833423995.0
3842504779.0
3851035577.0
3860449396.0
3868999660.0
3878501958.0
3887451085.0
3896065053.0
3905001085.0
3916542295.0
3926091310.0
3935283932.0
3945403814.0
3954074408.0
3963466285.0
3972053355.0
3980999651.0
3989238468.0
3997275199.0
4006068249.0
4014077728.0
4022094286.0
4030116860.0
4038151467.0
4046398071.0
4055054863.0
4063053017.0
4071344213.0
4080052323.0
4088038090.0
4096199754.0
4105566856.0
4116060473.0
4125461551.0
4135066839.0
4144558520.0
4153445358.0
4162042692.0
4171114982.0
4180581181.0
4189027392.0
4200987639.0
4210461270.0
4219044448.0
4228558425.0
4237287062.0
4247108593.0
4257422067.0
4266483740.0
4275142301.0
4284336338.0
4294067266.0
4303462328.0
4312547713.0
4321031086.0
4331379598.0
4340469230.0
4348997550.0
4361022564.0
4370092376.0
4379456293.0
4388461339.0
4397004170.0
4406094510.0
4415482493.0
4424034172.0
4433267847.0
4443479748.0
4452468159.0
4461262271.0
4472051409.0
4481421696.0
4490092291.0
4501351430.0
4510054231.0
4527521769.0
4537048133.0
4546140596.0
4555457796.0
4564124144.0
4573575125.0
4582470102.0
4591073807.0
4600128755.0
4609436045.0
4618047182.0
4627459232.0
4636374383.0
4646133270.0
4657403380.0
4667056093.0
4676036365.0
4685485575.0
4694506547.0
4703089017.0
4712043453.0
4721423296.0
4731022921.0
4740051679.0
4749468330.0
4758054339.0
4767476652.0
4776051335.0
4785009664.0
4794474093.0
4806142005.0
4815378512.0
4824328347.0
4833439214.0
4842048935.0
4851182452.0
4859470818.0
4868037007.0
4877476662.0
4886097355.0
4895051083.0
4904453223.0
4913454375.0
4922092764.0
4932060816.0
4941564530.0
4952990009.0
4962060175.0
4971179890.0
4980320486.0
4989283769.0
4999492484.0
5008155647.0
5017447719.0
5026048592.0
5034972237.0
5046314192.0
5055486287.0
5064055662.0
5073454262.0
5082465679.0
5091066198.0
5100298458.0
5111312333.0
5121420535.0
5131373015.0
5140131027.0
5149537060.0
5158525118.0
5167048130.0
5176135284.0
5185454608.0
5194463547.0
5203082116.0
5212573089.0
5223248619.0
5232306045.0
5242465565.0
5251049805.0
5262480239.0
5272177545.0
5281046687.0
5290472893.0
5299475815.0
5308182509.0
5317033248.0
5326480689.0
5335316917.0
5345429366.0
5354122258.0
5363048380.0
5372454413.0
5381434331.0
5390154474.0
5399494679.0
5410465729.0
5419054570.0
5428548374.0
5437309571.0
5447478648.0
5456471306.0
5465083505.0
5474128897.0
5483463439.0
5493018825.0
5502125091.0
5511513428.0
5520474942.0
5529030514.0
5539465382.0
5548553598.0
5559072343.0
5568486870.0
5578052873.0
5587471647.0
5596587469.0
5606062515.0
5614495633.0
5623055452.0
5632386808.0
5642101102.0
5651455817.0
5660458386.0
5669010065.0
5678525104.0
5687059795.0
5698289558.0
5707479349.0
5716141803.0
5725041028.0
5735103930.0
5744069337.0
5753016340.0
5762521470.0
5771051914.0
5780468918.0
5789009272.0
5798095011.0
5807459635.0
5816463266.0
5825024146.0
5834383108.0
5846538717.0
5855062437.0
5864093318.0
5873419720.0
5882102702.0
5891464849.0
5900048381.0
5909010603.0
5918521041.0
5927460612.0
5936324799.0
5946480781.0
5955491135.0
5964085638.0
5973017423.0
5982475482.0
5991074586.0
6002262233.0
6012475195.0
6021431047.0
6030128539.0
6039485378.0
6048592705.0
6057942820.0
6066024498.0
6074128827.0
6083461599.0
6092085477.0
6101427451.0
6110525577.0
6119073363.0
6128046556.0
6138076543.0
6148140153.0
6157039731.0
6166463106.0
6175470983.0
6184165998.0
6193473289.0
6202089381.0
6211507801.0
6220554255.0
6229039397.0
6239054520.0
6248461261.0
6257019664.0
6266222549.0
6276085488.0
6285042755.0
6296094145.0
6305432226.0
6314970978.0
6325056176.0
6334374084.0
6344074575.0
6353432121.0
6362518922.0
6371051135.0
6380477695.0
6389014864.0
6398542998.0
6407511944.0
6416112818.0
6425020183.0
6435102903.0
6446152170.0
6455061304.0
6464489634.0
6474318597.0
6483169689.0
6492571475.0
6501439909.0
6510546175.0
6519429473.0
6537403111.0
6546521764.0
6555462397.0
6564541412.0
6573498325.0
6582588310.0
6591546285.0
6602256146.0
6610549466.0
6619373307.0
6628262268.0
6636374737.0
6645130272.0
6653419345.0
6662381567.0
6671175678.0
6680496771.0
6691242378.0
6699242655.0
6707602511.0
6717473590.0
6726188071.0
6734593936.0
6744193208.0
6752394863.0
6761561649.0
6770486710.0
6779498480.0
6788404075.0
6798223128.0
6807590938.0
6816427874.0
6825473620.0
6834533523.0
6843475218.0
6852513178.0
6861425143.0
6871458670.0
6880542993.0
6889503091.0
6898409041.0
6907518492.0
6916547250.0
6926239601.0
6934510624.0
6943472846.0
6952261649.0
6960179464.0
6968387845.0
6977137009.0
6985163476.0
6993161630.0
7001144920.0
7009182712.0
7017370565.0
7026488510.0
7035452856.0
7044548858.0
7053472503.0
7063213695.0
7071507015.0
7081173884.0
7089346519.0
7098375985.0
7107074539.0
7115069154.0
7123416269.0
7132393710.0
7141049086.0
7149024943.0
7157024159.0
7165143352.0
7175084153.0
7183412511.0
7192148580.0
7200070288.0
7208054286.0
7216150120.0
7224076075.0
7232122008.0
7241386475.0
7250112634.0
7258065133.0
7266073905.0
7274116652.0
7283270343.0
7292074718.0
7300150733.0
7308228165.0
7318091457.0
7326493430.0
7335417783.0
7344080945.0
7352053263.0
7360146975.0
7368072222.0
7376060112.0
7384163380.0
7392071993.0
7400389379.0
7409022813.0
7417044325.0
7425181214.0
7435395238.0
7444158559.0
7452066818.0
7460054709.0
7468155145.0
7476094902.0
7484062266.0
7492160578.0
7500116262.0
7509392054.0
7518075390.0
7526121676.0
7534404025.0
7543095501.0
7551085161.0
7559125077.0
7568396622.0
7577024393.0
7585049444.0
7593097147.0
7601472929.0
7610447184.0
7619400558.0
7628400295.0
7637401094.0
7646408263.0
7655441976.0
7664432866.0
7673446759.0
7682436941.0
7691423937.0
7700407747.0
7709562854.0
7718414300.0
7727406958.0
7736404926.0
7745038360.0
7754442623.0
7763405199.0
7772057744.0
7780093767.0
7788100061.0
7796104232.0
7804195112.0
7812140886.0
7821475782.0
7830987282.0
7839505693.0
7848076837.0
7856066497.0
7864185336.0
7872133588.0
7881409734.0
7890080683.0
7899081482.0
7907063709.0
7915093362.0
7923089392.0
7931242562.0
7939414488.0
7948152681.0
7956075451.0
7964156775.0
7973035119.0
7981491595.0
7991969994.0
8000416560.0
8009030528.0
8017050979.0
8025055503.0
8033422792.0
8042126301.0
8050073137.0
8058179236.0
8067113852.0
8075422391.0
8084089446.0
8092150951.0
8100194407.0
8108063381.0
8116154615.0
8124105344.0
8132152339.0
8141496790.0
8150118545.0
8158075998.0
8166078399.0
8174156538.0
8182072584.0
8190114269.0
8198148169.0
8206215690.0
8215427069.0
8224186497.0
8232462476.0
8241065472.0
8249061149.0
8257057533.0
8265065597.0
8273121439.0
8282436870.0
8291434129.0
8300066147.0
8308210823.0
8316092538.0
8328413426.0
8337133923.0
8345461219.0
8354154464.0
8362071571.0
8370081051.0
8378118489.0
8386075589.0
8394114090.0
8402128170.0
8412441644.0
8421452352.0
8430984734.0
8439086939.0
8447072352.0
8455094218.0
8463097681.0
8471072830.0
8479047980.0
8487194071.0
8496445796.0
8505124177.0
8513136134.0
8521081908.0
8529056350.0
8545200241.0
8554441703.0
8563446041.0
8572188127.0
8580077628.0
8588068704.0
8596268944.0
8604170479.0
8613440608.0
8622117220.0
8631047589.0
8639074410.0
8647072210.0
8655091953.0
8663089399.0
8671116221.0
8679185512.0
8688448562.0
8697451485.0
8706457592.0
8715092088.0
8723079978.0
8731277033.0
8739492492.0
8748082747.0
8756065683.0
8764174259.0
8772110478.0
8780071116.0
8788319843.0
8797123157.0
8805134759.0
8813188124.0
8821074795.0
8832112028.0
8840309437.0
8848162131.0
8856182228.0
8865456958.0
8874085437.0
8882163929.0
8891464849.0
8900076694.0
8908164743.0
8916184486.0
8925553711.0
8934478772.0
8943100173.0
8951460737.0
8960096648.0
8969944014.0
8978130452.0
8986080119.0
8994091014.0
9002305057.0
9012575354.0
9021582877.0
9034536920.0
9043577358.0
9052642215.0
9063241300.0
9071468792.0
9080488702.0
9089151865.0
9097504643.0
9106484207.0
9115541986.0
9125223012.0
9133561633.0
9142513238.0
9151199405.0
9159241799.0
9167227211.0
9175489741.0
9184290223.0
9192580004.0
9201479229.0
9210212821.0
9218575509.0
9228206632.0
9236522957.0
9245597724.0
9255519413.0
9264212659.0
9272539955.0
9281582516.0
9290594640.0
9300215500.0
9308564739.0
9318210727.0
9327622423.0
9344527942.0
9353516707.0
9362605985.0
9371508395.0
9380535030.0
9392361142.0
9401522973.0
9410646227.0
9420013683.0
9429479174.0
9439119145.0
9447118361.0
9455192607.0
9464479016.0
9473142179.0
9481166169.0
9489131762.0
9497137349.0
9505170540.0
9513150645.0
9521179589.0
9531357867.0
9540486784.0
9549132605.0
9557136421.0
9565171383.0
9573151133.0
9581143978.0
9589169030.0
9597165414.0
9606485445.0
9615114632.0
9623119864.0
9631155534.0
9639547596.0
9648122988.0
9656173167.0
9664325275.0
9675498766.0
9685174837.0
9694600335.0
9703622369.0
9713193327.0
9722598652.0
9732464422.0
9741564317.0
9750984861.0
9760516180.0
9769201286.0
9777473371.0
9786498590.0
9795228997.0
9803988425.0
9813535670.0
9822550272.0
9831178043.0
9840352260.0
9849490733.0
9858514890.0
9867219815.0
9875514904.0
9884617631.0
9893538091.0
9902514469.0
9912556844.0
9921527560.0
9931299188.0
9940287600.0
9948523586.0
9957519076.0
9966524121.0
9975123933.0
9984080492.0
9993137210.0
10001150936.0
10010548829.0
10019178370.0
10028179876.0
10037553349.0
10046189260.0
10055614050.0
10064613434.0
10073151664.0
10083445319.0
10092576359.0
10101528671.0
10111604314.0
10120585647.0
10129173425.0
10139188902.0
10148619355.0
10157141659.0
10166137149.0
10174513286.0
10183641848.0
10192204499.0
10200198052.0
10208196206.0
10216173125.0
10224235338.0
10233143057.0
10241516716.0
10250145902.0
10258197498.0
10266194944.0
10274137533.0
10282257434.0
10291514822.0
10300172676.0
10308144640.0
10316188803.0
10324168908.0
10332552476.0
10341151226.0
10349144426.0
10360612375.0
10369177503.0
10377136372.0
10385225128.0
10393179751.0
10402221604.0
10411604278.0
10420585965.0
10429212675.0
10439597640.0
10448947400.0
10457243552.0
10466166489.0
10475996514.0
10484179058.0
10494626667.0
10504113392.0
10513201962.0
10521177466.0
10531631445.0
10540649585.0
10558970769.0
10568547036.0
10577184363.0
10585195258.0
10593166514.0
10601173516.0
10609551776.0
10619190686.0
10627229540.0
10636233170.0
10645178404.0
10654607088.0
10663657789.0
10672170891.0
10682329350.0
10691599833.0
10700209200.0
10709148418.0
10720345975.0
10729542843.0
10739539562.0
10748527974.0
10757151498.0
10765178673.0
10773160547.0
10781183475.0
10789544747.0
10798193753.0
10806195093.0
10814175197.0
10822552395.0
10831285633.0
10840545145.0
10849540281.0
10858189995.0
10866202659.0
10874239036.0
10882187996.0
10890199245.0
10898238807.0
10906195553.0
10914203616.0
10922247072.0
10931060295.0
10939198246.0
10947208787.0
10957102516.0
10966200288.0
10974556959.0
10983238172.0
10991621033.0
11000551402.0
11009159000.0
11017319955.0
11026553631.0
11035572833.0
11044174061.0
11052199466.0
11060661958.0
11069636921.0
11079230530.0
11087549686.0
11096926344.0
11106585781.0
11116176912.0
11124198424.0
11132556511.0
11141581376.0
11150249140.0
11158194914.0
11166203686.0
11174176358.0
11182199640.0
11190584270.0
11199279285.0
11208229474.0
11216181619.0
11224176588.0
11234010505.0
11242563954.0
11251619256.0
11260177659.0
11268195633.0
11276181400.0
11284181323.0
11292568785.0
11301577724.0
11310202664.0
11318248950.0
11326211712.0
11334550688.0
11343610591.0
11352197661.0
11360186259.0
11369953995.0
11378263949.0
11386192382.0
11396220245.0
11404567715.0
11413574530.0
11422169741.0
11431001722.0
11439615336.0
11448198160.0
11456186758.0
11464207208.0
11472197222.0
11480177681.0
11488295812.0
11496236986.0
11504567467.0
11513562957.0
11522252309.0
11531003951.0
11539568017.0
11548298778.0
11556200313.0
11564188557.0
11572211485.0
11580199376.0
11588339450.0
11596231075.0
11604215426.0
11614206129.0
11622203221.0
11631062454.0
11639574140.0
11648202619.0
11656214576.0
11664207067.0
11672192480.0
11680221425.0
11688274436.0
11698196125.0
11706215513.0
11714247643.0
11722196249.0
11731011950.0
11739214313.0
11747595051.0
11756580631.0
11765571520.0
11776216968.0
11784208752.0
11792337501.0
11800281859.0
11808201090.0
11816218355.0
11824216863.0
11832242623.0
11840586553.0
11849583105.0
11858254054.0
11866366169.0
11874202583.0
11882254178.0
11890198891.0
11898202000.0
11906301374.0
11914204678.0
11922204248.0
11931065249.0
11939198953.0
11947580045.0
11956286031.0
11964202431.0
11972579629.0
11982085820.0
11990402145.0
11998220155.0
12006342888.0
12014269197.0
12022439354.0
12030227636.0
12038267198.0
12046254381.0
12054213604.0
12062218482.0
12071320501.0
12080584613.0
12089620450.0
12098341655.0
12106588966.0
12115603214.0
12124603658.0
12133607289.0
12142247447.0
12150227551.0
12158210133.0
12166589808.0
12175599455.0
12184290223.0
12192611857.0
12202240503.0
12210607084.0
12219592664.0
12228593463.0
12237655843.0
12246249992.0
12254593214.0
12263591536.0
12272592335.0
12281654361.0
12290642065.0
12299590838.0
12308340710.0
12316930612.0
12325597668.0
12336537220.0
12346456785.0
12355594196.0
12366514283.0
12376536838.0
12385603819.0
12396666180.0
12407447178.0
12417382669.0
12427424336.0
12436254901.0
12446616154.0
12456461751.0
12465605178.0
12476420859.0
12486114626.0
12495625772.0
12506480384.0
12516445605.0
12526092655.0
12536566099.0
12545611846.0
12564440899.0
12574532468.0
12583626347.0
12594440613.0
12604584915.0
12613622521.0
12624439264.0
12634432090.0
12643608078.0
12654544799.0
12663636554.0
12674486919.0
12683608049.0
12694435764.0
12703616352.0
12713620150.0
12724571027.0
12734155434.0
12743654547.0
12754175062.0
12763438821.0
12772312918.0
12782584630.0
12792449338.0
12801619309.0
12812439945.0
12822479842.0
12831278555.0
12840646011.0
12851660593.0
12860259343.0
12869628215.0
12880597850.0
12889622007.0
12899619434.0
12908620941.0
12917635188.0
12926233938.0
12934352424.0
12942619554.0
12951248387.0
12961626628.0
12970652909.0
12979637073.0
12988289265.0
12996248488.0
13004626394.0
13013636749.0
13022275845.0
13030512185.0
13042633817.0
13051662575.0
13060289992.0
13068627552.0
13077625519.0
13086240550.0
13094254630.0
13102241104.0
13110641307.0
13120320564.0
13128626625.0
13137629901.0
13146252717.0
13154257949.0
13162631255.0
13171283092.0
13180192934.0
13188635961.0
13198117024.0
13207113222.0
13215286919.0
13223670487.0
13234471658.0
13246635053.0
13257114514.0
13267464442.0
13276933118.0
13285640520.0
13296528400.0
13306485835.0
13317049174.0
13327473778.0
13336937853.0
13345639239.0
13356469077.0
13367979850.0
13376639473.0
13387462233.0
13396368182.0
13406598132.0
13416530085.0
13425642721.0
13436451678.0
13446534399.0
13455666855.0
13466511203.0
13476494120.0
13486097638.0
13496004109.0
13505655760.0
13516593188.0
13525644951.0
13536472666.0
13545642990.0
13555676871.0
13566537853.0
13576177471.0
13586145877.0
13594648008.0
13605438561.0
13614647817.0
13625078083.0
13634534018.0
13644515873.0
13653651868.0
13663652834.0
13674503553.0
13684926388.0
13696224811.0
13704651557.0
13715480688.0
13725535449.0
13734655518.0
13744943510.0
13753654451.0
13764526406.0
13774511799.0
13783655580.0
13793666810.0
13804191926.0
13816617219.0
13826160925.0
13835657561.0
13846534116.0
13856122770.0
13865670723.0
13876603197.0
13886159998.0
13896558766.0
13905662909.0
13916633605.0
13925675105.0
13936633414.0
13946651722.0
13955665262.0
13966505010.0
13976491819.0
13985673469.0
13996218405.0
14005674340.0
14016525413.0
14027564416.0
14037665894.0
14048531832.0
14059097294.0
14068313274.0
14079126832.0
14088546668.0
14097672399.0
14108507546.0
14118522315.0
14128187415.0
14138150866.0
14149671548.0
14160519436.0
14169670649.0
14180097377.0
14190530475.0
14200181064.0
14209675930.0
14220030105.0
14228290157.0
14238196627.0
14248647421.0
14259230225.0
14268683683.0
14279564485.0
14289507055.0
14298672779.0
14309027661.0
14318087918.0
14326357526.0
14337063493.0
14347517472.0
14357482693.0
14367549134.0
14376665663.0
14387514259.0
14397565481.0
14407109895.0
14418104658.0
14428183132.0
14439178603.0
14448537565.0
14458523667.0
14467681605.0
14478551789.0
14487681767.0
14500173242.0
14509580691.0
14518351798.0
14528520521.0
14538544138.0
14548196496.0
14567286740.0
14576538820.0
14585313112.0
14595128272.0
14605595346.0
14615592773.0
14626544358.0
14636105761.0
14646577081.0
14656633612.0
14666155376.0
14676545650.0
14686541308.0
14696132085.0
14706555981.0
14716318408.0
14727146476.0
14738163536.0
14747115494.0
14756563643.0
14765066836.0
14774162484.0
14783120459.0
14792111348.0
14800389450.0
14809097560.0
14818111100.0
14827119331.0
14835319217.0
14846212760.0
14855116940.0
14864247626.0
14872318333.0
14880579092.0
14889069190.0
14898112813.0
14906327563.0
14915109642.0
14924100885.0
14933074078.0
14942167957.0
14950542324.0
14960114698.0
14968432792.0
14977104095.0
14986115865.0
14995113832.0
15004194616.0
15013103397.0
15022121537.0
15030324963.0
15038416551.0
15048122705.0
15057072186.0
15067026789.0
15075327895.0
15084126254.0
15093076442.0
15102129267.0
15110351450.0
15119118664.0
15128109553.0
15137082746.0
15145337136.0
15153406781.0
15164120534.0
15173084172.0
15182174512.0
15190331928.0
15198333975.0
15206356549.0
15214585103.0
15222385771.0
15231095651.0
15239360658.0
15248129995.0
15256487020.0
15265181328.0
15274129393.0
15282336358.0
15290373442.0
15300160289.0
15308338586.0
15317077487.0
15326212066.0
15334392841.0
15343190138.0
15352217481.0
15361120598.0
15370171299.0
15378340749.0
15386379603.0
15395341117.0
15403341395.0
15412294061.0
15421112947.0
15431160276.0
15440186203.0
15448502174.0
15457118265.0
15466146670.0
15475184984.0
15484230022.0
15493126062.0
15502145618.0
15511141462.0
15519378155.0
15528143600.0
15537085295.0
15546182359.0
15555170063.0
15564144318.0
15573116095.0
15582151224.0
15591199094.0
15600190337.0
15609097701.0
15618145217.0
15626450924.0
15634351398.0
15643139847.0
15652264870.0
15661164095.0
15670238862.0
15680178247.0
15689094814.0
15698183737.0
15706358496.0
15716127647.0
15725094116.0
15733355937.0
15741362231.0
15750192088.0
15759157496.0
15768185192.0
15777160509.0
15786167324.0
15795196790.0
15804201128.0
15813113802.0
15822141852.0
15831172026.0
15839386423.0
15847360864.0
15856264336.0
15865175948.0
15874161529.0
15883144985.0
15892258683.0
15900363366.0
15908364352.0
15917135105.0
15926238539.0
15934434179.0
15942367212.0
15950366428.0
15958365997.0
15966366275.0
15974366552.0
15982372138.0
15990372770.0
15999397989.0
16007368183.0
16016150616.0
16024390141.0
16033163371.0
16041369982.0
16050224967.0
16058370704.0
16066651991.0
16077137469.0
16085376640.0
16094238704.0
16102393996.0
16110371977.0
16118382518.0
16127182292.0
16136177429.0
16145137881.0
16154260781.0
16162437662.0
16170380959.0
16179405117.0
16187376019.0
16196207292.0
16204376741.0
16214377354.0
16222377631.0
16231145907.0
16240213950.0
16249235276.0
16258186880.0
16266378980.0
16274388460.0
16282644619.0
16292382979.0
16300380779.0
16309166397.0
16318181352.0
16327211880.0
16336313545.0
16344383544.0
16352384529.0
16360492751.0
16370413378.0
16378384635.0
16387177331.0
16395384649.0
16403385280.0
16412171606.0
16420414316.0
16428481484.0
16437218969.0
16445393373.0
16454247297.0
16462393388.0
16470418085.0
16478389342.0
16486437752.0
16495198241.0
16503389634.0
16511457155.0
16520178714.0
16529114392.0
16539217994.0
16548201805.0
16556392135.0
16565148378.0
16581393135.0
16590215206.0
16598460748.0
16606651432.0
16616400764.0
16624506508.0
16634258318.0
16642395915.0
16651156758.0
16660305140.0
16668424687.0
16676641208.0
16686220659.0
16694397895.0
16702397819.0
16710459678.0
16718428810.0
16726399005.0
16735206212.0
16743403974.0
16752207996.0
16760643236.0
16770213840.0
16778429653.0
16787163952.0
16796224209.0
16804403214.0
16812403492.0
16821168582.0
16831220866.0
16840223435.0
16848434646.0
16856661076.0
16866205845.0
16874405731.0
16883204089.0
16892190378.0
16901187637.0
16909407697.0
16918202870.0
16926415497.0
16935274022.0
16943408788.0
16951409065.0
16960313952.0
16968444471.0
16976660991.0
16986212484.0
16994410601.0
17002410878.0
17011203220.0
17019411954.0
17027412232.0
17035699181.0
17044415078.0
17052416417.0
17061189294.0
17070223007.0
17078445190.0
17086445467.0
17094642876.0
17104319301.0
17112417259.0
17120685805.0
17131147570.0
17140225523.0
17148445582.0
17157206426.0
17166483987.0
17174418790.0
17182419422.0
17190464293.0
17198447936.0
17206427332.0
17214420532.0
17224424329.0
17233210655.0
17242213931.0
17251215083.0
17259422756.0
17267457009.0
17276211482.0
17284428711.0
17292424387.0
17300424311.0
17308452901.0
17316429113.0
17324426913.0
17333201559.0
17341426927.0
17349425789.0
17358238304.0
17366435005.0
17375428018.0
17383436435.0
17393191784.0
17401428831.0
17410222235.0
17418461760.0
17427243131.0
17436234374.0
17445179962.0
17453432581.0
17461431797.0
17469432782.0
17477437661.0
17485432276.0
17494231342.0
17505232830.0
17514281407.0
17522448379.0
17531366715.0
17540308764.0
17549333275.0
17558333012.0
17567276831.0
17576270905.0
17585260378.0
17593452832.0
17602309587.0
17611291629.0
17619480543.0
17628288812.0
17637293150.0
17647352512.0
17657482304.0
17665452144.0
17673454899.0
17681451638.0
17689475627.0
17698286019.0
17706456530.0
17715418752.0
17724380974.0
17735550218.0
17743457062.0
17751477866.0
17760298876.0
17768484605.0
17776460462.0
17787506190.0
17795446301.0
17803446225.0
17811446856.0
17820242384.0
17828475538.0
17837273189.0
17845453256.0
17853448932.0
17862262155.0
17870451778.0
17878476476.0
17886449856.0
17894475261.0
17903274328.0
17912259200.0
17921230270.0
17931083653.0
17940480838.0
17948452094.0
17957221078.0
17965452817.0
17974273826.0
17982453539.0
17990506904.0
17998456925.0
18007264486.0
18015455524.0
18023455802.0
18032252037.0
18040484837.0
18048457509.0
18058264176.0
18067263913.0
18075460968.0
18083458060.0
18091487358.0
18100230506.0
18108459413.0
18116460045.0
18125115067.0
18134321492.0
18143280528.0
18151491386.0
18160211529.0
18168462025.0
18176462303.0
18184468243.0
18192463212.0
18200463489.0
18209226102.0
18219465254.0
18227464470.0
18236260351.0
18244489612.0
18252466178.0
18260466455.0
18268466732.0
18276467010.0
18284471888.0
18292468273.0
18300468196.0
18308469182.0
18317292314.0
18326328505.0
18335274093.0
18344266751.0
18352470531.0
18360527081.0
18369126539.0
18378277752.0
18386472329.0
18394472253.0
18402472530.0
18411177809.0
18419473253.0
18427473176.0
18435525833.0
18443474439.0
18451503384.0
18459475702.0
18468280077.0
18477292555.0
18486286629.0
18496485789.0
18505258665.0
18513477309.0
18522179403.0
18531341587.0
18539477769.0
18548269403.0
18557283297.0
18566320549.0
18583076715.0
18591189184.0
18599507278.0
18607481012.0
18616228407.0
18624482088.0
18632490506.0
18640483351.0
18651192858.0
18659539973.0
18668267194.0
18677227293.0
18685488053.0
18693506380.0
18702190424.0
18710486221.0
18718528261.0
18727142937.0
18736230445.0
18744521288.0
18753116499.0
18761526611.0
18770228351.0
18778489111.0
18787162891.0
18796271988.0
18804491340.0
18812490555.0
18820513483.0
18828492880.0
18839150715.0
18848145497.0
18856492258.0
18864492536.0
18873111105.0
18880588294.0
18890232159.0
18898493273.0
18907150773.0
18916244651.0
18925301369.0
18935500882.0
18943496913.0
18952247139.0
18961148841.0
18970181846.0
18979160702.0
18988237947.0
18996498353.0
19004501815.0
19012499616.0
19020502724.0
19029178628.0
19038180489.0
19046523357.0
19054716519.0
19063504260.0
19071502414.0
19079529943.0
19087505092.0
19096285755.0
19104610928.0
19112503261.0
19120504246.0
19129149005.0
19137504261.0
19146208124.0
19155228034.0
19164172206.0
19172505873.0
19180510751.0
19188510675.0
19196636239.0
19206175698.0
19214508657.0
19222507872.0
19231055658.0
19240292519.0
19249154229.0
19258188650.0
19267165382.0
19276246874.0
19285154239.0
19294189368.0
19303193352.0
19312256086.0
19320512599.0
19329134353.0
19336519878.0
19344621729.0
19354659857.0
19363179683.0
19371514412.0
19380209073.0
19389124224.0
19398175987.0
19406516378.0
19414523380.0
19423173801.0
19431521978.0
19439544907.0
19448160998.0
19456518377.0
19465165968.0
19474182693.0
19483182784.0
19493025195.0
19500520434.0
19509137234.0
19517232361.0
19525523204.0
19534192029.0
19543186811.0
19552265472.0
19560522692.0
19568530402.0
19577152864.0
19586234356.0
19594524491.0
19602657841.0
19612267022.0
19620535922.0
19629133256.0
19637542307.0
19646299611.0
19654528518.0
19663195574.0
19672279189.0
19681194694.0
19690223453.0
19698529160.0
19707229130.0
19716203385.0
19725219048.0
19734359644.0
19743294260.0
19752241264.0
19761231799.0
19771532532.0
19780328413.0
19789324257.0
19798533867.0
19806539453.0
19814559904.0
19822559119.0
19831133803.0
19840339165.0
19849218217.0
19858210522.0
19866536048.0
19875248759.0
19884216644.0
19892551018.0
19900698171.0
19908538124.0
19917223584.0
19925539201.0
19934298983.0
19943566634.0
19951540014.0
19960321739.0
19969203975.0
19978221408.0
19986541626.0
19995160195.0
