4054465.0
12557658.0
21148267.0
32222308.0
48042365.0
58267007.0
67552354.0
79091441.0
176545119.0
186542900.0
196544928.0
207304691.0
216559247.0
227317241.0
236544546.0
246547635.0
257256080.0
266556646.0
278228451.0
287481946.0
296544326.0
306160939.0
316306657.0
325516267.0
334563075.0
345298063.0
355274609.0
364563850.0
375434742.0
385443494.0
395451185.0
405566112.0
415563185.0
426352323.0
435568303.0
445222431.0
455344083.0
465385749.0
474549350.0
485278676.0
495307247.0
505093032.0
515370053.0
525326072.0
543587444.0
553536031.0
562172296.0
572313767.0
582243596.0
591562919.0
601517876.0
611535477.0
620563881.0
632208788.0
642311328.0
652300261.0
661206565.0
672324490.0
681190801.0
692017100.0
702288812.0
711233338.0
720561864.0
732314361.0
741563609.0
751562452.0
762245061.0
771561199.0
781225945.0
791349366.0
802182743.0
812298732.0
821566030.0
831984972.0
841206968.0
850495147.0
860322340.0
870069902.0
879571139.0
889519371.0
898186073.0
907186164.0
917321618.0
927254633.0
937074748.0
946216051.0
956010684.0
966301862.0
975575530.0
985351759.0
994500495.0
1003588357.0
1014303173.0
1023592413.0
1033985873.0
1043544090.0
1053435696.0
1063589554.0
1074500439.0
1084343204.0
1093547505.0
1102576263.0
1112582892.0
1122508474.0
1131944236.0
1141210826.0
1151366453.0
1160578894.0
1170574551.0
1180016330.0
1189214968.0
1199371657.0
1209331215.0
1218509326.0
1227581262.0
1237218048.0
1247440920.0
1257017187.0
1266221133.0
1276363666.0
1285211219.0
1295389851.0
1305015312.0
1314541677.0
1325330107.0
1335023874.0
1345098454.0
1355400603.0
1365342112.0
1375340954.0
1385004638.0
1394539143.0
1404048519.0
1414345006.0
1424341017.0
1433593450.0
1444349320.0
1455436101.0
1464464152.0
1474065900.0
1483590495.0
1494309557.0
1504346977.0
1513997212.0
1524370144.0
1534455696.0
1543592399.0
1554540799.0
1563547968.0
1572216440.0
1584373110.0
1594339392.0
1603593949.0
1613587129.0
1622277897.0
1632388932.0
1641532713.0
1651015899.0
1660532000.0
1669967408.0
1680021462.0
1689347510.0
1698220545.0
1707231961.0
1718315557.0
1728056041.0
1737230966.0
1746067548.0
1754223903.0
1764038001.0
1773021104.0
1781246118.0
1789232947.0
1797233578.0
1806001146.0
1816019454.0
1825106255.0
1835069706.0
1844029804.0
1852370903.0
1861986454.0
1871069008.0
1880016365.0
1889027782.0
1897229791.0
1906063188.0
1916039026.0
1925013989.0
1933983643.0
1943077876.0
1951231753.0
1960237152.0
1969377040.0
1979068330.0
1988029844.0
1996269369.0
2005341305.0
2015071525.0
2024020298.0
2032300877.0
2042001722.0
2052041265.0
2061027200.0
2069978096.0
2080021179.0
2088241592.0
2097237436.0
2107087280.0
2116026851.0
2125138426.0
2134023494.0
2143023585.0
2152028277.0
2161123925.0
2170006162.0
2179029965.0
2188032180.0
2196271351.0
2206023160.0
2216024834.0
2225013246.0
2233243923.0
2241244200.0
2249983455.0
2258385427.0
2267287837.0
2277246333.0
2285985942.0
2294246702.0
2303118675.0
2312061432.0
2320252470.0
2329122674.0
2337308403.0
2345981122.0
2354250022.0
2363084834.0
2371249682.0
2380252604.0
2389129179.0
2397262529.0
2405988688.0
2414251572.0
2423078598.0
2431911286.0
2440266896.0
2449127897.0
2458023229.0
2467087025.0
2476028012.0
2484255858.0
2493254887.0
2502011129.0
2510255963.0
2519094314.0
2527298448.0
2535258025.0
2551259995.0
2560033934.0
2568258594.0
2577348934.0
2586259130.0
2595134642.0
2604068551.0
2615289467.0
2624042524.0
2633042261.0
2641348676.0
2650265243.0
2659269227.0
2668038918.0
2676263225.0
2685291275.0
2693999031.0
2702265100.0
2711096373.0
2719264760.0
2727266807.0
2735302123.0
2744053057.0
2753320000.0
2762010768.0
2770267989.0
2779294270.0
2788140053.0
2797218360.0
2806088210.0
2815108828.0
2824050169.0
2832357999.0
2841273858.0
2850071863.0
2858271395.0
2867135228.0
2876126471.0
2885055779.0
2893273007.0
2901272931.0
2910004399.0
2918274361.0
2927274452.0
2935326401.0
2945052021.0
2953275619.0
2962149716.0
2971300575.0
2980087609.0
2988399686.0
2997277322.0
3006056569.0
3014279106.0
3023278843.0
3031912631.0
3040295492.0
3049528460.0
3058286826.0
3067203393.0
3076280637.0
3085188356.0
3094108816.0
3103068561.0
3111282250.0
3122113149.0
3132106683.0
3141284086.0
3150042452.0
3159288515.0
3168024231.0
3177286574.0
3185374622.0
3194287650.0
3203286325.0
3212086807.0
3221078758.0
3229287846.0
3237287770.0
3245317069.0
3253289033.0
3261288602.0
3269289234.0
3277289865.0
3285323411.0
3294043200.0
3302290865.0
3311187612.0
3320102056.0
3328296633.0
3336385390.0
3346296107.0
3355320972.0
3364086417.0
3372293381.0
3381294888.0
3390045468.0
3398297734.0
3407150595.0
3416113879.0
3424296070.0
3432432251.0
3441349879.0
3450296529.0
3461298016.0
3471445150.0
3480298720.0
3489312613.0
3498603977.0
3508020628.0
3516307931.0
3526002406.0
3535468959.0
3544301293.0
3553307401.0
3562608321.0
3571302274.0
3580994979.0
3589305995.0
3598307148.0
3608000915.0
3616609928.0
3625334672.0
3637584069.0
3647093445.0
3655336155.0
3664997716.0
3673314394.0
3683055940.0
3692010730.0
3700308297.0
3709308742.0
3719055242.0
3728103112.0
3738060192.0
3748013734.0
3757095933.0
3765341475.0
3774317853.0
3784006311.0
3792312372.0
3801312817.0
3813017182.0
3821350495.0
3831969045.0
3840315099.0
3849322976.0
3857351921.0
3865353968.0
3873326994.0
3883184270.0
3891373893.0
3900324789.0
3909325234.0
3917324450.0
3926999813.0
3937611639.0
3947326287.0
3956326378.0
3965359383.0
3975168880.0
3985412279.0
3994330261.0
4003328583.0
4011337354.0
4021264352.0
4032584718.0
4041577377.0
4051330602.0
4060331400.0
4068331678.0
4077332123.0
4085368500.0
4093332678.0
4101332955.0
4109332879.0
4117334218.0
4125364224.0
4134382011.0
4146032227.0
4155363584.0
4164335715.0
4173336514.0
4181400850.0
4190337944.0
4200182126.0
4209456502.0
4219142128.0
4228346075.0
4237292725.0
4245463590.0
4254340164.0
4264163464.0
4272354856.0
4282474739.0
4291341049.0
4299343096.0
4311181596.0
4319342905.0
4330144076.0
4339346961.0
4348388460.0
4357344665.0
4365345297.0
4374084552.0
4383436789.0
4392346631.0
4401354509.0
4409346646.0
4419185165.0
4427348244.0
4436376648.0
4446114300.0
4455355762.0
4463352854.0
4474375931.0
4484236746.0
4493349736.0
4501348244.0
4509350645.0
4518351798.0
4526382158.0
4536200858.0
4546135995.0
4563223781.0
4573326675.0
4581354204.0
4589354128.0
4597386258.0
4605357868.0
4613387167.0
4621356653.0
4629356577.0
4638187142.0
4646357299.0
4655401984.0
4664360312.0
4672357759.0
4681358557.0
4689365913.0
4697359466.0
4705406107.0
4713389750.0
4723185799.0
4732185182.0
4740361356.0
4749361801.0
4757365617.0
4774467206.0
4784139030.0
4793394294.0
4802337759.0
4813333938.0
4821364298.0
4829365283.0
4838161164.0
4846366006.0
4855378484.0
4863397873.0
4873330533.0
4881372219.0
4889366833.0
4897447450.0
4906368617.0
4915368355.0
4923402254.0
4933494531.0
4943165293.0
4953336493.0
4961375347.0
4973197920.0
4981371971.0
4989421089.0
4998422595.0
5007372784.0
5015373416.0
5024372799.0
5034039668.0
5044156719.0
5053404905.0
5063233514.0
5073325436.0
5081375616.0
5090117348.0
5100195114.0
5109377826.0
5117377042.0
5126544535.0
5136158317.0
5146203877.0
5156220061.0
5164400482.0
5173410836.0
5181380323.0
5189379893.0
5197381586.0
5205381156.0
5213410454.0
5221537788.0
5232185005.0
5242151287.0
5251410799.0
5261210033.0
5269387269.0
5277387546.0
5287232081.0
5296377986.0
5305377723.0
5313407729.0
5322378799.0
5331362964.0
5340380043.0
5349380487.0
5357381473.0
5367189555.0
5376196370.0
5385404564.0
5393420413.0
5402406348.0
5411386973.0
5420409007.0
5429383970.0
5438145875.0
5446384338.0
5455439994.0
5464389829.0
5472385152.0
5481385243.0
5489418788.0
5497386152.0
5505415450.0
5514386874.0
5522388213.0
5532168336.0
5541387855.0
5549388132.0
5557388763.0
5565415585.0
5573389318.0
5581389950.0
5589392351.0
5598391026.0
5606391304.0
5615423955.0
5624391485.0
5633148082.0
5641393977.0
5649396378.0
5658414519.0
5667186334.0
5675421258.0
5684394451.0
5692394729.0
5700398191.0
5709397221.0
5717396082.0
5725426443.0
5735075616.0
5743397604.0
5751397173.0
5759400636.0
5768397896.0
5776409498.0
5785437903.0
5794399771.0
5803399154.0
5811400139.0
5820401646.0
5829401737.0
5838018890.0
5846405998.0
5855441835.0
5864401579.0
5873405917.0
5881403363.0
5889406472.0
5898407625.0
5907070080.0
5915454356.0
5924404545.0
5934023282.0
5945105816.0
5953406214.0
5961406846.0
5970406583.0
5979407382.0
5988407826.0
5997407917.0
6006439507.0
6015409161.0
6024409606.0
6034154691.0
6042416866.0
6051418019.0
6060411385.0
6069411122.0
6077411400.0
6085419110.0
6093448054.0
6103093689.0
6111415676.0
6120414351.0
6129415504.0
6140076170.0
6149056088.0
6157418776.0
6165415160.0
6174033021.0
6182416236.0
6191416327.0
6200416418.0
6209421110.0
6217417848.0
6225446439.0
6234442283.0
6243419016.0
6252419814.0
6261426276.0
6270420350.0
6279420441.0
6288420886.0
6297421685.0
6306042731.0
6314421699.0
6323422852.0
6332422589.0
6341470813.0
6350442236.0
6359424278.0
6368424015.0
6378078851.0
6386522231.0
6395426411.0
6404425086.0
6413426239.0
6421426516.0
6429427148.0
6441428803.0
6450430663.0
6460093285.0
6468428368.0
6477429520.0
6486465003.0
6496464200.0
6505431022.0
6513433777.0
6522470676.0
6532182492.0
6540483598.0
6549432372.0
6566616423.0
6576108457.0
6585434151.0
6594468218.0
6603435041.0
6612436901.0
6621436284.0
6630436375.0
6640095459.0
6648442928.0
6657440187.0
6666445587.0
6675437538.0
6684477622.0
6693462848.0
6702439934.0
6711439318.0
6720442240.0
6729443393.0
6738061254.0
6746463934.0
6755441021.0
6764467655.0
6773441910.0
6783442523.0
6792442967.0
6801449075.0
6810468631.0
6819450673.0
6828444747.0
6838084719.0
6846444575.0
6855474749.0
6864446173.0
6873446264.0
6882446708.0
6891105270.0
6899450616.0
6908447522.0
6917448320.0
6925476203.0
6933448522.0
6942069568.0
6953106801.0
6961453209.0
6969451009.0
6977453410.0
6985481293.0
6994514298.0
7003459178.0
7012451837.0
7020452822.0
7029453267.0
7038076083.0
7046456113.0
7055481332.0
7065091928.0
7073458155.0
7081455247.0
7089458356.0
7098481098.0
7107478711.0
7116457567.0
7125485618.0
7135124527.0
7143458194.0
7152458639.0
7161459084.0
7170458821.0
7179459620.0
7188460064.0
7197529169.0
7206490683.0
7215491128.0
7224462198.0
7234124112.0
7242614210.0
7251463533.0
7260469640.0
7271160389.0
7279463973.0
7288464418.0
7296468588.0
7305494869.0
7314465231.0
7323466030.0
7336067927.0
7346130120.0
7354492454.0
7363467417.0
7372467508.0
7380468493.0
7389473893.0
7397469570.0
7405504531.0
7414111421.0
7422469862.0
7431890759.0
7441426679.0
7450364835.0
7458490045.0
7467472440.0
7476475362.0
7485500935.0
7494538895.0
7503473865.0
7512474664.0
7521474401.0
7530479447.0
7539478830.0
7548475736.0
7557476181.0
7566476626.0
7575506092.0
7584477161.0
7593484331.0
7603136335.0
7613478831.0
7621479108.0
7629506637.0
7638479123.0
7647217316.0
7655509574.0
7664482768.0
7673480735.0
7681481366.0
7689481290.0
7697513066.0
7705511574.0
7713482476.0
7722207574.0
7730483906.0
7741383820.0
7750492563.0
7759491946.0
7770516438.0
7779493171.0
7789299837.0
7797605898.0
7808162867.0
7825570593.0
7834518658.0
7843500345.0
7853146688.0
7861496280.0
7869496912.0
7877497543.0
7885528257.0
7894504636.0
7903498003.0
7911498634.0
7921440850.0
7932242021.0
7942158047.0
7950500562.0
7959501360.0
7969372439.0
7977502604.0
7987200972.0
7995503494.0
8004503231.0
8013503322.0
8023249114.0
8033318033.0
8042504991.0
8051505790.0
8060506235.0
8070137713.0
8078506063.0
8087506508.0
8098508703.0
8107507025.0
8117189466.0
8127606638.0
8137320224.0
8146541867.0
8156182192.0
8165160340.0
8173510641.0
8181510564.0
8191187697.0
8199563480.0
8209432789.0
8219607174.0
8229514707.0
8240181035.0
8249544952.0
8261282940.0
8271576949.0
8281324157.0
8289518380.0
8298522364.0
8307535904.0
8316564308.0
8326176321.0
8334517066.0
8344198799.0
8356291411.0
8366180185.0
8375519682.0
8385265475.0
8393543222.0
8403215400.0
8413361826.0
8423611949.0
8434188030.0
8442546116.0
8451522495.0
8460527541.0
8470191225.0
8478527015.0
8487526044.0
8497538336.0
8506577003.0
8516194678.0
8526584245.0
8535592122.0
8545395956.0
8553528245.0
8563284301.0
8581311734.0
8589528255.0
8598534008.0
8607532683.0
8616592940.0
8632009533.0
8641401410.0
8649531220.0
8659273828.0
8667532110.0
8676533617.0
8686195531.0
8695239508.0
8704450179.0
8715630040.0
8725539342.0
8734607385.0
8745136040.0
8754570740.0
8764216375.0
8774581875.0
8784220431.0
8793548248.0
8803254048.0
8811537812.0
8820556661.0
8830193093.0
8846294514.0
8854572970.0
8864204448.0
8872540592.0
8881540683.0
8891225956.0
8902309552.0
8914575582.0
8924218031.0
8933191932.0
8941543295.0
8951228921.0
8962450545.0
8972211202.0
8980545576.0
8990172099.0
8998546466.0
9008207319.0
9016546648.0
9026232275.0
9036338354.0
9046234561.0
9055431429.0
9065243758.0
9074186869.0
9082572561.0
9092221381.0
9101208730.0
9109559031.0
9119237934.0
9127552135.0
9136552226.0
9148186869.0
9157361087.0
9165559204.0
9175266066.0
9183554785.0
9193364282.0
9201563107.0
9211251919.0
9224089878.0
9232565111.0
9242189156.0
9251312410.0
9260557057.0
9269558210.0
9279236405.0
9287559100.0
9298460429.0
9308230642.0
9316559707.0
9326196140.0
9334593511.0
9344252241.0
9352561841.0
9361562994.0
9373334957.0
9383352557.0
9394242915.0
9402586845.0
9412236018.0
9420589504.0
9430229122.0
9442204587.0
9452272090.0
9461566285.0
9471259698.0
9479567529.0
9489357561.0
9500175366.0
9509019734.0
9517605742.0
9526469930.0
9535599200.0
9546244648.0
9557348771.0
9567457328.0
9577388926.0
9585603677.0
9595295674.0
9603572360.0
9613386813.0
9621573604.0
9632582524.0
9642194536.0
9651231788.0
9659567932.0
9668639160.0
9677568114.0
9686568913.0
9695601210.0
9705114480.0
9713574141.0
9722570338.0
9731591664.0
9741235529.0
9749571673.0
9758575657.0
9767577164.0
9777576006.0
9786572558.0
9795603086.0
9805229963.0
9814575122.0
9824284107.0
9833215892.0
9843301091.0
9852276053.0
9861576973.0
9871297992.0
9879578925.0
9890578289.0
9900306032.0
9909294443.0
9917579269.0
9927311613.0
9936299317.0
9946318687.0
9955301436.0
9963585554.0
9972581752.0
9982281536.0
9990581580.0
9999583087.0
10010053346.0
10019313565.0
10028517158.0
10037591572.0
10047316129.0
10055629623.0
10065625634.0
10075297458.0
10086151716.0
10095278509.0
10103594834.0
10113349474.0
10121594662.0
10132231262.0
10140595365.0
10150265420.0
10161283541.0
10170240101.0
10179278414.0
10187598278.0
10198276994.0
10207598087.0
10220478162.0
10230265717.0
10239600259.0
10249400201.0
10257643972.0
10267299870.0
10275633537.0
10285403750.0
10296264025.0
10306311354.0
10314603258.0
10323604057.0
10333406476.0
10341605301.0
10350604330.0
10360291018.0
10368606281.0
10382250462.0
10391299747.0
10399606870.0
10409279756.0
10417609175.0
10427325239.0
10436318959.0
10444655103.0
10454252605.0
10465548905.0
10475343538.0
10483611022.0
10493277537.0
10501618636.0
10511351334.0
10519614571.0
10529346561.0
10543271751.0
10552614787.0
10562260775.0
10570614969.0
10587311323.0
10595617030.0
10605616581.0
10615300792.0
10626470744.0
10635618064.0
10645421899.0
10653630633.0
10663399430.0
10672653279.0
10682262460.0
10693114240.0
10704375503.0
10714169782.0
10723302945.0
10732260212.0
10740644489.0
10750297909.0
10761220473.0
10769662084.0
10778456904.0
10788328337.0
10796625904.0
10806265876.0
10814625732.0
10824413994.0
10833451247.0
10841625651.0
10851315525.0
10862228887.0
10880570598.0
10891308418.0
10899628990.0
10910419897.0
10922223359.0
10932357752.0
10940630545.0
10950267685.0
10958637451.0
10968345374.0
10976631970.0
10986272650.0
10997231667.0
11006256886.0
11015348287.0
11023634175.0
11035634769.0
11045514695.0
11055359938.0
11066237555.0
11075359393.0
11083637495.0
11093304718.0
11102312595.0
11112300821.0
11124267792.0
11133639849.0
11143317335.0
11152282389.0
11161640289.0
11171342196.0
11182214858.0
11192221841.0
11201370576.0
11210272279.0
11219328288.0
11227643551.0
11236643642.0
11246285030.0
11255221416.0
11264320957.0
11272645068.0
11282291410.0
11293367928.0
11302314931.0
11310646120.0
11319650104.0
11329519414.0
11337648517.0
11347366350.0
11358654510.0
11368306160.0
11376649029.0
11385642749.0
11395340409.0
11403643639.0
11412649393.0
11422366164.0
11430645682.0
11441448622.0
11449646031.0
11458651431.0
11469094438.0
11477662043.0
11487381292.0
11495647715.0
11505093386.0
11514326354.0
11523404661.0
11532292560.0
11542366787.0
11551421381.0
11559650642.0
11568655334.0
11579408019.0
11588382982.0
11596663207.0
11606340340.0
11615429617.0
11624208511.0
11633491735.0
11643418378.0
11652138876.0
11661655684.0
11671374933.0
11680374316.0
11688661974.0
11698378391.0
11707417767.0
11715658000.0
11725238867.0
11735156309.0
11744117823.0
11753669316.0
11762660559.0
11772661879.0
11782369802.0
11790659937.0
11800382371.0
11809274872.0
11817661980.0
11827533059.0
11836323277.0
11846351495.0
11855120833.0
11864125170.0
11876474725.0
11885100019.0
11894044545.0
11903405984.0
11912430849.0
11920665773.0
11929666926.0
11940414302.0
11948666921.0
11957668428.0
11967403603.0
11976417851.0
11986078703.0
11995450406.0
12004387854.0
12013213464.0
12023410146.0
12032256284.0
12042410850.0
12051406694.0
12060101001.0
12069091890.0
12078371929.0
12087407411.0
12096108089.0
12106376970.0
12115180991.0
12124111715.0
12134073750.0
12143112064.0
12152404490.0
12161449528.0
12170057834.0
12179424936.0
12188091284.0
12197434673.0
12206371059.0
12217241598.0
12226406968.0
12235443866.0
12245429260.0
12254395375.0
12263114810.0
12272100037.0
12281395294.0
12290117207.0
12299426620.0
12308570755.0
12318324334.0
12327376097.0
12336306112.0
12347311847.0
12356226290.0
12365378211.0
12376280248.0
12388225276.0
12398326401.0
12407391259.0
12416220408.0
12425437450.0
12436223402.0
12445542372.0
12454210489.0
12463367011.0
12472228013.0
12481558662.0
12490208022.0
12499436035.0
12510237913.0
12519378509.0
12528236680.0
12540225240.0
12551319099.0
12560372632.0
12569211337.0
12578331051.0
12595393709.0
12604232060.0
12613540412.0
12622211715.0
12633271599.0
12642342473.0
12651372647.0
12660252406.0
12670365564.0
12679222673.0
12688225595.0
12697524391.0
12706217991.0
12719388631.0
12728224151.0
12737351652.0
12746334401.0
12755263355.0
12764417753.0
12775239451.0
12784379339.0
12795342250.0
12804390473.0
12813257492.0
12822617869.0
12832150604.0
12841494348.0
12850232187.0
12859605660.0
12870552998.0
12880378776.0
12889344537.0
12898370110.0
12916487792.0
12925347378.0
12934236693.0
12945384348.0
12954337722.0
12963405057.0
12972249779.0
12982382402.0
12991285874.0
13000404527.0
13009443548.0
13020436188.0
13029250119.0
13038186505.0
13047419119.0
13056247206.0
13066364611.0
13075390892.0
13084379304.0
13093532994.0
13102232610.0
13111374622.0
13122583150.0
13132292135.0
13142339111.0
13151245414.0
13160387779.0
13169492983.0
13178192245.0
13187392653.0
13200296794.0
13210367836.0
13219370404.0
13228226451.0
13237355722.0
13246365369.0
13255307417.0
13264375814.0
13273379798.0
13282372103.0
13293314840.0
13302340413.0
13311424028.0
13320348735.0
13330378722.0
13339227337.0
13348374657.0
13362505473.0
13372379737.0
13381349745.0
13390361869.0
13399374347.0
13408231102.0
13417499107.0
13426227391.0
13437282320.0
13446340807.0
13455524580.0
13464246493.0
13474221269.0
13483409290.0
13492229945.0
13501500428.0
13512599243.0
13522397061.0
13532164442.0
13541361665.0
13550189045.0
13559391222.0
13568227096.0
13577363798.0
13588290609.0
13597541981.0
13606221424.0
13615388209.0
13624242133.0
13633463421.0
13643443153.0
13654276176.0
13663408632.0
13672575417.0
13682399071.0
13691269983.0
13700379788.0
13709359706.0
13718196287.0
13727392448.0
13736390415.0
13745337065.0
13754347773.0
13765484811.0
13775230249.0
13784387833.0
13793457292.0
13802194777.0
13811451457.0
13820234597.0
13829391119.0
13843282687.0
13852434254.0
13862221809.0
13871579709.0
13882368493.0
13891378494.0
13900274533.0
13909508917.0
13930428554.0
13941383324.0
13950195132.0
13959608951.0
13970561952.0
13980410026.0
13989243069.0
13998324561.0
14010080951.0
14019121743.0
14028128912.0
14037366127.0
14046322332.0
14056118735.0
14066035823.0
14075471231.0
14084204823.0
14093204914.0
14102087859.0
14111129358.0
14120162717.0
14129569458.0
14138326762.0
14148449121.0
14157119362.0
14166078753.0
14175457888.0
14184451963.0
14194117062.0
14203606619.0
14212431168.0
14221248284.0
14232056179.0
14242128991.0
14251431326.0
14260443450.0
14269257381.0
14278508753.0
14287117766.0
14296435674.0
14305606707.0
14314584855.0
14324391167.0
14333268803.0
14343432217.0
14354411407.0
14365426698.0
14374294778.0
14383413785.0
14392236210.0
14402347952.0
14411251069.0
14420478729.0
14430222044.0
14442222283.0
14451398270.0
14460278738.0
14470366059.0
14479236617.0
14488385707.0
14497459058.0
14507642999.0
14517390561.0
14526202015.0
14535249531.0
14544486038.0
14554248110.0
14563411357.0
14572234490.0
14581501433.0
14599593634.0
14609531603.0
14618200428.0
14627435873.0
14636384292.0
14645370581.0
14654195837.0
14663398368.0
14672231764.0
14685310033.0
14694361795.0
14703389138.0
14712268897.0
14722233410.0
14732365679.0
14741251455.0
14750342857.0
14761460075.0
14771285852.0
14780386102.0
14789378053.0
14798202601.0
14807400885.0
14816233928.0
14825369568.0
14837571540.0
14847435541.0
14856269645.0
14866269903.0
14875474558.0
14884237525.0
14893514378.0
14904318380.0
14914237592.0
14923385974.0
14932379694.0
14952389059.0
14963317994.0
14972242700.0
14982373200.0
14991407975.0
15000271100.0
15012438034.0
15021271076.0
15030622960.0
15042601610.0
15052400490.0
15061511357.0
15071424198.0
15080512414.0
15090353410.0
15099275994.0
15108423314.0
15118599822.0
15128397641.0
15138207138.0
15147436567.0
15156283058.0
15166332865.0
15175248724.0
15186356740.0
15195500521.0
15204304188.0
15214257730.0
15223403988.0
15232488665.0
15241384705.0
15250276851.0
15261347352.0
15270354522.0
15279409470.0
15288500871.0
15297690661.0
15308264264.0
15317383271.0
15326414860.0
15345540142.0
15354247544.0
15363481574.0
15374382549.0
15383437497.0
15392255675.0
15401384591.0
15410207724.0
15419444231.0
15428256393.0
15437239850.0
15448308227.0
15457618703.0
15467416521.0
15477263534.0
15486213722.0
15497470030.0
15508326058.0
15517528235.0
15526261119.0
15535262979.0
15544275811.0
15553603275.0
15563436131.0
15572254663.0
15581380394.0
15592321716.0
15601625467.0
15611439919.0
15620339852.0
15629394800.0
15638360207.0
15647312519.0
15658656598.0
15668407345.0
15677246404.0
15686379214.0
15695290118.0
15704413726.0
15713307642.0
15722364359.0
15732647397.0
15742368769.0
15751132090.0
15760128642.0
15769273838.0
15778120684.0
15787133515.0
15796135730.0
15805251905.0
15814133788.0
15825238619.0
15834364351.0
15843153508.0
15852391430.0
15861140241.0
15870092553.0
15879140069.0
15888147592.0
15897172811.0
15906096456.0
15915137601.0
15924167067.0
15933412422.0
15943459397.0
15952443916.0
15961501341.0
15971486027.0
15980171841.0
15989444801.0
15998431443.0
16007175653.0
16016151323.0
16025434547.0
16033982333.0
16043477199.0
16052135761.0
16061118156.0
16070094535.0
16079151252.0
16088395192.0
16097221156.0
16106114718.0
16115151262.0
16124143921.0
16133396354.0
16142099509.0
16151148087.0
16162128339.0
16171138340.0
16180134892.0
16189253191.0
16198433071.0
16207448027.0
16216160738.0
16225630829.0
16234687901.0
16244154807.0
16253120215.0
16262420073.0
16271156142.0
16280130397.0
16289501392.0
16298416897.0
16307643495.0
16317409814.0
16328271859.0
16337344857.0
16347332728.0
16356299197.0
16367333952.0
16376329796.0
16385527727.0
16394363954.0
16403296801.0
16412408022.0
16421391125.0
16433185739.0
16442511787.0
16454032469.0
16462622371.0
16472407448.0
16481321184.0
16492417167.0
16501402393.0
16510407085.0
16521309122.0
16530098633.0
16540408568.0
16549385655.0
16558403441.0
16567415212.0
16576282584.0
16585529001.0
16594281704.0
16611443812.0
16622302318.0
16632455822.0
16641350800.0
16650376726.0
16659410085.0
16668287014.0
16678239847.0
16687408402.0
16696269404.0
16705600761.0
16716328671.0
16726406083.0
16735418207.0
16744286641.0
16753628969.0
16763474566.0
16772272217.0
16781394409.0
16792331130.0
16801590642.0
16812309704.0
16822271031.0
16833337993.0
16842395065.0
16851414621.0
16860279870.0
16870252523.0
16879410461.0
16888258014.0
16897626885.0
16910214980.0
16919431313.0
16928258339.0
16937252060.0
16946375667.0
16955282678.0
16964471053.0
16973261625.0
16989625652.0
16999502394.0
17010294363.0
17019417971.0
17028287113.0
17038244547.0
17047451679.0
17056284368.0
17065535739.0
17076333371.0
17086416446.0
17095390701.0
17104649858.0
17114382910.0
17123549342.0
17133305044.0
17142427590.0
17151284699.0
17160426356.0
17169378668.0
17179358400.0
17189462001.0
17198225322.0
17207444134.0
17216269744.0
17225398306.0
17234428834.0
17243622517.0
17253536066.0
17262230727.0
17271429719.0
17282422359.0
17293436234.0
17302400933.0
17311262289.0
17320564270.0
17329491808.0
17339316170.0
17348419605.0
17357252293.0
17366239997.0
17375629042.0
17386388097.0
17396604598.0
17406422944.0
17415467982.0
17424172907.0
17435255087.0
17446147922.0
17455166771.0
17464458843.0
17473651464.0
17482128113.0
17491156163.0
17500464869.0
17509270306.0
17518440277.0
17527148033.0
17536422409.0
17546667224.0
17556170230.0
17565480705.0
17574586263.0
17584427967.0
17593424519.0
17602411869.0
17613289840.0
17622380533.0
17632622162.0
17642376803.0
17651439891.0
17660278242.0
17669402558.0
17678225691.0
17687425390.0
17696273651.0
17705435128.0
17716332210.0
17725552437.0
17734590751.0
17743282227.0
17752266392.0
17761608012.0
17770259495.0
17783346257.0
17792413592.0
17801249112.0
17810372012.0
17819304151.0
17828410771.0
17837401306.0
17846250983.0
17855525005.0
17866629482.0
17876430486.0
17885297858.0
17894377580.0
17903310073.0
17912418462.0
17921328305.0
17933601767.0
17942239094.0
17951435255.0
17960267943.0
17969519669.0
17978234149.0
17987431371.0
18003506249.0
18014317329.0
18023450493.0
18032349364.0
18041261683.0
18050373966.0
18059294072.0
18068436437.0
18077256739.0
18086382470.0
18099209457.0
18108483126.0
18117152659.0
18126436591.0
18135427834.0
18145343860.0
18154439508.0
18163473929.0
18172148771.0
18181634789.0
18190469247.0
18199153291.0
18209191772.0
18218428279.0
18227658416.0
18237312898.0
18246423057.0
18255309187.0
18264457923.0
18273360687.0
18282539151.0
18292431819.0
18301398642.0
18310408996.0
18321422517.0
18330385093.0
18339428362.0
18348464552.0
18357371563.0
18367270955.0
18376282726.0
18386393052.0
18395478083.0
18405304922.0
18414381105.0
18425701471.0
18435483363.0
18444309681.0
18454258622.0
18463420098.0
18472280393.0
18481684656.0
18492679773.0
18502485023.0
18511275242.0
18520268609.0
18529605274.0
18538481140.0
18547318076.0
18556437436.0
18570562589.0
18579276362.0
18588476415.0
18597470490.0
18615426786.0
18625624884.0
18636074970.0
18645479941.0
18655403045.0
18665455683.0
18674380036.0
18684185641.0
18693507441.0
18702112916.0
18711483557.0
18720177864.0
18729149996.0
18738667159.0
18748465331.0
18757277138.0
18768601397.0
18778460089.0
18787399661.0
18797507863.0
18806115461.0
18815485041.0
18824484778.0
18833284906.0
18842113701.0
18851493191.0
18860159185.0
18869247047.0
18878429405.0
18887482583.0
18896154594.0
18905451974.0
18914119384.0
18923511968.0
18932631683.0
18942131150.0
18951160969.0
18960506837.0
18970134775.0
18979154331.0
18988461976.0
18997629115.0
19006526216.0
19016005864.0
19023999063.0
19032094898.0
19041217444.0
19050114899.0
19059164184.0
19068179848.0
19077159412.0
19086115971.0
19095170919.0
19104388314.0
19113193751.0
19122133677.0
19132095358.0
19141273469.0
19150140487.0
19159156858.0
19168151995.0
19177272063.0
19186150053.0
19195175980.0
19204159083.0
19213311358.0
19222148647.0
19232478402.0
19241145811.0
19250115465.0
19259193064.0
19268154932.0
19277136973.0
19286155822.0
19297376737.0
19306146429.0
19315436731.0
19324159352.0
19335369296.0
19344430260.0
19353187565.0
19362124305.0
19371161557.0
19380182883.0
19389169879.0
19398122191.0
19407167230.0
19416187140.0
19425224038.0
19434400025.0
19443228113.0
19452209093.0
19461152203.0
19471159540.0
19480166001.0
19489337741.0
19498159459.0
19507169459.0
19516161764.0
19525279355.0
19534405440.0
19543188227.0
19552154342.0
19561271579.0
19570278040.0
19579455797.0
19588290609.0
19597601085.0
19606285836.0
19615473503.0
19624307607.0
19633578444.0
19643573748.0
19653472432.0
19662308660.0
19671437222.0
19680305656.0
19691341120.0
19700442785.0
19709294585.0
19718437658.0
19727304676.0
19736286010.0
19745304504.0
19755464025.0
19766492764.0
19776476035.0
19785314740.0
19794249002.0
19803537889.0
19812313597.0
19822447990.0
19832200153.0
19841496825.0
19850245990.0
19859457015.0
19868287580.0
19877451534.0
19886246354.0
19895465165.0
19904447560.0
19913298298.0
19922442079.0
19932273873.0
19943368087.0
19953611132.0
19962243150.0
19971585124.0
19980342782.0
19990453816.0
19999282258.0
