1454950.0
9537336.0
18147765.0
26552569.0
47270474.0
57547141.0
68393613.0
78468902.0
177513080.0
187389468.0
197402113.0
206555096.0
217476598.0
226541102.0
237370586.0
247404113.0
256543647.0
267420910.0
279011668.0
287166607.0
297403281.0
306572898.0
315570511.0
325203051.0
335448219.0
344562625.0
354552266.0
365387767.0
374563046.0
384565782.0
396224492.0
406394984.0
416392765.0
426028844.0
436422657.0
445853818.0
454555557.0
464545198.0
475401934.0
484549962.0
494560484.0
505924028.0
514565248.0
524550995.0
544436489.0
553221399.0
562580715.0
571575144.0
581558414.0
592420812.0
601200413.0
611062998.0
621409033.0
630558477.0
641981832.0
651564116.0
663253616.0
671560031.0
681932964.0
692450294.0
701586288.0
711939401.0
721585743.0
730565307.0
742393543.0
752390616.0
761561649.0
772397857.0
781885291.0
790565796.0
803073551.0
811564710.0
822361634.0
832419935.0
841959394.0
850184054.0
859587256.0
871002472.0
880402842.0
889201554.0
899038657.0
907587859.0
916996015.0
927941938.0
936373286.0
947085977.0
956456973.0
965576333.0
976447580.0
986000488.0
994191526.0
1004480226.0
1013975446.0
1024432610.0
1034413403.0
1043217425.0
1054135034.0
1064431874.0
1074068307.0
1084017247.0
1093228272.0
1103476272.0
1113447155.0
1122199505.0
1132376014.0
1141859554.0
1150577574.0
1161417322.0
1170266998.0
1180442445.0
1189859449.0
1198583132.0
1208584098.0
1218200003.0
1228414735.0
1237855452.0
1247107177.0
1257439763.0
1267004350.0
1276020013.0
1285854639.0
1295061417.0
1305441428.0
1315912749.0
1325004504.0
1335451051.0
1345847695.0
1355073231.0
1365017924.0
1375016413.0
1385428630.0
1394229820.0
1404488083.0
1414000999.0
1423594254.0
1434405334.0
1444007791.0
1455028744.0
1464045822.0
1474501217.0
1484454051.0
1493968028.0
1503592073.0
1514434653.0
1524029323.0
1534026042.0
1544438259.0
1554101589.0
1563229798.0
1573085304.0
1584041844.0
1594011312.0
1604442287.0
1613271790.0
1623023953.0
1632053419.0
1641218789.0
1651443076.0
1660218784.0
1670423252.0
1679287439.0
1689020491.0
1699005531.0
1719563820.0
1729335448.0
1738327753.0
1747334568.0
1755377316.0
1765180089.0
1774196460.0
1784315634.0
1793121425.0
1801317772.0
1810163202.0
1819142412.0
1828233459.0
1837253369.0
1846126404.0
1856145066.0
1866089052.0
1874236912.0
1883184978.0
1893137103.0
1902097202.0
1911148257.0
1920148702.0
1930126309.0
1941089574.0
1950091788.0
1959145321.0
1967262391.0
1976138257.0
1986017830.0
1995147454.0
2004161348.0
2016148138.0
2026134948.0
2035311643.0
2043360407.0
2053182999.0
2063191398.0
2073048674.0
2082100791.0
2091083894.0
2100094956.0
2108276085.0
2117075151.0
2126337140.0
2135119573.0
2144049942.0
2153045078.0
2162412180.0
2171171962.0
2181155232.0
2190095512.0
2199081446.0
2207476694.0
2217219655.0
2227104537.0
2236125509.0
2244252134.0
2253146758.0
2261252503.0
2269313300.0
2278318700.0
2287169084.0
2295342781.0
2304310665.0
2314045132.0
2323075660.0
2331285810.0
2340103988.0
2349152919.0
2357256540.0
2366042866.0
2374261156.0
2383074733.0
2391264356.0
2400138098.0
2408258707.0
2417111569.0
2425263677.0
2434160070.0
2443078406.0
2452157775.0
2461208830.0
2470068416.0
2478261932.0
2487133905.0
2496103913.0
2504263807.0
2513070305.0
2521298859.0
2530152075.0
2538265251.0
2554296951.0
2562265730.0
2571088155.0
2580146288.0
2589136115.0
2598071086.0
2607349355.0
2616357940.0
2625204785.0
2635082234.0
2644168681.0
2653214781.0
2662188328.0
2670269653.0
2679146581.0
2688115173.0
2696271174.0
2705083689.0
2713273666.0
2722059991.0
2740182274.0
2749214925.0
2758072034.0
2766276167.0
2776085311.0
2784276349.0
2793095589.0
2802164340.0
2811091878.0
2820108603.0
2829115418.0
2837277789.0
2846106939.0
2854279220.0
2863089258.0
2872088641.0
2881209063.0
2889280478.0
2897365695.0
2906110613.0
2914459498.0
2923109211.0
2932023655.0
2940282291.0
2949102238.0
2958043933.0
2967112684.0
2976163031.0
2984293550.0
2993079521.0
3002087045.0
3010286223.0
3019091306.0
3028126081.0
3036307917.0
3045139190.0
3054058942.0
3063109289.0
3072141940.0
3081081512.0
3090166897.0
3099155308.0
3107290074.0
3116191068.0
3125117545.0
3133455812.0
3142313983.0
3151898036.0
3160500678.0
3169468917.0
3181878283.0
3190114623.0
3199130286.0
3208133209.0
3217227795.0
3225325400.0
3233314352.0
3241296933.0
3249360562.0
3257295365.0
3265355100.0
3273342991.0
3282181342.0
3292150102.0
3300299024.0
3309131713.0
3318081547.0
3326300545.0
3336252317.0
3347485974.0
3356339189.0
3365223196.0
3374098000.0
3383270802.0
3392294252.0
3401090487.0
3410075714.0
3418296481.0
3427104041.0
3435324101.0
3444125291.0
3453227310.0
3461964087.0
3471123440.0
3481135024.0
3490026463.0
3498301379.0
3507300054.0
3517114507.0
3525329611.0
3535124952.0
3545002755.0
3553963916.0
3562301475.0
3572005506.0
3580306258.0
3589972066.0
3599096027.0
3607306531.0
3616304145.0
3626004636.0
3637254926.0
3646308459.0
3656028062.0
3664308995.0
3673964185.0
3682307761.0
3691312807.0
3701001265.0
3709973396.0
3718308833.0
3728523564.0
3738478167.0
3747316519.0
3756310593.0
3766005775.0
3775011883.0
3783311928.0
3793109392.0
3801999415.0
3812315013.0
3821985775.0
3830314487.0
3841133353.0
3850294830.0
3859321819.0
3867346163.0
3875353518.0
3885146382.0
3894112851.0
3903165321.0
3911346096.0
3919324785.0
3928373362.0
3937151548.0
3945356743.0
3954128204.0
3963122632.0
3971327473.0
3981486994.0
3990120427.0
3999163696.0
4007328545.0
4015379786.0
4023386788.0
4032139137.0
4041170373.0
4049573761.0
4058330358.0
4066331697.0
4075157307.0
4083483188.0
4091367734.0
4099421807.0
4107332898.0
4115391218.0
4123358227.0
4132138890.0
4140355764.0
4149184559.0
4158134040.0
4167215886.0
4175394537.0
4184169891.0
4192337217.0
4201489138.0
4210467286.0
4218359620.0
4226368745.0
4235350078.0
4243406982.0
4252435387.0
4260339399.0
4268340030.0
4277196785.0
4285363757.0
4293472333.0
4303140264.0
4312317313.0
4321417562.0
4329345995.0
4337346626.0
4345352566.0
4355192501.0
4363343900.0
4371344886.0
4379370645.0
4388170773.0
4397232800.0
4405346684.0
4413450305.0
4421350778.0
4429354949.0
4437391680.0
4445348425.0
4453348349.0
4461348627.0
4470144508.0
4479189546.0
4487351917.0
4495356796.0
4503350349.0
4512218075.0
4520351425.0
4529184467.0
4537497253.0
4545361273.0
4560353874.0
4569354319.0
4577357782.0
4585368677.0
4593391605.0
4601354367.0
4609473206.0
4617358461.0
4625360508.0
4634195674.0
4642357337.0
4651178347.0
4660186224.0
4668357443.0
4677187300.0
4685385771.0
4693391003.0
4701359074.0
4709359352.0
4717360337.0
4725359907.0
4734178085.0
4743079433.0
4751362135.0
4760439026.0
4775527893.0
4783400053.0
4791362815.0
4801921907.0
4809364413.0
4817369999.0
4825364614.0
4834062106.0
4842519997.0
4851208642.0
4859366412.0
4867365982.0
4875366259.0
4883396266.0
4891367168.0
4900209059.0
4909339745.0
4917368689.0
4926175188.0
4934497529.0
4942370043.0
4951212641.0
4959376428.0
4967371043.0
4975373798.0
4983403450.0
4992231892.0
5001223135.0
5009377366.0
5018178910.0
5027239520.0
5035405077.0
5043405000.0
5051374133.0
5059378304.0
5067377520.0
5075375320.0
5083406034.0
5091490189.0
5099430655.0
5107376429.0
5115377061.0
5123407421.0
5135238842.0
5144090996.0
5152383963.0
5160379285.0
5169277094.0
5177379654.0
5185476196.0
5193410645.0
5201425080.0
5209381117.0
5217385288.0
5225383796.0
5233590760.0
5241427883.0
5249386752.0
5257426668.0
5265388722.0
5273421914.0
5281386092.0
5290152244.0
5299236213.0
5307384782.0
5316239413.0
5324386566.0
5332438869.0
5341946122.0
5350361897.0
5361326931.0
5370184748.0
5379227663.0
5389589978.0
5398211024.0
5407219609.0
5416077072.0
5425193601.0
5434081501.0
5442393932.0
5451235469.0
5460250070.0
5468391914.0
5477066756.0
5485424489.0
5493393976.0
5501393546.0
5510037951.0
5518395684.0
5527222709.0
5535431444.0
5543396329.0
5551395545.0
5559401839.0
5567397870.0
5575426107.0
5583397363.0
5592110428.0
5600401978.0
5609109027.0
5618045767.0
5626428628.0
5635241143.0
5643400683.0
5652094990.0
5661081986.0
5669401142.0
5678036699.0
5686417437.0
5694409574.0
5703085124.0
5711403572.0
5719403496.0
5728079045.0
5737263881.0
5745435807.0
5753404586.0
5762044391.0
5770411325.0
5788539271.0
5797414429.0
5805437711.0
5814040354.0
5823087870.0
5832216787.0
5840408533.0
5849068864.0
5858050905.0
5867109039.0
5875448368.0
5883409715.0
5892104022.0
5901094203.0
5909418314.0
5918052102.0
5927111651.0
5937381239.0
5946342753.0
5955413627.0
5964144388.0
5973093515.0
5982056091.0
5991090512.0
6000105821.0
6009096710.0
6018058932.0
6027138654.0
6036112909.0
6045093181.0
6054052572.0
6063097256.0
6071426676.0
6079419167.0
6087419798.0
6096169671.0
6105094023.0
6114053414.0
6123117918.0
6132042271.0
6143126574.0
6151435821.0
6159431497.0
6168119434.0
6176452747.0
6185078748.0
6194184306.0
6203164224.0
6211427815.0
6219437295.0
6228126293.0
6237425443.0
6246059231.0
6255103208.0
6264112854.0
6273106929.0
6282066319.0
6291104633.0
6300130206.0
6308428481.0
6317196049.0
6326064483.0
6335124386.0
6344129786.0
6353085637.0
6362070863.0
6371199780.0
6380095820.0
6389201024.0
6398072289.0
6407159797.0
6415433652.0
6423440654.0
6433954799.0
6442920914.0
6451599649.0
6461359598.0
6469618234.0
6478494101.0
6489392952.0
6499113617.0
6507446222.0
6516132389.0
6525117615.0
6534064619.0
6543108949.0
6552135230.0
6568440861.0
6577548896.0
6586488114.0
6595521119.0
6604498205.0
6613891497.0
6622469012.0
6632463962.0
6641366726.0
6649861424.0
6658561394.0
6667470175.0
6676479114.0
6685967609.0
6694526366.0
6703466646.0
6712467798.0
6721929042.0
6730470812.0
6740447357.0
6749112644.0
6758102825.0
6767151402.0
6776427902.0
6786145735.0
6795217671.0
6811917565.0
6820483754.0
6829619749.0
6839276709.0
6847516233.0
6856534020.0
6866019684.0
6874499518.0
6883469880.0
6892277087.0
6900502809.0
6909486620.0
6918420882.0
6928135884.0
6936471320.0
6945548919.0
6954288528.0
6963152007.0
6971467624.0
6979461531.0
6988168933.0
6997308821.0
7006162037.0
7014463851.0
7023145063.0
7032284243.0
7040460063.0
7049132781.0
7058145259.0
7067159507.0
7075492112.0
7083462660.0
7092186697.0
7101147503.0
7112142620.0
7121126431.0
7130102455.0
7139309941.0
7148143692.0
7157129272.0
7166133964.0
7175162368.0
7184139101.0
7193131052.0
7202143883.0
7211163794.0
7220223697.0
7229133539.0
7238249714.0
7247315280.0
7256204241.0
7265132487.0
7273471462.0
7282144181.0
7290508638.0
7299182418.0
7308241259.0
7317148270.0
7326137390.0
7338249113.0
7348143196.0
7357274944.0
7366168506.0
7374509959.0
7383156487.0
7392162949.0
7401476610.0
7410112875.0
7419177732.0
7427478485.0
7435508491.0
7443481871.0
7452205907.0
7461159989.0
7470115133.0
7479151323.0
7488169110.0
7497362085.0
7506150180.0
7515178231.0
7524172305.0
7533156116.0
7542117276.0
7551162314.0
7560244514.0
7569374138.0
7578114455.0
7587155246.0
7598457916.0
7607509679.0
7615517389.0
7623485814.0
7632332659.0
7641166409.0
7649491228.0
7658126077.0
7667187396.0
7675518585.0
7683488779.0
7691492596.0
7699489688.0
7707491381.0
7716218249.0
7724490334.0
7732578383.0
7740501507.0
7748491874.0
7757149728.0
7766166807.0
7775184948.0
7783493133.0
7791493764.0
7800209306.0
7809407590.0
7827392908.0
7835604827.0
7845177201.0
7854276034.0
7863177383.0
7871496893.0
7879497170.0
7888172012.0
7897341629.0
7905524881.0
7913493660.0
7921565429.0
7930493321.0
7940289723.0
7948493149.0
7956533772.0
7965493517.0
7973496626.0
7981494072.0
7989495057.0
7998119997.0
8007200073.0
8015495517.0
8024057813.0
8032501902.0
8040498286.0
8049273994.0
8058117654.0
8066028037.0
8074211643.0
8083159354.0
8092227397.0
8101303226.0
8109501343.0
8117605318.0
8127205297.0
8136183445.0
8144505786.0
8152501463.0
8160535716.0
8169502539.0
8177502817.0
8185510526.0
8193561060.0
8201504003.0
8209557368.0
8219206895.0
8227506586.0
8236198062.0
8245372279.0
8253507045.0
8262033242.0
8271171360.0
8279507151.0
8287515214.0
8296171652.0
8304508150.0
8312508074.0
8320509059.0
8328509691.0
8336583937.0
8346147108.0
8355510671.0
8363510949.0
8371511226.0
8380167665.0
8389304367.0
8397513101.0
8405513025.0
8414084523.0
8423191497.0
8432090014.0
8440180894.0
8448515622.0
8458157717.0
8466549072.0
8474539794.0
8483200833.0
8491518574.0
8500187399.0
8508517172.0
8516632473.0
8526154590.0
8535183348.0
8543518784.0
8551537820.0
8559536681.0
8575104043.0
8583528312.0
8592226866.0
8601191212.0
8610148479.0
8618530632.0
8630113604.0
8639523176.0
8647522746.0
8655523731.0
8663529671.0
8672186817.0
8680524377.0
8688538457.0
8697528284.0
8705621642.0
8715226576.0
8723526620.0
8732140942.0
8740182628.0
8748527974.0
8756530021.0
8765051263.0
8774150097.0
8782529065.0
8791191166.0
8799529787.0
8807530418.0
8816190750.0
8824560870.0
8834076617.0
8842186962.0
8850532308.0
8858532585.0
8866533217.0
8875231063.0
8883533939.0
8891641453.0
8901540492.0
8910161184.0
8918534843.0
8926536183.0
8935226951.0
8943538321.0
8952071242.0
8961573186.0
8970151409.0
8978155934.0
8986188064.0
8994567385.0
9002538642.0
9010539273.0
9018561139.0
9027066809.0
9035540273.0
9044210514.0
9052540641.0
9061341477.0
9072216263.0
9080541789.0
9088542421.0
9096542698.0
9105547390.0
9113543421.0
9121543698.0
9129545391.0
9137928252.0
9147249699.0
9155545497.0
9163611603.0
9171548529.0
9179545975.0
9187546607.0
9195546530.0
9203551762.0
9212059202.0
9221197320.0
9232148906.0
9240225629.0
9248552217.0
9256553203.0
9264640543.0
9273550740.0
9281550309.0
9289558727.0
9297583071.0
9306173326.0
9314178559.0
9322552572.0
9330553203.0
9338576839.0
9346556943.0
9354612432.0
9363055459.0
9372231446.0
9380554849.0
9390555461.0
9398557154.0
9406557078.0
9414573282.0
9422557279.0
9430646035.0
9441283343.0
9449922793.0
9458045526.0
9465588190.0
9473559446.0
9481566094.0
9490077426.0
9499261200.0
9508125741.0
9516560982.0
9525597526.0
9533561704.0
9542190183.0
9550563134.0
9558610836.0
9566570767.0
9575243486.0
9583563350.0
9591564335.0
9599575584.0
9607564890.0
9615593835.0
9623565799.0
9632172335.0
9640226408.0
9648566799.0
9657573614.0
9666251995.0
9675287478.0
9684248992.0
9693234926.0
9702266162.0
9711267314.0
9720265636.0
9729307843.0
9737570372.0
9745637540.0
9754241598.0
9763238504.0
9771575356.0
9780252675.0
9789274355.0
9798224898.0
9807108904.0
9815402224.0
9823574505.0
9833635283.0
9842576270.0
9853202960.0
9862376470.0
9870590159.0
9880383730.0
9891399728.0
9899578380.0
9908578117.0
9918348330.0
9926579360.0
9937310456.0
9945616163.0
9954588295.0
9964425752.0
9973510429.0
9981581843.0
9991390987.0
10000389662.0
10009375596.0
10018583082.0
10027585651.0
10035613887.0
10043585852.0
10051988886.0
10059585345.0
10067585622.0
10076132700.0
10085237905.0
10093585728.0
10101591668.0
10109593715.0
10117586914.0
10125615505.0
10134227350.0
10142589330.0
10151091814.0
10159595007.0
10168258523.0
10176589713.0
10185618117.0
10193590789.0
10201596375.0
10211116015.0
10219591956.0
10228261135.0
10237380496.0
10245627453.0
10253592693.0
10261594740.0
10269596079.0
10277593879.0
10286092825.0
10295286508.0
10304270319.0
10312595491.0
10320595769.0
10329601168.0
10337596491.0
10346262839.0
10354597921.0
10362620495.0
10372168803.0
10380599088.0
10389272515.0
10397599103.0
10405629817.0
10413600012.0
10421600289.0
10430060658.0
10438261252.0
10446601289.0
10455116161.0
10464306305.0
10472608473.0
10481363654.0
10489603533.0
10497603810.0
10506091430.0
10513637279.0
10521607828.0
10532413953.0
10542243270.0
10550995620.0
10558606589.0
10566606513.0
10582371714.0
10591289342.0
10599610622.0
10607613730.0
10616109845.0
10625610373.0
10633609943.0
10641610928.0
10649610144.0
10657611129.0
10666278185.0
10674652198.0
10683107612.0
10691614343.0
10700611957.0
10709273350.0
10717619404.0
10725622158.0
10734270811.0
10742618280.0
10751114040.0
10760282241.0
10768653423.0
10777617061.0
10786284824.0
10794619199.0
10802616999.0
10811136825.0
10818617554.0
10826624556.0
10835311431.0
10843645451.0
10852093787.0
10861417003.0
10870296055.0
10878626536.0
10887298547.0
10895629736.0
10903621165.0
10911974297.0
10921418907.0
10929623748.0
10938249750.0
10946272324.0
10954651646.0
10962623964.0
10970649723.0
10978629828.0
10987084533.0
10996302991.0
11005480394.0
11013626131.0
11021626054.0
11030264797.0
11039310543.0
11047627929.0
11056105994.0
11065471326.0
11073629097.0
11081629020.0
11089630006.0
11097630283.0
11105640470.0
11114072525.0
11123341239.0
11132080847.0
11139631297.0
11147632283.0
11155632206.0
11163634961.0
11172122227.0
11181305293.0
11191251048.0
11199636033.0
11208270528.0
11216634632.0
11225323984.0
11234264971.0
11242636507.0
11250636076.0
11258663605.0
11266638401.0
11274665222.0
11283104710.0
11292322813.0
11300641969.0
11308644016.0
11316649602.0
11325642969.0
11336443432.0
11345423703.0
11354078372.0
11362309757.0
11370642362.0
11379312957.0
11388320480.0
11397642989.0
11406268282.0
11414145043.0
11421647714.0
11432395090.0
11440645232.0
11450424293.0
11459492336.0
11468474023.0
11478449153.0
11486650101.0
11496486496.0
11505630631.0
11513648958.0
11522649049.0
11533304407.0
11541653292.0
11551108873.0
11560470666.0
11569975796.0
11578663379.0
11587651083.0
11597508713.0
11605652680.0
11615114986.0
11624619407.0
11634188950.0
11643103747.0
11652550480.0
11662465091.0
11670654713.0
11679655512.0
11689605515.0
11697657110.0
11707105967.0
11716483332.0
11725907769.0
11734414147.0
11744527658.0
11754096493.0
11763494739.0
11773607543.0
11781660200.0
11791522785.0
11799661798.0
11809935280.0
11818461477.0
11827216657.0
11837085967.0
11845663128.0
11855531022.0
11864531820.0
11876153369.0
11885515516.0
11894454380.0
11902665238.0
11912118341.0
11921567906.0
11930447311.0
11940101440.0
11949490485.0
11958447044.0
11966668519.0
11976103927.0
11986491016.0
11995136837.0
12003669758.0
12013626485.0
12023099054.0
12032654793.0
12042093033.0
12051095247.0
12060511544.0
12069502079.0
12078059775.0
12087093134.0
12096519694.0
12106072248.0
12114331238.0
12123386894.0
12133468907.0
12143525084.0
12152092689.0
12161071545.0
12170468023.0
12179110658.0
12188497934.0
12197118980.0
12206058198.0
12217660635.0
12226090921.0
12236158423.0
12245113213.0
12254081097.0
12263544111.0
12272507748.0
12281082786.0
12290544030.0
12299114112.0
12308098277.0
12316405754.0
12325248706.0
12334085996.0
12342312072.0
12350065669.0
12358087536.0
12366070825.0
12375390503.0
12384124449.0
12392359019.0
12401090841.0
12410063326.0
12418103596.0
12426107767.0
12435320208.0
12444120336.0
12452106103.0
12460104257.0
12468124354.0
12476113660.0
12484107567.0
12492124124.0
12500143513.0
12509369403.0
12518064064.0
12526094424.0
12534069220.0
12542168594.0
12550359986.0
12559117998.0
12567117568.0
12575174826.0
12591179628.0
12599380576.0
12608108151.0
12616114799.0
12624130295.0
12632314255.0
12640530776.0
12649225437.0
12658120768.0
12666394977.0
12675114766.0
12683161761.0
12692108057.0
12700116474.0
12708593123.0
12717397144.0
12726145247.0
12734318235.0
12743152340.0
12751110501.0
12759179792.0
12768387632.0
12777115915.0
12785203964.0
12794315539.0
12803188927.0
12811108512.0
12819113744.0
12827169941.0
12835364164.0
12844109081.0
12852174480.0
12860199177.0
12870072026.0
12878317921.0
12887122650.0
12895109125.0
12903163198.0
12911125606.0
12919110311.0
12927117313.0
12935240046.0
12944353390.0
12953140777.0
12961285452.0
12970094075.0
12978358374.0
12987174074.0
12995128697.0
13003171090.0
13011129252.0
13019203851.0
13027049821.0
13035366854.0
13044126990.0
13052123374.0
13060356882.0
13069231687.0
13078219037.0
13087359279.0
13096121892.0
13104130663.0
13112111475.0
13121417704.0
13130316575.0
13140413098.0
13149113776.0
13157102728.0
13165231831.0
13174107698.0
13182097004.0
13190455798.0
13199373073.0
13208355114.0
13217223902.0
13226068270.0
13234352742.0
13243161364.0
13251123773.0
13259128651.0
13267119019.0
13275207422.0
13283152134.0
13292367760.0
13301101352.0
13309224793.0
13318090749.0
13326321426.0
13334320996.0
13342373653.0
13351276063.0
13361611126.0
13370320652.0
13379129274.0
13387112210.0
13395403760.0
13404127443.0
13412110378.0
13420114903.0
13428145617.0
13436364969.0
13445097145.0
13453295262.0
13462097867.0
13470075848.0
13478072586.0
13486114272.0
13494074911.0
13502164021.0
13512141629.0
13520362750.0
13529098820.0
13537545032.0
13546098480.0
13554078938.0
13562078154.0
13570104975.0
13578090388.0
13587376090.0
13596144719.0
13604121992.0
13612114838.0
13620147675.0
13628127072.0
13636094789.0
13644164080.0
13653402003.0
13662076845.0
13670079246.0
13680436959.0
13689117110.0
13697199850.0
13705230918.0
13714101122.0
13722077333.0
13730076195.0
13738354297.0
13747155841.0
13755154702.0
13764426955.0
13773031367.0
13781101720.0
13789236486.0
13798099611.0
13806079362.0
13814075038.0
13822171227.0
13830109569.0
13842339146.0
13851145999.0
13859191578.0
13868146013.0
13876369258.0
13885246540.0
13894095863.0
13902082337.0
13910173217.0
13919388136.0
13928122789.0
13936128022.0
13944138209.0
13952161491.0
13960198929.0
13970080626.0
13978387395.0
13987117094.0
13995148870.0
14003470149.0
14012365481.0
14021351061.0
14030322839.0
14038109351.0
14047166423.0
14056529986.0
14065461063.0
14075161200.0
14083392231.0
14092374626.0
14101479830.0
14111540608.0
14120575383.0
14129196784.0
14139160943.0
14148133428.0
14157530259.0
14166485403.0
14175136886.0
14184136977.0
14194534330.0
14203287387.0
14212116890.0
14221665905.0
14232520164.0
14242543427.0
14251120234.0
14260128111.0
14269670048.0
14278187751.0
14287523708.0
14296122104.0
14305291367.0
14314102113.0
14322361811.0
14331192022.0
14339136027.0
14347409174.0
14356229121.0
14364393616.0
14373400431.0
14382078459.0
14390078736.0
14398352237.0
14407119451.0
14415125745.0
14423425082.0
14432130006.0
14441349879.0
14450080640.0
14458105338.0
14466331768.0
14475161271.0
14483196586.0
14491144484.0
14499145469.0
14507082396.0
14515369345.0
14524125942.0
14532390595.0
14541123833.0
14549349555.0
14558081378.0
14566106429.0
14574089719.0
14582167858.0
14599080809.0
14607373775.0
14616145590.0
14624127464.0
14632353186.0
14641362125.0
14650104211.0
14658097764.0
14666080699.0
14675308713.0
14684385603.0
14693105747.0
14701268825.0
14710101160.0
14718080910.0
14726092867.0
14734481391.0
14743127919.0
14751174206.0
14760417791.0
14769209426.0
14777104236.0
14785298460.0
14794105666.0
14802093203.0
14810082509.0
14818113931.0
14826095805.0
14835130933.0
14845513421.0
14854106862.0
14862105724.0
14870098569.0
14878107695.0
14886092046.0
14894188235.0
14903388288.0
14912136391.0
14920149410.0
14928153934.0
14936377887.0
14945236765.0
14954187308.0
14962393210.0
14971166795.0
14980433739.0
14989247316.0
14998114334.0
15006338995.0
15015135230.0
15023162405.0
15032075786.0
15042122762.0
15050326895.0
15058379552.0
15067395215.0
15076141194.0
15084411156.0
15093154304.0
15101119897.0
15109288993.0
15118110710.0
15126355544.0
15136128588.0
15144166381.0
15152123126.0
15160130128.0
15168166505.0
15176241813.0
15185514773.0
15194141482.0
15202117340.0
15210088242.0
15218085688.0
15226172321.0
15234361236.0
15243176583.0
15251278788.0
15260376560.0
15269114045.0
15277249873.0
15286116183.0
15295145295.0
15304153526.0
15312177516.0
15320124706.0
15329991184.0
15340137256.0
15348180003.0
15356134980.0
15364232230.0
15373512623.0
15382110311.0
15390086168.0
15398089277.0
15406112559.0
15414107882.0
15422088340.0
15430195854.0
15438184806.0
15447487849.0
15456145349.0
15464153059.0
15472390814.0
15481254648.0
15490117419.0
15498154858.0
15507395966.0
15516153624.0
15524156379.0
15532409706.0
15541249827.0
15550109767.0
15558097658.0
15566122709.0
15574135728.0
15582080440.0
15591397994.0
15600153883.0
15608131510.0
15616134973.0
15624210280.0
15632340091.0
15641117923.0
15649313208.0
15658129616.0
15666342951.0
15675160068.0
15683166008.0
15691131955.0
15699140019.0
15707168964.0
15715134911.0
15723149345.0
15732064497.0
15740381175.0
15749116537.0
15757501521.0
15766364293.0
15775506658.0
15784396327.0
15793596381.0
15802373858.0
15811494281.0
15820387843.0
15829503664.0
15838365728.0
15847027829.0
15855142421.0
15863423708.0
15872372835.0
15881363725.0
15890342581.0
15899416286.0
15908385232.0
15917361611.0
15926340467.0
15934156000.0
15943145474.0
15952131054.0
15962232532.0
15971168211.0
15980582030.0
15989126276.0
15998116104.0
16007588319.0
16016560097.0
16025120624.0
16034409510.0
16043160444.0
16052542411.0
16062173181.0
16071367572.0
16080406947.0
16090401897.0
16099421099.0
16108416589.0
16117532411.0
16126422434.0
16136336691.0
16145309176.0
16154364478.0
16163348289.0
16172189118.0
16181447213.0
16190267869.0
16198116670.0
16207135519.0
16216573050.0
16225311243.0
16234383887.0
16244564642.0
16253530050.0
16262102964.0
16271570224.0
16280540586.0
16289185345.0
16298101912.0
16307152967.0
16315405233.0
16324162183.0
16332263327.0
16341154765.0
16349370224.0
16358164336.0
16366398552.0
16375382716.0
16384150638.0
16392154101.0
16400140576.0
16409120493.0
16417312240.0
16426168287.0
16435147497.0
16443266336.0
16453265179.0
16462120518.0
16470338454.0
16478368106.0
16487164342.0
16495156833.0
16503181885.0
16511164112.0
16520380446.0
16529244279.0
16538342759.0
16547187835.0
16555142103.0
16563149105.0
16572159813.0
16580138148.0
16588151874.0
16596199576.0
16612161908.0
16621504944.0
16630146518.0
16638350297.0
16649081039.0
16657349231.0
16666126001.0
16674119200.0
16682112399.0
16690127895.0
16698097382.0
16706300453.0
16715398579.0
16724407872.0
16733377172.0
16742113241.0
16750116350.0
16758102117.0
16766102748.0
16774140895.0
16782102242.0
16791401746.0
16800149141.0
16808151542.0
16816147572.0
16824175455.0
16832318715.0
16840388714.0
16849345627.0
16858122396.0
16866106394.0
16874126137.0
16882163929.0
16890143680.0
16898109273.0
16909425392.0
16918118992.0
16926107590.0
16934369058.0
16943199977.0
16951139735.0
16959146029.0
16967161878.0
16975143752.0
16983416191.0
16992202163.0
17000238540.0
17009496636.0
17018097155.0
17026129639.0
17034134517.0
17042102235.0
17050121624.0
17058111991.0
17066208534.0
17075457782.0
17084489018.0
17093271096.0
17101395952.0
17110402768.0
17119259169.0
17127434281.0
17136442158.0
17145290419.0
17153387315.0
17162375019.0
17171316360.0
17181400850.0
17190585332.0
17199580114.0
17208503405.0
17217688948.0
17226429265.0
17235507571.0
17245530126.0
17254626128.0
17263596490.0
17272490760.0
17284289975.0
17292446330.0
17301281496.0
17309245320.0
17317385748.0
17326402119.0
17335281171.0
17343286049.0
17351281726.0
17359283065.0
17367595143.0
17378244483.0
17387172729.0
17397358440.0
17406110082.0
17415151935.0
17424594421.0
17434472578.0
17445414254.0
17455578729.0
17464144919.0
17473331878.0
17482540425.0
17491568830.0
17500147760.0
17509687574.0
17518125645.0
17527557514.0
17537209165.0
17546361086.0
17556587851.0
17565165720.0
17574104229.0
17582351186.0
17590377654.0
17599161148.0
17607150100.0
17615192140.0
17623183923.0
17632128095.0
17640444420.0
17649247026.0
17658106966.0
17666110075.0
17674136896.0
17682118062.0
17690103121.0
17698131712.0
17706136944.0
17715415567.0
17724168624.0
17732320024.0
17740401702.0
17749264828.0
17758126891.0
17766111950.0
17774132401.0
17782380420.0
17791145864.0
17799152866.0
17807157745.0
17815165808.0
17823165378.0
17832072389.0
17840144157.0
17848149036.0
17856257258.0
17866136831.0
17874372108.0
17883164097.0
17891160835.0
17899145894.0
17907151126.0
17915184318.0
17923165838.0
17932276705.0
17940168684.0
17948143833.0
17956215248.0
17964161730.0
17972147143.0
17980148482.0
17988179550.0
17997192736.0
18005242562.0
18013529158.0
18022130031.0
18030117922.0
18038352846.0
18046387453.0
18055166346.0
18063168039.0
18071164070.0
18079151252.0
18087154715.0
18099629910.0
18108167078.0
18117563202.0
18126126206.0
18136179906.0
18146006745.0
18154128770.0
18163160005.0
18172557544.0
18181318034.0
18190153908.0
18199563834.0
18209602669.0
18218115771.0
18227168242.0
18235197894.0
18243237810.0
18251165535.0
18261147390.0
18269132803.0
18277358171.0
18286396839.0
18295171839.0
18303219895.0
18311160715.0
18320394036.0
18329135415.0
18337325391.0
18346144985.0
18355171266.0
18363202334.0
18372098019.0
18380410451.0
18389134841.0
18398360023.0
18407168645.0
18415163968.0
18425157502.0
18433336861.0
18442137697.0
18450119217.0
18458108169.0
18466145254.0
18474118634.0
18482185093.0
18492186767.0
18500396563.0
18509136172.0
18517269168.0
18526139018.0
18534409687.0
18543157436.0
18551194875.0
18559155867.0
18567163577.0
18575193230.0
18585105363.0
18593206506.0
18602115641.0
18618096023.0
18626126029.0
18636498961.0
18645162478.0
18656175645.0
18665140698.0
18675207846.0
18684601138.0
18693188917.0
18702519920.0
18711169987.0
18720587699.0
18729563724.0
18738364206.0
18748152115.0
18757691928.0
18768242172.0
18778144042.0
18788181108.0
18797193232.0
18806525296.0
18815170409.0
18824173685.0
18833693679.0
18842524244.0
18851175020.0
18860567958.0
18869662545.0
18878115835.0
18887168659.0
18896561951.0
18905137343.0
18914532404.0
18923194151.0
18932326607.0
18942549125.0
18951572928.0
18960189728.0
18970547441.0
18979562397.0
18988149821.0
18997312360.0
19007503379.0
19025261482.0
19033307769.0
19042288395.0
19051157183.0
19060281498.0
19069353434.0
19078199571.0
19087155423.0
19096673293.0
19106403868.0
19115459877.0
19126424557.0
19135278127.0
19143467396.0
19152464655.0
19161447405.0
19170400779.0
19179434138.0
19188457587.0
19197466172.0
19206448213.0
19215422114.0
19224462552.0
19233653050.0
19242197650.0
19251185708.0
19260299760.0
19269210310.0
19278150236.0
19289310631.0
19298407695.0
19307420174.0
19317440251.0
19326414860.0
19338390679.0
19347336267.0
19355496161.0
19364451304.0
19373446087.0
19382413263.0
19391701796.0
19402414842.0
19411435106.0
19420434843.0
19429557743.0
19438437148.0
19447476170.0
19456445824.0
19468437923.0
19477605417.0
19487303785.0
19495435011.0
19504437933.0
19513577821.0
19522434576.0
19532360512.0
19541263984.0
19549550226.0
19558423261.0
19567434677.0
19576284354.0
19584301973.0
19592287032.0
19600292264.0
19608308822.0
19616549762.0
19628295536.0
19636257944.0
19645690521.0
19654523210.0
19663680085.0
19672519498.0
19682257859.0
19690447481.0
19699344229.0
19707362910.0
19716583491.0
19725293016.0
19733467067.0
19742480253.0
19752327973.0
19760286134.0
19768475757.0
19777966730.0
19787430097.0
19796288622.0
19804643169.0
19814215189.0
19823562118.0
19833589982.0
19842528491.0
19851632988.0
19860571143.0
19870273758.0
19878504435.0
19888291282.0
19896595927.0
19906459220.0
19915290139.0
19923577089.0
19934204133.0
19942459584.0
19951452243.0
19960292363.0
19968311044.0
19976317692.0
19984452812.0
19993441578.0
