12295405.0
34193267.0
49415206.0
63133355.0
72437460.0
82473110.0
91453028.0
100222366.0
109407909.0
129070435.0
138441431.0
147131845.0
156453292.0
165410205.0
176037249.0
185377807.0
194174750.0
203409842.0
212398607.0
221475498.0
231468324.0
240105297.0
249375072.0
258490894.0
267126805.0
276594773.0
286419135.0
295105303.0
304544250.0
313091328.0
324109449.0
333379932.0
342465671.0
351164225.0
360419844.0
369428783.0
379107685.0
388538846.0
397088402.0
406415511.0
415427635.0
424230241.0
433090889.0
442428616.0
451459498.0
460222465.0
469492594.0
481124760.0
492122001.0
501416196.0
510429028.0
519147402.0
528433457.0
537097681.0
546504422.0
555442224.0
564111757.0
573445591.0
584261272.0
593458141.0
602314896.0
611493360.0
620205717.0
629462752.0
638250493.0
647463641.0
657546362.0
667465574.0
676492208.0
685216245.0
694464785.0
703226690.0
712524779.0
721319598.0
735485451.0
745475446.0
754321937.0
763606577.0
772499785.0
781245410.0
790467761.0
799223295.0
808376632.0
819360778.0
829492693.0
838239734.0
847474117.0
856346091.0
865480316.0
874221694.0
883479436.0
894267158.0
903482784.0
912486060.0
921217175.0
930477394.0
939251687.0
948487132.0
957188517.0
966479174.0
975488820.0
992411681.0
1012398041.0
1021507846.0
1031234881.0
1040481298.0
1049218075.0
1058489620.0
1067229936.0
1076215517.0
1087278232.0
1096496335.0
1105232051.0
1115241157.0
1124211165.0
1133487311.0
1144650538.0
1154492949.0
1163239282.0
1172235834.0
1181489329.0
1190245926.0
1199513577.0
1208239029.0
1217491817.0
1228394561.0
1237492333.0
1246225925.0
1255491453.0
1264343961.0
1273220889.0
1282492434.0
1291283007.0
1302478440.0
1312230603.0
1321420393.0
1330511795.0
1339140982.0
1348548430.0
1357101525.0
1366423326.0
1376103290.0
1385151513.0
1394213894.0
1403117719.0
1412410499.0
1421489867.0
1430135688.0
1439152059.0
1448435991.0
1457484922.0
1466511911.0
1477115950.0
1486425718.0
1495112239.0
1504556849.0
1513100388.0
1522523763.0
1531433605.0
1540234795.0
1549157732.0
1558429277.0
1567439278.0
1576489979.0
1587051902.0
1596458997.0
1605190819.0
1614434759.0
1623148177.0
1632440603.0
1642128707.0
1651136584.0
1660288859.0
1669134289.0
1679455903.0
1688128976.0
1697167643.0
1706170920.0
1715118631.0
1724454588.0
1733515907.0
1742282413.0
1752183575.0
1761496882.0
1771064655.0
1780245243.0
1789472548.0
1798441494.0
1807118460.0
1818471032.0
1827452012.0
1836193744.0
1845152426.0
1854465025.0
1863134559.0
1875083834.0
1884501900.0
1894428898.0
1903121789.0
1912551889.0
1921533222.0
1931122584.0
1940479422.0
1949181869.0
1958449167.0
1967434040.0
1976505622.0
1986186648.0
1998160343.0
2007145924.0
2016130796.0
2026149812.0
2035121944.0
2044547442.0
2053205650.0
2062122924.0
2071679726.0
2080562670.0
2089203536.0
2098522152.0
2107458538.0
2116236369.0
2125206024.0
2134452794.0
2143584896.0
2153499860.0
2162257519.0
2171387851.0
2180511813.0
2190465354.0
2199141611.0
2208468013.0
2217490755.0
2226215145.0
2235132773.0
2244462714.0
2253176841.0
2262472452.0
2272421746.0
2281568713.0
2290334157.0
2300249122.0
2309541547.0
2318270185.0
2327253995.0
2338369090.0
2348226720.0
2356367149.0
2365544552.0
2374537918.0
2383238242.0
2392543763.0
2401262136.0
2410538282.0
2421336975.0
2430539506.0
2439264251.0
2449224870.0
2458541716.0
2467247349.0
2476371664.0
2487359703.0
2497553554.0
2506248215.0
2515550197.0
2524378992.0
2534551608.0
2543249100.0
2552548250.0
2563310490.0
2572420295.0
2581423926.0
2591577784.0
2600225374.0
2608372173.0
2617554177.0
2626304757.0
2635555420.0
2648417446.0
2657546716.0
2666270398.0
2675247485.0
2685528399.0
2695555555.0
2704362054.0
2714261800.0
2723558826.0
2734309387.0
2743564652.0
2752359825.0
2761593855.0
2771307087.0
2780560936.0
2789208880.0
2797231455.0
2806263044.0
2819322909.0
2828556938.0
2837205236.0
2845292577.0
2854562352.0
2863249935.0
2872565720.0
2881329041.0
2891661626.0
2901591101.0
2910252495.0
2919571818.0
2928254800.0
2937563152.0
2946321872.0
2955577137.0
2966649053.0
2979622916.0
2989572211.0
3000632094.0
3019600945.0
3036326675.0
3045576631.0
3054253596.0
3063575043.0
3072256255.0
3081575225.0
3092317999.0
3101562293.0
3110268279.0
3119599636.0
3128247580.0
3136363234.0
3145208664.0
3153204340.0
3162573566.0
3171445185.0
3180249914.0
3188268596.0
3196382480.0
3205583949.0
3214248882.0
3222255176.0
3232979193.0
3242579526.0
3251249059.0
3260579000.0
3269234023.0
3279671014.0
3289612522.0
3303031611.0
3312588059.0
3321213706.0
3329236281.0
3339308738.0
3349617257.0
3358247860.0
3366273265.0
3375644968.0
3387353227.0
3397589547.0
3406245985.0
3414339343.0
3423592838.0
3432250338.0
3440229380.0
3448367331.0
3457601361.0
3472420543.0
3481620951.0
3490329061.0
3499588926.0
3508444973.0
3518299418.0
3527590074.0
3538516178.0
3548637829.0
3557204373.0
3565235795.0
3573593882.0
3582261291.0
3591354816.0
3601633607.0
3611623955.0
3620231199.0
3628386492.0
3638295086.0
3647602377.0
3659357352.0
3668357089.0
3677586871.0
3686269499.0
3695598733.0
3704226858.0
3712370825.0
3721630337.0
3730350126.0
3739600082.0
3750607586.0
3760606428.0
3769243401.0
3783693449.0
3795592114.0
3804450285.0
3814635995.0
3823253149.0
3831268645.0
3841614679.0
3851606090.0
3860232445.0
3868400125.0
3877611504.0
3888649091.0
3898607941.0
3909687644.0
3918271883.0
3926291626.0
3935608118.0
3944257124.0
3952621228.0
3966262931.0
3974644376.0
3984287533.0
3993610749.0
4002319213.0
4011618010.0
4020263477.0
4028262692.0
4036389318.0
4052981975.0
4063610434.0
4072621143.0
4081628312.0
4092274822.0
4100237230.0
4108385445.0
4117625137.0
4126251846.0
4134320429.0
4143644708.0
4155671137.0
4165628217.0
4174312969.0
4183625922.0
4192369777.0
4201627873.0
4210439327.0
4220612296.0
4230625296.0
4239655116.0
4249620690.0
4258323138.0
4267626181.0
4276667680.0
4285662108.0
4294253780.0
4302254765.0
4310269199.0
4319628869.0
4330627879.0
4339617353.0
4348393769.0
4357641601.0
4366250261.0
4374259032.0
4382271343.0
4390318337.0
4399629167.0
4408390010.0
4417637135.0
4428971303.0
4438260190.0
4446262591.0
4454271363.0
4462629449.0
4471624939.0
4480380120.0
4489638924.0
4498382426.0
4507633797.0
4516379422.0
4525676449.0
4536646792.0
4546640680.0
4555666607.0
4564429220.0
4574289681.0
4582480012.0
4592627499.0
4602266055.0
4610346672.0
4620259867.0
4628245987.0
4636376860.0
4645660792.0
4656641752.0
4666644842.0
4675670415.0
4684431258.0
4694273316.0
4702259791.0
4710257945.0
4718272379.0
4726270179.0
4739057882.0
4748618222.0
4757628223.0
4766258825.0
4774246362.0
4782244516.0
4790259658.0
4799247008.0
4807628453.0
4816257640.0
4824245530.0
4832687495.0
4841632021.0
4850256961.0
4859653084.0
4868620261.0
4877623183.0
4886321384.0
4896646891.0
4905651229.0
4915662459.0
4924279258.0
4933642467.0
4942622031.0
4951633801.0
4960257325.0
4968252294.0
4976624892.0
4985665329.0
4996545777.0
5005669385.0
5023676645.0
5032378385.0
5043681055.0
5053655831.0
5074153600.0
5083687751.0
5093670667.0
5102275080.0
5110649447.0
5119662279.0
5128662724.0
5137683696.0
5148322065.0
5157493098.0
5171597723.0
5180540834.0
5189334945.0
5199680626.0
5208665852.0
5217651433.0
5226654709.0
5235676743.0
5244686743.0
5254699389.0
5263655240.0
5272406174.0
5281660377.0
5293545947.0
5303671138.0
5312667690.0
5324189434.0
5333662711.0
5342673774.0
5352665892.0
5361661382.0
5371193055.0
5381661545.0
5390673669.0
5400672158.0
5409666232.0
5418664554.0
5427692958.0
5436666859.0
5445664119.0
5454317372.0
5462677936.0
5472695890.0
5482672082.0
5491681729.0
5500380637.0
5508681035.0
5517666970.0
5526297926.0
5534698129.0
5544704758.0
5554403126.0
5563690597.0
5574607144.0
5584423720.0
5593672968.0
5602325513.0
5610675814.0
5619371183.0
5628669271.0
5638338972.0
5647675637.0
5656385517.0
5664706796.0
5674705639.0
5684708729.0
5694713588.0
5704413017.0
5713678546.0
5725238513.0
5736554278.0
5746705305.0
5756230608.0
5765686897.0
5776399235.0
5786280931.0
5795691919.0
5806554671.0
5816685171.0
5826331867.0
5835685166.0
5845681177.0
5856251241.0
5866685401.0
5876201855.0
5884999506.0
5894695751.0
5904286882.0
5913684067.0
5922355016.0
5932385357.0
5940688587.0
5950689199.0
5960684502.0
5972160946.0
5980479394.0
5989711300.0
6005218142.0
6015264763.0
6026247847.0
6036247043.0
6046609712.0
6055611219.0
6066372043.0
6086386009.0
6095626055.0
6104707901.0
6117256002.0
6126704151.0
6136401457.0
6146340488.0
6154696097.0
6164697771.0
6174511870.0
6184390381.0
6192704936.0
6202695993.0
6213530432.0
6222577240.0
6232714110.0
6242301702.0
6251694994.0
6264689384.0
6273687705.0
6282682133.0
6292252383.0
6301688853.0
6310685759.0
6319686558.0
6328374848.0
6336683033.0
6345714269.0
6354534570.0
6363705956.0
6372691537.0
6381685611.0
6392687099.0
6402663645.0
6411703020.0
6422448273.0
6432456317.0
6441689285.0
6452449755.0
6462462401.0
6472264112.0
6482545734.0
6492487242.0
6501696498.0
6512403527.0
6524452253.0
6533704686.0
6544577348.0
6554434978.0
6563693074.0
6573699349.0
6584404608.0
6593706236.0
6603707556.0
6613702506.0
6624420506.0
6634451555.0
6643710359.0
6653712033.0
6663717246.0
6674562303.0
6684460987.0
6693704927.0
6704432129.0
6714454684.0
6724266305.0
6734450246.0
6744468908.0
6753701168.0
6764412798.0
6774454111.0
6783723178.0
6794458167.0
6804455594.0
6813705549.0
6823705100.0
6833701819.0
6843226060.0
6852705354.0
6861707568.0
6870329677.0
6878708644.0
6887722184.0
6896718382.0
6906154144.0
6916329945.0
6924708559.0
6933710773.0
6942714757.0
6952379149.0
6960722371.0
6969712553.0
6979716350.0
6988403225.0
6996477471.0
7006156020.0
7014712300.0
7031717269.0
7040714529.0
7053448082.0
7063482317.0
7072330932.0
7081717145.0
7092471953.0
7101721201.0
7112580768.0
7122724717.0
7131366998.0
7140333467.0
7150463967.0
7159721709.0
7171491194.0
7180339809.0
7189721776.0
7200466674.0
7209720523.0
7220127077.0
7230473112.0
7240277654.0
7249722972.0
7260453006.0
7269366387.0
7279721270.0
7290477847.0
7300266110.0
7310480133.0
7321171590.0
7330343331.0
7340447286.0
7350222808.0
7359722983.0
7371102453.0
7381134564.0
7390726049.0
7401434140.0
7410364155.0
7420267440.0
7430156569.0
7440467566.0
7449467303.0
7462476911.0
7472456997.0
7482157488.0
7494487931.0
7504271239.0
7513356269.0
7522654004.0
7532482613.0
7542189829.0
7552593906.0
7561537016.0
7571486310.0
7581124512.0
7591194846.0
7602701372.0
7612286841.0
7621672346.0
7631152348.0
7641152252.0
7651483068.0
7660383001.0
7671247523.0
7681474996.0
7691198845.0
7701117703.0
7711476125.0
7720370749.0
7730629366.0
7742500780.0
7752157739.0
7762569956.0
7772149054.0
7782160992.0
7792610016.0
7802166817.0
7812159997.0
7821675744.0
7831153976.0
7840391545.0
7850145477.0
7858690786.0
7868160524.0
7878215993.0
7888293405.0
7898504244.0
7909476002.0
7919475553.0
7929111631.0
7939486687.0
7948370339.0
7958504378.0
7968489772.0
7978167613.0
7988476132.0
7997683264.0
8006371555.0
8016174682.0
8026499481.0
8038167039.0
8047372756.0
8056692079.0
8066274008.0
8076178002.0
8085715691.0
8095168441.0
8104731967.0
8114414408.0
8123396096.0
8132688168.0
8141687551.0
8150377257.0
8160689316.0
8169693300.0
8179380696.0
8188378664.0
8197693740.0
8206730992.0
8218169920.0
8228477732.0
8237384035.0
8246405361.0
8255716544.0
8264690445.0
8274263527.0
8283546397.0
8293384208.0
8302697515.0
8312702728.0
8321395265.0
8330695477.0
8339385184.0
8348694598.0
8357698228.0
8366429342.0
8375727785.0
8384387408.0
8393699653.0
8402709300.0
8411408916.0
8420388834.0
8429698955.0
8438394678.0
8447700907.0
8456390259.0
8465513513.0
8476238946.0
8484410165.0
8494711960.0
8504194793.0
8513393077.0
8522703906.0
8531706829.0
8540394411.0
8550245317.0
8559731335.0
8568395206.0
8578239033.0
8587704878.0
8596402370.0
8605424050.0
8614705505.0
8623703118.0
8632405212.0
8641398578.0
8650706576.0
8659399114.0
8668405929.0
8678215781.0
8687703922.0
8696400707.0
8706201710.0
8714718352.0
8725335840.0
8734404591.0
8743717190.0
8752403357.0
8761403802.0
8771522268.0
8780713828.0
8789408135.0
8798716841.0
8807408671.0
8816711714.0
8826141814.0
8834550157.0
8843406911.0
8852718449.0
8861408155.0
8870408600.0
8879717660.0
8888716335.0
8899297370.0
8909498299.0
8918410973.0
8927723572.0
8936716584.0
8945502556.0
8954716766.0
8963414967.0
8973502642.0
8982720392.0
8991413991.0
9000725174.0
9009414527.0
9018720402.0
9036549288.0
9045415953.0
9054629101.0
9064269427.0
9073208998.0
9084248000.0
9094139960.0
9102732694.0
9111418861.0
9120724736.0
9130576703.0
9139433458.0
9149101743.0
9158236676.0
9167723756.0
9177504940.0
9186422568.0
9196252239.0
9204422750.0
9214179514.0
9223134658.0
9231426916.0
9240435855.0
9249730050.0
9260209865.0
9269426199.0
9280256745.0
9289121286.0
9297426639.0
9306737823.0
9316725340.0
9327507400.0
9336733643.0
9345430074.0
9354733471.0
9364265144.0
9373221703.0
9382733911.0
9391431050.0
9400737632.0
9409738785.0
9418434508.0
9427435307.0
9437096513.0
9447433700.0
9456434145.0
9465737188.0
9475715858.0
9484457590.0
9494158789.0
9503206658.0
9511436274.0
9520436719.0
9530175433.0
9538437608.0
9547744191.0
9556438852.0
9565438943.0
9575566611.0
9586440689.0
9596128439.0
9604446887.0
9613467859.0
9625123384.0
9633470146.0
9642442631.0
9652259915.0
9661127641.0
9669442904.0
9679443516.0
9689096937.0
9697444406.0
9706445559.0
9716122691.0
9725114996.0
9733473791.0
9742449462.0
9752121640.0
9760451413.0
9769450442.0
9780145084.0
9788448668.0
9798160131.0
9806449558.0
9815449649.0
9825104131.0
9834158371.0
9842451337.0
9852151121.0
9860451873.0
9871144038.0
9881205878.0
9889458144.0
9898453634.0
9906454619.0
9914453835.0
9923252193.0
9931454557.0
9939460143.0
9948455987.0
9956455557.0
9966234971.0
9975334513.0
9984456705.0
9992461937.0
10000457968.0
10008460723.0
10016460646.0
10024460924.0
10032459078.0
10040459709.0
10049459800.0
10058103497.0
10067290810.0
10075542722.0
10084465305.0
10092461689.0
10101222887.0
10109463474.0
10118280236.0
10126462426.0
10135284851.0
10143493939.0
10152472795.0
10160508818.0
10169465024.0
10178470070.0
10187256749.0
10195465837.0
10203516017.0
10212466559.0
10220467191.0
10228474193.0
10236468100.0
10244471208.0
10252496614.0
10260476010.0
10269473624.0
10278469468.0
10287470267.0
10296471419.0
10307471491.0
10316251446.0
10324484247.0
10332472845.0
10340472415.0
10348472692.0
10356473677.0
10364477848.0
10372473878.0
10380473802.0
10388474787.0
10396474711.0
10404475342.0
10412566930.0
10422315908.0
10431478800.0
10440477122.0
10449232656.0
10457477490.0
10466393349.0
10474477858.0
10482479198.0
10491371344.0
10500500969.0
10508480011.0
10516480288.0
10524480566.0
10533223714.0
10542481102.0
10550485626.0
10559481470.0
10567482102.0
10576300634.0
10585278074.0
10593510166.0
10602483714.0
10610485053.0
10619514873.0
10628484881.0
10639287821.0
10647485938.0
10656486737.0
10664486660.0
10673155840.0
10682487550.0
10691488349.0
10699487919.0
10707488550.0
10716488641.0
10724488918.0
10732489196.0
10740494074.0
10749493103.0
10757493381.0
10766492056.0
10776308278.0
10784494362.0
10794325094.0
10803341111.0
10812517806.0
10820492956.0
10828500666.0
10836494219.0
10844499451.0
10853522900.0
10862499987.0
10871496892.0
10880495922.0
10889271630.0
10897496644.0
10906497443.0
10914499136.0
10923526832.0
10932498256.0
10940498180.0
10948507305.0
10956500150.0
10965499533.0
10974217199.0
10982500256.0
10991343916.0
10999522567.0
11007501609.0
11016501700.0
11024501978.0
11032507210.0
11049503332.0
11057503609.0
11066504054.0
11074627140.0
11083504422.0
11091534075.0
11100507268.0
11109505944.0
11117506221.0
11125514639.0
11136507278.0
11145513386.0
11153508000.0
11162508445.0
11172229110.0
11180510397.0
11188670998.0
11197510057.0
11206310540.0
11214510072.0
11222510703.0
11231542293.0
11240511593.0
11248515410.0
11256512502.0
11264514549.0
11273277162.0
11281542877.0
11290531996.0
11301514726.0
11309514650.0
11317517759.0
11326515018.0
11334516004.0
11342543179.0
11351516372.0
11359516649.0
11367526837.0
11377164331.0
11385517463.0
11393517740.0
11402546498.0
11411518984.0
11419579427.0
11428520060.0
11436519984.0
11444522739.0
11454608291.0
11463522026.0
11473172615.0
11481521854.0
11490522653.0
11499522744.0
11508523543.0
11516523112.0
11524556304.0
11534551254.0
11543524801.0
11551525078.0
11559529249.0
11568547390.0
11577274257.0
11585527231.0
11594554927.0
11603527059.0
11612527504.0
11621239507.0
11629528580.0
11638529379.0
11647529470.0
11656316503.0
11664558859.0
11674187152.0
11682569659.0
11691531173.0
11700531972.0
11709532063.0
11718204781.0
11726532431.0
11735532522.0
11744562342.0
11752533952.0
11760562189.0
11769534321.0
11778646603.0
11788286928.0
11796555828.0
11805543178.0
11815247563.0
11823545484.0
11832545221.0
11842326405.0
11850545403.0
11859547263.0
11868553017.0
11877550276.0
11886564878.0
11895563553.0
11905234316.0
11913548163.0
11923221403.0
11931574535.0
11941347933.0
11951455782.0
11960550014.0
11968550646.0
11977210977.0
11985551368.0
11994582604.0
12003552966.0
12012552349.0
12022223111.0
12030557131.0
12039557576.0
12048554482.0
12056554406.0
12064585828.0
12073556190.0
12082588133.0
12091587162.0
12100556817.0
12108563464.0
12120340383.0
12129557424.0
12138558931.0
12147595121.0
12157220228.0
12165566990.0
12175268189.0
12194434171.0
12202629102.0
12211636626.0
12221284030.0
12230562299.0
12239562390.0
12248562481.0
12256563466.0
12264594534.0
12274332540.0
12283351035.0
12292565599.0
12300575433.0
12309565614.0
12319234607.0
12327566857.0
12336566948.0
12345567039.0
12355274255.0
12363576069.0
12373226304.0
12381568465.0
12391272849.0
12399570416.0
12409322933.0
12418570412.0
12428229141.0
12436571656.0
12445595459.0
12454602982.0
12463574760.0
12472423374.0
12480573359.0
12489573096.0
12499267216.0
12507611147.0
12516566998.0
12525270861.0
12533568074.0
12542568165.0
12551570026.0
12560595953.0
12568569686.0
12577210906.0
12585570055.0
12594337269.0
12602570423.0
12613636677.0
12623392380.0
12632257275.0
12640627041.0
12649572628.0
12658573781.0
12667596169.0
12677197210.0
12685574762.0
12694602458.0
12703575298.0
12711575575.0
12720577082.0
12729576111.0
12738577618.0
12747581602.0
12756577799.0
12765577537.0
12775269180.0
12785694138.0
12794608581.0
12803584960.0
12812598853.0
12820588867.0
12829580464.0
12838581263.0
12847581354.0
12855581985.0
12864724704.0
12873604464.0
12882584028.0
12891612078.0
12900591996.0
12910252495.0
12918584745.0
12927584836.0
12936592360.0
12945242781.0
12953586004.0
12962586802.0
12972257565.0
12980588046.0
12988587616.0
12996597095.0
13005609573.0
13014617450.0
13023589228.0
13032589319.0
13049653746.0
13059279561.0
13068285669.0
13077219931.0
13085591821.0
13094636859.0
13103597311.0
13112592801.0
13122603323.0
13131626419.0
13140600320.0
13149597226.0
13159278251.0
13167595638.0
13177240918.0
13185596174.0
13194596973.0
13204410363.0
13212606002.0
13221627328.0
13230598398.0
13239598843.0
13248631848.0
13257602210.0
13266600178.0
13276421000.0
13284601067.0
13293604344.0
13302645843.0
13311601694.0
13320602493.0
13329602230.0
13338603029.0
13347603474.0
13356603565.0
13364604550.0
13373257095.0
13381604918.0
13390605363.0
13399605808.0
13407606439.0
13416606177.0
13424606808.0
13432635753.0
13440607717.0
13453223416.0
13461608047.0
13471660685.0
13481181741.0
13489612380.0
13498609994.0
13508200063.0
13516769084.0
13526227497.0
13534611419.0
13543639116.0
13553183176.0
13562225029.0
13571246001.0
13579619660.0
13587614275.0
13597195497.0
13606220716.0
13614615610.0
13625615682.0
13634708145.0
13645201762.0
13654245385.0
13662619752.0
13672745297.0
13682348815.0
13690621608.0
13699618868.0
13709183809.0
13717619757.0
13727214782.0
13736646296.0
13746622135.0
13756369343.0
13765210525.0
13774326701.0
13784236357.0
13793189377.0
13801623202.0
13811237337.0
13819665146.0
13829570201.0
13838625149.0
13848228313.0
13857182749.0
13865630730.0
13876362887.0
13885236630.0
13894204161.0
13903661866.0
13914286432.0
13922628947.0
13931628684.0
13941232202.0
13950228400.0
13958630018.0
13968274237.0
13977251677.0
13986408907.0
13995736725.0
14005225220.0
14014284415.0
14022633300.0
14032360335.0
14041263453.0
14049633927.0
14058634726.0
14068408831.0
14077636490.0
14087242486.0
14095635965.0
14104637825.0
14114355658.0
14123234356.0
14131637744.0
14141244094.0
14150260111.0
14158638725.0
14167639524.0
14177564398.0
14186696146.0
14195687743.0
14204664121.0
14213675891.0
14222657225.0
14231644575.0
14240642188.0
14249267836.0
14257645742.0
14266643355.0
14275304748.0
14283672391.0
14292644523.0
14300644800.0
14311645580.0
14319720180.0
14328646302.0
14336646226.0
14344646857.0
14352654921.0
14361278091.0
14369655289.0
14379351533.0
14389314277.0
14399708444.0
14409288957.0
14417657308.0
14426657753.0
14435657844.0
14445299939.0
14453696602.0
14465419371.0
14477304234.0
14486342548.0
14494693556.0
14504320787.0
14512661886.0
14520669595.0
14529662254.0
14538662699.0
14547712692.0
14557321519.0
14565663680.0
14574723583.0
14585722239.0
14595392647.0
14603671103.0
14612666593.0
14620670763.0
14630360637.0
14638666698.0
14647674222.0
14657295436.0
14665668387.0
14675494872.0
14685536185.0
14695375057.0
14703679703.0
14713670759.0
14722670497.0
14731718012.0
14741341704.0
14749672539.0
14758671922.0
14767672721.0
14777302429.0
14785695907.0
14799371586.0
14807681894.0
14817304524.0
14825682430.0
14835500422.0
14844709677.0
14855569244.0
14865341227.0
14874362906.0
14882704005.0
14893331757.0
14901678165.0
14910678610.0
14920463333.0
14931529233.0
14941717067.0
14951680518.0
14963367896.0
14974354873.0
14982681815.0
14992536260.0
15000698277.0
15009716064.0
15019378686.0
15027685101.0
15037395148.0
15047738705.0
15066689506.0
15075714371.0
15086386717.0
15094691008.0
15105484039.0
15114443783.0
15124605428.0
15136498076.0
15144697609.0
15154481624.0
15163436768.0
15172509765.0
15181555158.0
15192591683.0
15202442235.0
15210694854.0
15219695653.0
15229375263.0
15250632891.0
15261449988.0
15271365660.0
15279698973.0
15289372567.0
15300699657.0
15310376436.0
15320746183.0
15330444905.0
15338701417.0
15348705569.0
15358386949.0
15366705397.0
15375702657.0
15387340486.0
15397381444.0
15405708033.0
15414708124.0
15423709630.0
15433413661.0
15441710520.0
15451388714.0
15464350544.0
15473348158.0
15482706766.0
15492718703.0
15502391589.0
15510727733.0
15520538293.0
15530662422.0
15540450684.0
15548717814.0
15558400256.0
15566714457.0
15577396712.0
15586469356.0
15594715251.0
15604574651.0
15617527633.0
15627426317.0
15636411544.0
15644713712.0
15654439331.0
15662722034.0
15673400750.0
15682344568.0
15691450480.0
15701775633.0
15711424807.0
15719717065.0
15729364115.0
15737718663.0
15747430833.0
15757398885.0
15768333483.0
15777622369.0
15787403199.0
15796546627.0
15804721385.0
15814437448.0
15822728999.0
15832553007.0
15840785454.0
15852606257.0
15862421417.0
15870728186.0
15880627932.0
15888730492.0
15898730042.0
15909715957.0
15919431313.0
15927732066.0
15937570938.0
15949234957.0
15957726824.0
15966718067.0
15977196112.0
15986545519.0
15994718507.0
16004450143.0
16013203201.0
16023452970.0
16032435719.0
16040721607.0
16049722760.0
16059460058.0
16067729666.0
16077582341.0
16087454128.0
16096334595.0
16105473421.0
16116725128.0
16125724865.0
16135457562.0
16143770348.0
16153423061.0
16162484025.0
16172394389.0
16182490912.0
16191498789.0
16199729466.0
16211210510.0
16220729089.0
16229728826.0
16238729625.0
16247730423.0
16257390922.0
16265731313.0
16275427557.0
16284327136.0
16294738645.0
16303762803.0
16312738473.0
16321733609.0
16330733700.0
16339733791.0
16348734590.0
16357735035.0
16366735480.0
16376735738.0
16385736537.0
16394763879.0
16403737073.0
16412737518.0
16421737963.0
16430738053.0
16439748054.0
16448742482.0
16457739388.0
16466740895.0
16476431476.0
16484769390.0
16493740814.0
16502740905.0
16511753383.0
16520748519.0
16529744363.0
16539307181.0
16547743129.0
16556743574.0
16565744373.0
16575455481.0
16583758711.0
16593399745.0
16604344252.0
16612778430.0
16621351344.0
16630449824.0
16638779244.0
16648581663.0
16656765977.0
16667457080.0
16676429211.0
16684790837.0
16694461953.0
16705670836.0
16715471132.0
16723766575.0
16733411502.0
16741773835.0
16751535908.0
16760431948.0
16768763137.0
16781392285.0
16790470592.0
16798778777.0
16808442814.0
16816765510.0
16826493960.0
16834766399.0
16844433976.0
16855369635.0
16864577475.0
16872765328.0
16882566686.0
16890769049.0
16900586333.0
16908769585.0
16917769322.0
16927464151.0
16939464390.0
16948513676.0
16958688415.0
16968460751.0
16977420849.0
16986772733.0
16996603466.0
17004778578.0
17014464558.0
17022779821.0
17032581887.0
17041713634.0
17053452683.0
17068773365.0
17079482518.0
17087794242.0
17097419703.0
17107778478.0
17117425882.0
17125783261.0
17135484106.0
17143782735.0
17155444984.0
17164708743.0
17173782094.0
17183494619.0
17191782276.0
17201431450.0
17210424109.0
17219785902.0
17231358964.0
17240508408.0
17248784386.0
17259448237.0
17269460529.0
17286586892.0
17297353025.0
17306790910.0
17317581110.0
17325787013.0
17335473701.0
17344437339.0
17353572980.0
17362403898.0
17371262423.0
17380611121.0
17390639339.0
17398799587.0
17408462917.0
17416791629.0
17428598276.0
17436796038.0
17446473525.0
17454796574.0
17464590499.0
17473497156.0
17481794016.0
17491552195.0
17500471240.0
17509470269.0
17518325608.0
17526796594.0
17536597951.0
17545351009.0
17554560972.0
17563319338.0
17572452148.0
17581479490.0
17590478166.0
17598799091.0
17608610358.0
17616800335.0
17626476052.0
17635367491.0
17644598689.0
17655515237.0
17664324213.0
17673296344.0
17682565412.0
17691387483.0
17701479405.0
17710485159.0
17719338375.0
17728613459.0
17740268276.0
17749476823.0
17758338533.0
17767336854.0
17776471080.0
17786345698.0
17797692961.0
17807562979.0
17816312851.0
17825490962.0
17834394787.0
17843491143.0
17852356392.0
17861449917.0
17876528520.0
17885336789.0
17894553122.0
17904595143.0
17913307854.0
17922527727.0
17933362520.0
17942499222.0
17951330849.0
17960471445.0
17969299179.0
17979509309.0
17988356508.0
17997302096.0
18008385338.0
18017077168.0
18025412958.0
18034545414.0
18043345896.0
18052531439.0
18062365357.0
18076562709.0
18086388486.0
18095531205.0
18104485287.0
18113309482.0
18122764709.0
18132525366.0
18143409353.0
18153360417.0
18163385450.0
18172495609.0
18181501362.0
18190354578.0
18199519594.0
18208500574.0
18218741141.0
18228519140.0
18240562203.0
18249325170.0
18259787997.0
18269518217.0
18279431058.0
18300456871.0
18309555350.0
18320396868.0
18330519935.0
18339396509.0
18349500465.0
18358364652.0
18367236979.0
18376614699.0
18385277861.0
18394237960.0
18403255747.0
18412450845.0
18422508438.0
18432557183.0
18441554797.0
18450769715.0
18460645041.0
18469355274.0
18479514795.0
18488658930.0
18498384903.0
18507397027.0
18517348799.0
18526553454.0
18537357102.0
18546555740.0
18555423112.0
18565539809.0
18577351765.0
18586517843.0
18597348388.0
18606519421.0
18615537208.0
18625539236.0
18634372986.0
18643538710.0
18652503409.0
18661505624.0
18671662313.0
18681467210.0
18690521804.0
18699399086.0
18709362537.0
18718517997.0
18727358118.0
18740407365.0
18749194398.0
18758596892.0
18767367291.0
18776348271.0
18785509393.0
18794376766.0
18803518777.0
18812367746.0
18821487461.0
18834634743.0
18844658713.0
18853351959.0
18862522637.0
18871611561.0
18880501230.0
18893604627.0
18903553921.0
18912378116.0
18921330428.0
18930548885.0
18939410949.0
18949718760.0
18959525073.0
18968352806.0
18977330955.0
18986575956.0
18995434834.0
19004509247.0
19013334858.0
19022543405.0
19033406865.0
19042552416.0
19053249889.0
19062526389.0
19080532941.0
19089350411.0
19098529584.0
19109694935.0
19119549734.0
19128400472.0
19137489750.0
19146373756.0
19155647070.0
19165426839.0
19174406049.0
19185376392.0
19194552379.0
19203400286.0
19213382849.0
19222542202.0
19234736741.0
19244508370.0
19253324070.0
19264811131.0
19274576389.0
19283367669.0
19292502602.0
19303428352.0
19323572558.0
19333503803.0
19342554504.0
19351517080.0
19360717487.0
19372671718.0
19382540673.0
19391400967.0
19403520476.0
19412357765.0
19421660101.0
19433384286.0
19442181229.0
19451546561.0
19460350936.0
19469478791.0
19479392694.0
19489350482.0
19498605747.0
19509371880.0
19519688186.0
19529477510.0
19538411065.0
19547538919.0
19556364530.0
19565475750.0
19575773298.0
19585510597.0
19594489099.0
19603381953.0
19612672609.0
19621362316.0
19630701459.0
19639377008.0
19648646783.0
19659461403.0
19669521827.0
19679368840.0
19688513329.0
19697325844.0
19706598097.0
19715396101.0
19724510861.0
19735412190.0
19744651175.0
19753358577.0
19762534564.0
19771496078.0
19780496877.0
19789518911.0
19798538821.0
19807366555.0
19816676323.0
19827447057.0
19837527300.0
19849360491.0
19858541433.0
19867385093.0
19876514010.0
19887483645.0
19897602819.0
19906566103.0
19915371186.0
19924652286.0
19933365351.0
19942529659.0
19951378628.0
19960650880.0
19973768433.0
19983594565.0
19992254896.0
20001525733.0
