8527967.0
33412528.0
48988383.0
63555931.0
73137861.0
82157771.0
91138397.0
100642110.0
109093631.0
129492304.0
138126091.0
147549112.0
156137952.0
165099113.0
176513266.0
185061760.0
194591310.0
203101227.0
212087161.0
222193948.0
231151923.0
240517256.0
249066103.0
258175555.0
267539825.0
277440987.0
286106627.0
295519031.0
304230680.0
313506118.0
324530610.0
333069902.0
342150686.0
351577953.0
360107690.0
369116629.0
379522475.0
388227046.0
397501776.0
406105481.0
415114773.0
424645385.0
433503909.0
442109737.0
451137788.0
460637609.0
469172300.0
483325412.0
492540330.0
501103334.0
510112627.0
519560068.0
528119887.0
537508578.0
546186605.0
555127592.0
564527962.0
574146345.0
583444787.0
592232883.0
600116368.0
608119830.0
616228760.0
624110830.0
632219405.0
640228531.0
648197310.0
657071407.0
665448959.0
674453651.0
683112920.0
691190351.0
699138957.0
707110921.0
715112614.0
723216943.0
731115293.0
743449629.0
752095804.0
760227030.0
768115470.0
776457631.0
785073015.0
793099836.0
801109669.0
809326189.0
818515626.0
827466876.0
836102079.0
844230828.0
852114314.0
860114591.0
868232369.0
876265560.0
884173466.0
893459167.0
902127992.0
910459889.0
919109249.0
927135717.0
935110866.0
943112913.0
951168402.0
959113822.0
969092138.0
977485970.0
986131791.0
1002220825.0
1011471134.0
1020133235.0
1028463717.0
1037100336.0
1045096720.0
1053080363.0
1061088781.0
1069129051.0
1077178169.0
1086468117.0
1095140482.0
1103124479.0
1111117678.0
1119501955.0
1128149191.0
1136232639.0
1144255567.0
1152472795.0
1161110830.0
1169138359.0
1177486890.0
1186169518.0
1194115293.0
1202221391.0
1210119741.0
1218261585.0
1227478980.0
1236133649.0
1244116938.0
1252227284.0
1260116431.0
1268099721.0
1276503109.0
1285099735.0
1294322086.0
1303203969.0
1312645393.0
1321108593.0
1330197871.0
1339553294.0
1348234506.0
1357515253.0
1366113649.0
1375479689.0
1384481550.0
1393483764.0
1403528262.0
1412097991.0
1421176297.0
1430551186.0
1439562602.0
1448122775.0
1457172060.0
1467278494.0
1476492704.0
1486115334.0
1495524906.0
1504242571.0
1513516594.0
1522209131.0
1531120035.0
1540648169.0
1549582432.0
1558120308.0
1567121107.0
1577242051.0
1586415207.0
1596144365.0
1605603132.0
1614121189.0
1623555181.0
1632125618.0
1641489535.0
1650489272.0
1659552360.0
1669549787.0
1679147996.0
1687499712.0
1696498034.0
1705510158.0
1715530236.0
1724140665.0
1733199152.0
1742989538.0
1752600488.0
1761182250.0
1771535363.0
1780659679.0
1789160748.0
1798128986.0
1807528295.0
1818152508.0
1827138088.0
1836607118.0
1845564739.0
1854150748.0
1863551118.0
1874455986.0
1885188498.0
1894117805.0
1903532686.0
1912237257.0
1921217529.0
1931532772.0
1940166560.0
1949595598.0
1958135597.0
1967120824.0
1977174877.0
1988471177.0
1997508076.0
2007567792.0
2016547710.0
2025507454.0
2035536734.0
2044235996.0
2053620440.0
2062532405.0
2071371465.0
2080249100.0
2089617618.0
2098208936.0
2107148507.0
2116651159.0
2125623645.0
2134140286.0
2144266539.0
2153184875.0
2162682926.0
2172172129.0
2181213982.0
2190153908.0
2199569850.0
2208158337.0
2217176831.0
2226629227.0
2235585786.0
2244153746.0
2253587030.0
2262162067.0
2271419456.0
2280158002.0
2288206412.0
2296236419.0
2304189272.0
2312206183.0
2320240437.0
2328265842.0
2337519337.0
2346157018.0
2354220292.0
2362217031.0
2371087588.0
2379163250.0
2387218031.0
2395245560.0
2403140370.0
2411260979.0
2420523322.0
2429180114.0
2437209059.0
2445179961.0
2453179531.0
2461191841.0
2469189995.0
2477319098.0
2486482699.0
2495528445.0
2504202225.0
2512242849.0
2520209858.0
2528534323.0
2537183683.0
2545244126.0
2553206535.0
2562532936.0
2571246355.0
2579264682.0
2587556233.0
2596242754.0
2604227813.0
2612208625.0
2620260221.0
2628172373.0
2636238479.0
2645535859.0
2656269078.0
2664232902.0
2672538256.0
2682641858.0
2692246792.0
2700377310.0
2708223280.0
2716205862.0
2724265597.0
2733534665.0
2742242421.0
2750255439.0
2758226342.0
2766227327.0
2774544713.0
2783237959.0
2791197182.0
2799178702.0
2809231694.0
2818542523.0
2827230460.0
2835175173.0
2843334359.0
2851259960.0
2859179190.0
2867229724.0
2875253714.0
2883179669.0
2891189502.0
2899550420.0
2908273041.0
2916228017.0
2924235727.0
2932243790.0
2940331131.0
2948221341.0
2956430783.0
2966247712.0
2974236665.0
2982261716.0
2990284998.0
3000231107.0
3016245111.0
3024561790.0
3033559757.0
3042229998.0
3050281594.0
3058217104.0
3066236847.0
3074210227.0
3082297568.0
3091557079.0
3100267313.0
3108239985.0
3116208410.0
3124245141.0
3132264176.0
3142190112.0
3150557754.0
3159222333.0
3167247738.0
3175558400.0
3184247399.0
3192237767.0
3200214332.0
3208250355.0
3216223735.0
3224213748.0
3232257912.0
3240563265.0
3249214748.0
3257187420.0
3265210702.0
3273562773.0
3282229828.0
3290251341.0
3300240982.0
3310566489.0
3319263982.0
3327244794.0
3335223836.0
3343564581.0
3352246855.0
3360254211.0
3368220866.0
3376294758.0
3386567532.0
3395567977.0
3404207428.0
3412247344.0
3420251514.0
3428210737.0
3436243575.0
3444238544.0
3452235282.0
3461345087.0
3471389585.0
3480234307.0
3488331911.0
3496245125.0
3504229123.0
3512215243.0
3520255160.0
3528314541.0
3537599888.0
3546580514.0
3555247570.0
3563226258.0
3571448441.0
3580274052.0
3588576574.0
3597576311.0
3606235934.0
3614278328.0
3624255581.0
3632220113.0
3640256844.0
3648241549.0
3658581921.0
3667590860.0
3676248360.0
3684231650.0
3692360045.0
3700255563.0
3708235667.0
3716219311.0
3724249317.0
3732240039.0
3740233946.0
3750204475.0
3758693157.0
3767232803.0
3775275550.0
3783262025.0
3792173637.0
3803606548.0
3812586466.0
3821199727.0
3829218762.0
3837586758.0
3846240365.0
3854277096.0
3862231364.0
3870214654.0
3878257401.0
3888247042.0
3896589557.0
3905615837.0
3914288910.0
3922228314.0
3930236023.0
3938212942.0
3946231269.0
3955417520.0
3964286308.0
3972600864.0
3981593522.0
3990238635.0
3998256608.0
4006232466.0
4014274859.0
4022253194.0
4030490949.0
4038255164.0
4046271368.0
4054347030.0
4062239363.0
4071070990.0
4079597895.0
4088219649.0
4096252841.0
4104263736.0
4113675785.0
4122241267.0
4130239067.0
4138249608.0
4146411271.0
4155247499.0
4163605586.0
4172230526.0
4180252392.0
4188288769.0
4196216493.0
4204278706.0
4212246423.0
4220219095.0
4228608681.0
4237609834.0
4246255300.0
4254265841.0
4262255855.0
4271044304.0
4279254454.0
4287603339.0
4296243143.0
4304221124.0
4312258917.0
4320253178.0
4330234678.0
4338243450.0
4346246559.0
4354294969.0
4362242159.0
4371161203.0
4379608831.0
4388223861.0
4396251744.0
4404235387.0
4412222923.0
4420258239.0
4428238343.0
4436238974.0
4444298002.0
4452236698.0
4460602571.0
4469216893.0
4477622759.0
4486269995.0
4494238420.0
4502256747.0
4510241452.0
4518258718.0
4526259349.0
4536242620.0
4544620880.0
4553609999.0
4562309615.0
4571047808.0
4579624261.0
4590249182.0
4598256538.0
4606239473.0
4614248599.0
4622259494.0
4630246676.0
4638254032.0
4646296072.0
4656242535.0
4664633890.0
4673701932.0
4682249364.0
4690267338.0
4698248504.0
4706320626.0
4714244458.0
4722260661.0
4730298100.0
4738295900.0
4746248045.0
4754254693.0
4762382734.0
4771109956.0
4779698088.0
4788427787.0
4796620595.0
4805649707.0
4814261198.0
4822247319.0
4830245827.0
4838260261.0
4846242489.0
4854247367.0
4862277727.0
4870630859.0
4881619960.0
4890645887.0
4900638005.0
4909627832.0
4918257727.0
4926635987.0
4935675363.0
4944628029.0
4953625642.0
4962310748.0
4971073361.0
4979252720.0
4987482689.0
4995688238.0
5004246288.0
5020645706.0
5029648628.0
5038477070.0
5046263582.0
5054323317.0
5064280752.0
5072652995.0
5081644946.0
5090363320.0
5098633989.0
5107645406.0
5116262913.0
5124666655.0
5133634540.0
5142254171.0
5150282761.0
5158486187.0
5169635965.0
5179639055.0
5188371231.0
5196256132.0
5204666952.0
5213635191.0
5222267563.0
5230644407.0
5239649807.0
5249640863.0
5258264388.0
5266256171.0
5274317322.0
5282287163.0
5292652663.0
5301646737.0
5310645058.0
5319674878.0
5328655504.0
5337642146.0
5346311679.0
5354668704.0
5363640482.0
5372523073.0
5380297552.0
5388647852.0
5397645820.0
5406647680.0
5415257755.0
5423669284.0
5432666897.0
5441656017.0
5450306438.0
5460646103.0
5469668490.0
5479658131.0
5488303952.0
5496648590.0
5505267867.0
5513663115.0
5522337603.0
5530650388.0
5539661805.0
5548301963.0
5556669959.0
5565493092.0
5573669974.0
5582288897.0
5590653708.0
5599653445.0
5608280508.0
5616674695.0
5625656028.0
5634340072.0
5642669138.0
5651667105.0
5660657994.0
5669656669.0
5679714616.0
5688666574.0
5698202141.0
5706660740.0
5717663997.0
5726564991.0
5735658162.0
5744690460.0
5753671439.0
5762319383.0
5771056514.0
5779674730.0
5788677298.0
5797520250.0
5805659971.0
5814692622.0
5823686696.0
5832668738.0
5842258099.0
5853666236.0
5862673052.0
5875474911.0
5884284949.0
5892669226.0
5901702585.0
5910668346.0
5919684363.0
5928671005.0
5937667203.0
5946666233.0
5956254532.0
5964672077.0
5973672522.0
5982690309.0
5991365151.0
6000557772.0
6010670930.0
6019672790.0
6028372406.0
6036368083.0
6045702271.0
6054672633.0
6063691835.0
6072490548.0
6080679817.0
6089679200.0
6098388725.0
6106352196.0
6116145413.0
6124697092.0
6133680549.0
6142676747.0
6151677545.0
6160442990.0
6168681099.0
6177680128.0
6186677034.0
6196346027.0
6204547329.0
6212684926.0
6221689264.0
6230681922.0
6239680244.0
6248679981.0
6257696706.0
6268404089.0
6276681837.0
6286141311.0
6294702900.0
6303701929.0
6312696357.0
6321685831.0
6330692292.0
6339705832.0
6349688748.0
6358687070.0
6367685391.0
6376326965.0
6385073298.0
6393693283.0
6402345828.0
6412665319.0
6421696908.0
6431716632.0
6442572660.0
6452125214.0
6462137506.0
6472708985.0
6481697397.0
6491689869.0
6502561115.0
6511692155.0
6524122403.0
6534545237.0
6543717685.0
6553687507.0
6564527962.0
6574531052.0
6583692175.0
6594616155.0
6604254003.0
6614562522.0
6623696040.0
6633710809.0
6644530029.0
6654558955.0
6664683438.0
6673706887.0
6683720594.0
6694535922.0
6703706601.0
6713713229.0
6724702684.0
6733701713.0
6744143305.0
6754598346.0
6763700365.0
6773714426.0
6784698217.0
6793710695.0
6803715909.0
6814538668.0
6824525478.0
6832370386.0
6841212984.0
6849705559.0
6858712729.0
6868276254.0
6876321479.0
6884707879.0
6894700352.0
6904255029.0
6912715044.0
6921715489.0
6930362725.0
6938709841.0
6948146664.0
6956707545.0
6966156048.0
6974711974.0
6983708880.0
6992706847.0
7002248784.0
7010334355.0
7027159535.0
7036270048.0
7044365529.0
7052717953.0
7062713257.0
7073082650.0
7082571853.0
7092143873.0
7102593959.0
7112238177.0
7122401591.0
7132206841.0
7141156676.0
7150140133.0
7160546334.0
7169726214.0
7181094005.0
7190582854.0
7199725927.0
7210558243.0
7220554608.0
7230146447.0
7240706955.0
7250722432.0
7259717922.0
7271052798.0
7280555804.0
7290150829.0
7300990222.0
7309724168.0
7321651501.0
7331101773.0
7339724236.0
7350641845.0
7360684219.0
7369546283.0
7381575189.0
7391600576.0
7401107121.0
7411061370.0
7420289383.0
7430601796.0
7439728943.0
7450152485.0
7461728732.0
7472131394.0
7482584311.0
7494156311.0
7504702309.0
7514050653.0
7522349636.0
7532158072.0
7542614882.0
7552267595.0
7561139214.0
7571153275.0
7581552397.0
7591176796.0
7602378247.0
7612724989.0
7621357715.0
7631580587.0
7641574474.0
7651156758.0
7661030668.0
7671729203.0
7681141960.0
7691621421.0
7701548419.0
7711149460.0
7721089553.0
7730255984.0
7742170222.0
7752581731.0
7762239398.0
7772572338.0
7782590292.0
7792277334.0
7802590809.0
7812585758.0
7821362882.0
7831590001.0
7841077081.0
7849432690.0
7858375093.0
7868590886.0
7878676792.0
7888724475.0
7898177933.0
7909147568.0
7919153489.0
7929133220.0
7939159668.0
7949083127.0
7958175944.0
7968163107.0
7978593020.0
7988149467.0
7997370756.0
8007162558.0
8016601505.0
8026174940.0
8038596340.0
8048129783.0
8056383464.0
8067151013.0
8076603055.0
8085403891.0
8095148622.0
8104415212.0
8115150908.0
8124187806.0
8132376013.0
8141376812.0
8151147025.0
8160377162.0
8169383269.0
8180112241.0
8189088974.0
8197380170.0
8207578622.0
8218621163.0
8228153544.0
8238139292.0
8247154602.0
8255406867.0
8264381830.0
8274697782.0
8284506572.0
8294147605.0
8302387838.0
8312384203.0
8322205380.0
8330385093.0
8340128408.0
8348385983.0
8357386427.0
8367150978.0
8375416692.0
8385095595.0
8393390330.0
8402406702.0
8412125243.0
8421103745.0
8429389632.0
8439150290.0
8447392292.0
8457096322.0
8466293898.0
8475443696.0
8485206477.0
8494402283.0
8504620908.0
8514203191.0
8522393168.0
8531398567.0
8541137636.0
8549615700.0
8559394761.0
8569118610.0
8579284148.0
8587395555.0
8597098170.0
8606153825.0
8614397243.0
8623397688.0
8633131448.0
8642213647.0
8650398669.0
8660122165.0
8669103144.0
8679277883.0
8687400262.0
8697099692.0
8705437959.0
8714404074.0
8726173206.0
8735149585.0
8743407159.0
8753100572.0
8762151273.0
8771191357.0
8780404505.0
8790148528.0
8798408580.0
8808156850.0
8816405931.0
8825443183.0
8835260113.0
8844148720.0
8852407710.0
8862169783.0
8871160672.0
8879408691.0
8888409136.0
8899730564.0
8909178359.0
8919162691.0
8927410356.0
8936411508.0
8946279756.0
8954412398.0
8964152528.0
8973183410.0
8982413546.0
8992260205.0
9000413728.0
9010236321.0
9018414618.0
9036224393.0
9046158115.0
9055467175.0
9063454003.0
9073656348.0
9084680132.0
9093448054.0
9102425848.0
9112255519.0
9120419306.0
9130243314.0
9140128196.0
9148458677.0
9158656774.0
9167421157.0
9177187477.0
9187130755.0
9195422659.0
9205112533.0
9213595198.0
9222490884.0
9232266759.0
9241163861.0
9249427806.0
9260647306.0
9271062000.0
9279426104.0
9288439643.0
9298242062.0
9306431685.0
9316385580.0
9328333440.0
9336428921.0
9346197364.0
9354429457.0
9363458215.0
9373667284.0
9382430959.0
9392121541.0
9400431495.0
9409432294.0
9419138094.0
9428189856.0
9436439291.0
9448280976.0
9457124989.0
9465434236.0
9475271693.0
9485109503.0
9493465113.0
9502437952.0
9512123579.0
9521104912.0
9529443534.0
9539141902.0
9547438407.0
9557103861.0
9566157039.0
9575244547.0
9587150999.0
9595462369.0
9605095970.0
9614174630.0
9624445988.0
9634227526.0
9643149048.0
9651443076.0
9660461217.0
9671066318.0
9680130114.0
9688460241.0
9698224791.0
9707142420.0
9715445296.0
9724445741.0
9734197904.0
9743156940.0
9751449199.0
9761108636.0
9771086243.0
9779449993.0
9789108722.0
9797449821.0
9807158452.0
9816153588.0
9824450448.0
9833478498.0
9843163417.0
9851470894.0
9861110511.0
9870416740.0
9879452576.0
9887452146.0
9896231747.0
9904461009.0
9912455623.0
9921208681.0
9929454930.0
9937454854.0
9946252504.0
9954455576.0
9962455853.0
9971299513.0
9980233068.0
9988542314.0
9996457298.0
10004461469.0
10012461038.0
10020458484.0
10028467610.0
10036459393.0
10045245365.0
10054311992.0
10063265012.0
10071461005.0
10080262195.0
10088473053.0
10097221156.0
10105462450.0
10114358844.0
10122466358.0
10131351072.0
10139491146.0
10148310032.0
10156473465.0
10165464708.0
10174311199.0
10183272713.0
10191465875.0
10199466153.0
10208250355.0
10216466875.0
10224467153.0
10232467784.0
10240472308.0
10248476479.0
10256468262.0
10265234061.0
10274388459.0
10283269634.0
10292257338.0
10301288928.0
10310310961.0
10318629410.0
10326475734.0
10334478135.0
10342474873.0
10350473027.0
10358474720.0
10367274848.0
10376247688.0
10384474472.0
10392474395.0
10400475026.0
10408475304.0
10417279679.0
10427309313.0
10436259855.0
10445236234.0
10453505134.0
10461477806.0
10472478232.0
10480478509.0
10489292440.0
10498341371.0
10506481092.0
10514485616.0
10522480231.0
10531351143.0
10540411753.0
10548481398.0
10557236225.0
10565482829.0
10574211466.0
10583289064.0
10591485411.0
10600407995.0
10608484364.0
10617250163.0
10626375186.0
10635340947.0
10643512874.0
10652294245.0
10660486699.0
10668661811.0
10678309568.0
10689265755.0
10697487584.0
10705488215.0
10714311702.0
10722488937.0
10730488861.0
10738599206.0
10747294929.0
10755490569.0
10764311578.0
10772541901.0
10780517404.0
10788494323.0
10797272863.0
10806361787.0
10814501153.0
10822501077.0
10830501354.0
10838509064.0
10847348477.0
10856324856.0
10865313975.0
10874233727.0
10882503689.0
10891376724.0
10900364074.0
10908506272.0
10917311001.0
10926354270.0
10934509562.0
10942506301.0
10950506224.0
10959383152.0
10967508008.0
10976319462.0
10985311059.0
10993543505.0
11001510515.0
11010434868.0
11018509821.0
11026516115.0
11042386429.0
11051540120.0
11060338478.0
11069309194.0
11077512620.0
11085514667.0
11094356557.0
11103374698.0
11111540962.0
11119517881.0
11129139449.0
11137540360.0
11147341717.0
11156338623.0
11165276778.0
11178733383.0
11188330531.0
11198531814.0
11207454397.0
11216522440.0
11225309827.0
11234432019.0
11242520068.0
11250520345.0
11258520269.0
11266572218.0
11275356420.0
11284331029.0
11293726445.0
11303210339.0
11311529495.0
11320354752.0
11328523493.0
11336523063.0
11345332039.0
11353540065.0
11361524770.0
11371360812.0
11379526368.0
11387546465.0
11396185915.0
11405167248.0
11413533121.0
11422241939.0
11430592594.0
11438527751.0
11446542539.0
11455683842.0
11464712954.0
11474471134.0
11484232145.0
11493168885.0
11502211800.0
11510530956.0
11518531587.0
11528509549.0
11537180852.0
11545542832.0
11553532845.0
11562237770.0
11571432869.0
11579540383.0
11588200714.0
11597227703.0
11606237704.0
11614564292.0
11623216837.0
11632351062.0
11641430431.0
11650276214.0
11658536620.0
11667246853.0
11676235973.0
11685205273.0
11694219875.0
11703234476.0
11712215456.0
11720540274.0
11729176893.0
11738242105.0
11746547458.0
11754576403.0
11763237088.0
11772240364.0
11781393347.0
11790239838.0
11799244884.0
11807547760.0
11816397437.0
11826282318.0
11834724637.0
11844575897.0
11853181725.0
11862226056.0
11871255522.0
11880374174.0
11889188105.0
11898236683.0
11907242790.0
11915548498.0
11924372692.0
11932754138.0
11940549498.0
11948549775.0
11958550741.0
11966550665.0
11975247803.0
11983551033.0
11992345499.0
12001217118.0
12010238090.0
12018554061.0
12026559293.0
12035252539.0
12044204497.0
12052555152.0
12060583389.0
12068554999.0
12076555276.0
12085259493.0
12094233040.0
12102556797.0
12111641474.0
12119563182.0
12127561690.0
12136426939.0
12145257858.0
12154242377.0
12163238221.0
12171597015.0
12193431172.0
12202229177.0
12211235639.0
12220405963.0
12228561964.0
12237192566.0
12246242913.0
12254594630.0
12262563055.0
12271221970.0
12282394399.0
12290587915.0
12298573328.0
12307240738.0
12315591038.0
12323566542.0
12332217317.0
12341243244.0
12349568063.0
12357567633.0
12366245306.0
12375292822.0
12383568800.0
12392418476.0
12400734447.0
12408570861.0
12416570431.0
12424601145.0
12432570278.0
12443381713.0
12452222895.0
12461205998.0
12469576826.0
12478573024.0
12487248927.0
12495592858.0
12503574024.0
12512291335.0
12521328234.0
12529620492.0
12538276576.0
12547247646.0
12556379748.0
12564607594.0
12573208113.0
12581577525.0
12590262277.0
12598578601.0
12607282818.0
12616394393.0
12625195583.0
12636580008.0
12645242109.0
12654254233.0
12663266357.0
12671581266.0
12679581897.0
12688399014.0
12697301424.0
12705584126.0
12714324443.0
12723278171.0
12732276846.0
12741452833.0
12750257563.0
12759289506.0
12768276856.0
12778434253.0
12787353651.0
12795700059.0
12804697318.0
12814272877.0
12823305529.0
12832396576.0
12841300756.0
12849589121.0
12858282366.0
12867326343.0
12876282194.0
12885412881.0
12896258291.0
12905403134.0
12914622653.0
12923270243.0
12932257239.0
12941539047.0
12949594182.0
12958275040.0
12967423068.0
12976423867.0
12984626939.0
12992595010.0
13001247201.0
13010389920.0
13019281359.0
13028265524.0
13037239425.0
13053245288.0
13062308730.0
13071458174.0
13079598956.0
13088259995.0
13097238851.0
13106656564.0
13115537385.0
13125227259.0
13134285746.0
13143291499.0
13152419354.0
13161226207.0
13171304327.0
13179598355.0
13188267534.0
13197246744.0
13206280811.0
13215284795.0
13224271437.0
13233225165.0
13242290376.0
13251287990.0
13260268969.0
13269229422.0
13278273752.0
13287298971.0
13296275704.0
13305243588.0
13314329681.0
13323425683.0
13332274652.0
13341271204.0
13350269171.0
13358604253.0
13366604177.0
13375272294.0
13384407581.0
13393287695.0
13401606497.0
13410467853.0
13418667031.0
13426607497.0
13434614498.0
13444384711.0
13452608310.0
13462299953.0
13471337559.0
13480614767.0
13490437713.0
13499307209.0
13507610793.0
13517561857.0
13525611682.0
13535299787.0
13544312619.0
13552612309.0
13561612754.0
13571671762.0
13580617350.0
13588769458.0
13596614720.0
13605620474.0
13617378988.0
13626334486.0
13635550465.0
13644617447.0
13653651514.0
13663311304.0
13672418986.0
13681618332.0
13691361647.0
13700292724.0
13708620020.0
13718329713.0
13726621264.0
13737311305.0
13747320057.0
13755643461.0
13764630457.0
13774744676.0
13783653457.0
13792623819.0
13802331034.0
13810634972.0
13820375810.0
13829258046.0
13839340767.0
13847625947.0
13856625684.0
13866327945.0
13875542156.0
13884651607.0
13894724418.0
13904351294.0
13913663894.0
13923337133.0
13932319174.0
13940632668.0
13949629927.0
13959338913.0
13967660900.0
13977672130.0
13987253351.0
13996597095.0
14004637719.0
14013664000.0
14023325560.0
14031633391.0
14040633482.0
14050378567.0
14059331587.0
14067659945.0
14078349986.0
14086636581.0
14096353353.0
14105289739.0
14113666583.0
14122644024.0
14132323280.0
14140638897.0
14149646066.0
14159348327.0
14168320105.0
14177257906.0
14186309315.0
14195301620.0
14204342411.0
14213259686.0
14220647688.0
14229271212.0
14238310234.0
14247315987.0
14255648238.0
14264311401.0
14273261944.0
14281291596.0
14290393261.0
14298644465.0
14307335941.0
14315645542.0
14324322861.0
14332652634.0
14340647603.0
14348676194.0
14356653821.0
14365295394.0
14373676132.0
14381651281.0
14389732960.0
14399306749.0
14407649971.0
14415649895.0
14424343494.0
14433275279.0
14441653539.0
14449651339.0
14457651263.0
14466276203.0
14476427583.0
14484685512.0
14492656060.0
14500655984.0
14508677142.0
14516654415.0
14525311561.0
14534505245.0
14543337225.0
14551656027.0
14559656305.0
14567682064.0
14576054308.0
14585313112.0
14593657396.0
14601657673.0
14610378878.0
14618658395.0
14626659027.0
14634688679.0
14643347595.0
14651680908.0
14659660304.0
14668449107.0
14676699249.0
14684689617.0
14693285890.0
14701662380.0
14709665843.0
14718330421.0
14727364488.0
14735730007.0
14743666934.0
14752444057.0
14761317800.0
14771338940.0
14779665528.0
14790148174.0
14797666418.0
14805666341.0
14813672635.0
14821667604.0
14829772641.0
14837674883.0
14846723461.0
14854695779.0
14863323904.0
14871737556.0
14880670048.0
14889290387.0
14897286772.0
14904766438.0
14912671158.0
14921162318.0
14930448727.0
14939331318.0
14947673124.0
14955679064.0
14964199245.0
14973200044.0
14980674402.0
14988674325.0
14996713180.0
15004714873.0
15013677095.0
15021675956.0
15029676942.0
15038231098.0
15047338426.0
15064462665.0
15073371445.0
15082388878.0
15090680429.0
15098681060.0
15107345639.0
15115753981.0
15123681706.0
15131707112.0
15140682075.0
15148682706.0
15156682629.0
15165313232.0
15174351900.0
15183084430.0
15191689196.0
15200334309.0
15208686026.0
15217335386.0
15225685686.0
15234296115.0
15242721446.0
15250758885.0
15260688006.0
15268687576.0
15277343660.0
15285687944.0
15294384021.0
15302718396.0
15311206016.0
15320332809.0
15328690188.0
15336694004.0
15344692512.0
15352720395.0
15360692005.0
15368701839.0
15377082930.0
15386371817.0
15395359167.0
15403693187.0
15411694526.0
15421351486.0
15429694354.0
15437695340.0
15445703403.0
15454471679.0
15463402402.0
15472502652.0
15480696875.0
15488697153.0
15496700616.0
15504701955.0
15512705417.0
15521205071.0
15529701539.0
15538428760.0
15546699430.0
15554700415.0
15562706001.0
15571416589.0
15579702831.0
15588701152.0
15596701783.0
15605243199.0
15614423433.0
15625358738.0
15633734521.0
15642703821.0
15650704807.0
15658704730.0
15666705715.0
15675384450.0
15683770851.0
15692199013.0
15701343148.0
15709706897.0
15717706821.0
15725707452.0
15733742059.0
15741708361.0
15749708638.0
15758239083.0
15767404452.0
15777089725.0
15785339868.0
15793761659.0
15802710786.0
15810711418.0
15818712049.0
15826713388.0
15834712604.0
15843420714.0
15851713326.0
15860368703.0
15868726082.0
15876713972.0
15884715665.0
15892717005.0
15901379106.0
15910528903.0
15918715694.0
15928677376.0
15938423169.0
15948407855.0
15958544371.0
15967537383.0
15976524379.0
15985718416.0
15995529684.0
16003747973.0
16013616221.0
16022720717.0
16031720808.0
16041550833.0
16050643296.0
16058722851.0
16068242845.0
16078298668.0
16086723645.0
16096767789.0
16104760280.0
16117539489.0
16126542057.0
16134728849.0
16144712119.0
16152726199.0
16163239990.0
16173193532.0
16181760783.0
16190732915.0
16200544890.0
16210496661.0
16222130597.0
16231183422.0
16240327557.0
16258656881.0
16268418953.0
16277495844.0
16287552375.0
16297439380.0
16306556972.0
16315437085.0
16324596438.0
16333418509.0
16342464609.0
16351433202.0
16360565657.0
16369613527.0
16379433996.0
16388420638.0
16397394185.0
16406446302.0
16415463381.0
16424416401.0
16433393133.0
16442478872.0
16453480714.0
16462438688.0
16471145383.0
16478739718.0
16487412791.0
16496389523.0
16505396692.0
16514525609.0
16523440052.0
16532398735.0
16541418291.0
16550508985.0
16559408917.0
16568405115.0
16577415470.0
16585745243.0
16594302231.0
16603412390.0
16611746057.0
16620425853.0
16628746779.0
16636746702.0
16644776001.0
16652747611.0
16661385292.0
16669748688.0
16678748779.0
16686749764.0
16695294365.0
16704783568.0
16713380194.0
16721750668.0
16729751300.0
16737751223.0
16745751854.0
16754280529.0
16762755762.0
16771230641.0
16780563414.0
16788756221.0
16796755083.0
16804754299.0
16812754930.0
16820755562.0
16828769642.0
16836756117.0
16845283375.0
16854434943.0
16862757284.0
16870756854.0
16878761732.0
16886763425.0
16894758394.0
16902768935.0
16910758949.0
16919770011.0
16931460927.0
16940604708.0
16950351209.0
16957776726.0
16966479528.0
16975459799.0
16984590485.0
16992774091.0
17000782155.0
17008773938.0
17016780586.0
17024775909.0
17033582408.0
17045559996.0
17054584862.0
17071580983.0
17080731134.0
17089657611.0
17100632201.0
17109778459.0
17118579295.0
17127709981.0
17137464622.0
17146368447.0
17154381466.0
17163380141.0
17171786007.0
17179788762.0
17188444138.0
17197458386.0
17205789221.0
17213782066.0
17222383293.0
17230473820.0
17238784128.0
17246787944.0
17254784329.0
17263516859.0
17273345468.0
17288394696.0
17296594582.0
17304790575.0
17314255004.0
17322366766.0
17330382261.0
17337790791.0
17346365828.0
17354636498.0
17363791250.0
17372628540.0
17381613058.0
17391763023.0
17400791428.0
17409533160.0
17420658518.0
17429605521.0
17438674980.0
17447560402.0
17456637647.0
17465592436.0
17474661187.0
17483791519.0
17492580676.0
17501767281.0
17510587936.0
17519692079.0
17528655716.0
17537602012.0
17546739422.0
17555641479.0
17564673422.0
17573748189.0
17582752881.0
17592480978.0
17600799426.0
17609608402.0
17618770941.0
17627570007.0
17636684059.0
17645513917.0
17653792018.0
17661792296.0
17669792573.0
17678792664.0
17686794003.0
17695496097.0
17703798619.0
17712794109.0
17720800049.0
17729280237.0
17739261030.0
17747802445.0
17756221760.0
17763797692.0
17771795492.0
17779796477.0
17788378947.0
17797203141.0
17805456469.0
17813798983.0
17821802800.0
17829800600.0
17837799108.0
17845799031.0
17853799663.0
17862263571.0
17875342547.0
17882800978.0
17891283998.0
17899228356.0
17907257655.0
17915252978.0
17923264934.0
17932581780.0
17940803963.0
17949189302.0
17957182855.0
17965235866.0
17973430797.0
17981435322.0
17990236158.0
17999143523.0
18007508688.0
18016339961.0
18024465878.0
18033187791.0
18041236555.0
18049275763.0
18058225244.0
18066410974.0
18075533520.0
18084255433.0
18092216425.0
18100348714.0
18109212193.0
18117188050.0
18125224781.0
18133269298.0
18142483862.0
18151272311.0
18161059512.0
18169225422.0
18177442651.0
18186240301.0
18194249781.0
18202238379.0
18210241842.0
18218252737.0
18226549242.0
18235276463.0
18243269663.0
18251246228.0
18259285436.0
18267519298.0
18276491076.0
18285230684.0
18293453575.0
18302259012.0
18310325826.0
18319501459.0
18328613388.0
18337225233.0
18345499087.0
18354268425.0
18362366737.0
18371150585.0
18379241112.0
18387534078.0
18396511164.0
18405499222.0
18414621414.0
18423289532.0
18432243259.0
18441242289.0
18450276356.0
18458506679.0
18467238147.0
18475516957.0
18484364156.0
18493482809.0
18502239405.0
18511240912.0
18519326129.0
18527257039.0
18536475496.0
18545229262.0
18553222461.0
18561464109.0
18571169909.0
18579319539.0
18587249741.0
18596471384.0
18605232228.0
18613227904.0
18621459289.0
18630249861.0
18638266065.0
18646246169.0
18654251756.0
18662275391.0
18671163999.0
18679493418.0
18688360791.0
18697224978.0
18705252153.0
18713202528.0
18721232181.0
18730300931.0
18739496030.0
18748382160.0
18757223343.0
18765261489.0
18773449696.0
18781482534.0
18790240192.0
18798254980.0
18806278616.0
18814245980.0
18822257582.0
18831533374.0
18840501967.0
18849200521.0
18857202922.0
18865256641.0
18874246468.0
18882257363.0
18890508921.0
18899499810.0
18908251806.0
18916363921.0
18925257483.0
18933206443.0
18941305817.0
18949226817.0
18957452539.0
18965485731.0
18974509180.0
18983251620.0
18991310648.0
18999281550.0
19007248205.0
19015287768.0
19023284860.0
19032493054.0
19041254605.0
19049203918.0
19057233925.0
19074747118.0
19083275792.0
19091320663.0
19099273870.0
19109204407.0
19117486756.0
19126243352.0
19134297779.0
19142259479.0
19150253386.0
19158226058.0
19167288439.0
19175384981.0
19184505050.0
19193206082.0
19201235380.0
19209204513.0
19217203729.0
19225790799.0
19234250814.0
19242499541.0
19251277372.0
19259192356.0
19268236333.0
19276618132.0
19285269615.0
19293201587.0
19302499675.0
19311275383.0
19319245224.0
19327493597.0
19336364862.0
19345288507.0
19354249667.0
19363252590.0
19371517597.0
19380504593.0
19389208456.0
19397460014.0
19406265097.0
19414254403.0
19422452520.0
19432618411.0
19441267771.0
19450246273.0
19458256814.0
19466258861.0
19474499801.0
19483268785.0
19491313302.0
19499381177.0
19508484258.0
19517206525.0
19525547977.0
19534248301.0
19542282555.0
19550267614.0
19558264352.0
19566283741.0
19575275692.0
19583502122.0
19592232883.0
19600380389.0
19609230066.0
19617215125.0
19625206554.0
19633243285.0
19641253472.0
19649310376.0
19658523171.0
19667511229.0
19676510966.0
19685207043.0
19693232448.0
19701212199.0
19709218493.0
19717239297.0
19725206307.0
19734505103.0
19743272671.0
19751250298.0
19759249867.0
19767274565.0
19775502411.0
19784234587.0
19792366875.0
19801236725.0
19809211874.0
19817352303.0
19826548463.0
19835523780.0
19844500867.0
19853228088.0
19861238629.0
19869071150.0
19877266082.0
19886546120.0
19895507635.0
19904485075.0
19913217251.0
19921238410.0
19929214621.0
19937217022.0
19945238888.0
19953216515.0
19961319074.0
19973463357.0
19983279579.0
19992670748.0
20001213933.0
