3594374.0
13222312.0
30576951.0
40065446.0
55322777.0
70589664.0
80199198.0
90160880.0
98419516.0
108057010.0
125087816.0
135078518.0
144162133.0
152412984.0
161416614.0
171612588.0
180416963.0
189414930.0
200087984.0
209049144.0
217434128.0
227003671.0
238527538.0
247420747.0
257069212.0
266543551.0
275419771.0
284419154.0
294197153.0
303192643.0
312441538.0
322050365.0
331015772.0
339429069.0
348421728.0
358041527.0
367081610.0
378579642.0
390198713.0
401579953.0
410425029.0
420070309.0
428483253.0
437426717.0
447042976.0
456089784.0
465113234.0
475062174.0
484083500.0
492427430.0
501457958.0
511066431.0
520078201.0
528430980.0
539492633.0
549083764.0
557434065.0
567079345.0
576169685.0
586051381.0
595065982.0
603432917.0
612433716.0
622043605.0
631095367.0
640170843.0
650091470.0
659041305.0
668364167.0
678253296.0
687049531.0
695436639.0
704437438.0
714187477.0
722444344.0
732068389.0
740442403.0
749461605.0
759055921.0
770219149.0
778446286.0
788084488.0
797068653.0
805441251.0
814443111.0
824079190.0
833068663.0
841443030.0
851051149.0
860083446.0
869145827.0
879063976.0
887445422.0
897077253.0
906224927.0
914446756.0
923450740.0
933113363.0
942244403.0
950448182.0
962111493.0
971366050.0
980110259.0
989113889.0
998450201.0
1008094773.0
1017075753.0
1025451535.0
1035102832.0
1043451717.0
1053076824.0
1062192646.0
1071099657.0
1080487640.0
1090058952.0
1098454554.0
1107454645.0
1117077628.0
1126067102.0
1134456333.0
1146230420.0
1155067002.0
1163456941.0
1173460031.0
1183068504.0
1191458089.0
1201080011.0
1209508173.0
1218460132.0
1228264320.0
1238240158.0
1247467818.0
1256468262.0
1265470831.0
1274469152.0
1284139561.0
1294537621.0
1303540189.0
1313205643.0
1322477541.0
1331471262.0
1341138485.0
1349472152.0
1358472950.0
1368143005.0
1376542146.0
1386269535.0
1395475605.0
1404475342.0
1414141858.0
1425208820.0
1434483903.0
1443477270.0
1452477007.0
1462132197.0
1471141490.0
1483639689.0
1494379987.0
1503503240.0
1513148875.0
1521488204.0
1531280006.0
1540480767.0
1549480858.0
1559100656.0
1568221433.0
1576482900.0
1586164280.0
1596543583.0
1605535180.0
1614652063.0
1624507570.0
1633487841.0
1642492179.0
1650485732.0
1660171359.0
1668486268.0
1678050502.0
1690549763.0
1699542068.0
1708557731.0
1717540480.0
1726556851.0
1735582070.0
1745139579.0
1753510761.0
1762490325.0
1771153134.0
1779491755.0
1795294117.0
1804173522.0
1812492678.0
1822163087.0
1830493214.0
1840301296.0
1848494104.0
1858151771.0
1870156612.0
1878495941.0
1888249520.0
1896498954.0
1906167593.0
1914498074.0
1923498519.0
1932497902.0
1941497993.0
1950499146.0
1960203176.0
1971645997.0
1981505043.0
1990503365.0
1998500811.0
2008198825.0
2016503470.0
2026165738.0
2034502590.0
2047229066.0
2056507335.0
2066188715.0
2074503978.0
2083188021.0
2091511424.0
2100514347.0
2109505944.0
2119185908.0
2134506943.0
2143507742.0
2153164702.0
2161507570.0
2170508723.0
2178508646.0
2188189318.0
2199255573.0
2208502343.0
2217188864.0
2226291945.0
2234503510.0
2243503955.0
2252504046.0
2261139957.0
2270172963.0
2278505567.0
2286507261.0
2294506122.0
2303510814.0
2312514090.0
2321509227.0
2330512857.0
2339507993.0
2348509145.0
2357145410.0
2366175584.0
2374513144.0
2382510236.0
2390510160.0
2398513269.0
2406513546.0
2415601408.0
2424514082.0
2433514527.0
2441521175.0
2450512772.0
2459133464.0
2468168239.0
2476513939.0
2484579337.0
2493581905.0
2502518291.0
2510515384.0
2518536188.0
2526516292.0
2534516924.0
2543635223.0
2552517106.0
2561158680.0
2571077183.0
2579521980.0
2589411462.0
2600187859.0
2608532851.0
2617545683.0
2626524539.0
2635224155.0
2643529862.0
2652521813.0
2661178605.0
2669522889.0
2678522980.0
2687148628.0
2695523702.0
2704524501.0
2713553613.0
2722524683.0
2730657679.0
2739532130.0
2749188382.0
2757526295.0
2767188210.0
2775526831.0
2784527276.0
2793528783.0
2801529060.0
2810535168.0
2819528888.0
2828529333.0
2837530132.0
2846530223.0
2855564290.0
2865175594.0
2874320437.0
2882531648.0
2890531926.0
2898532911.0
2907533002.0
2916533447.0
2924533724.0
2933539124.0
2942534614.0
2951534705.0
2960535858.0
2970361281.0
2978536393.0
2987535777.0
2996544362.0
3005562148.0
3014538173.0
3023603385.0
3032538709.0
3041177097.0
3049539077.0
3058543061.0
3067206224.0
3075540244.0
3084543521.0
3093542550.0
3101541766.0
3110541857.0
3121541928.0
3130547328.0
3138543359.0
3147184224.0
3155543373.0
3165123179.0
3173546386.0
3182548247.0
3191566034.0
3200548429.0
3209193542.0
3217546320.0
3226546411.0
3234546688.0
3243547487.0
3252547932.0
3260548563.0
3268548841.0
3277548578.0
3286555393.0
3296549635.0
3305554327.0
3314551586.0
3322550802.0
3330556742.0
3339202209.0
3348223181.0
3356552601.0
3365123745.0
3373552615.0
3382553414.0
3390553691.0
3399554490.0
3408554935.0
3416557336.0
3425201387.0
3433555581.0
3442228653.0
3450558781.0
3458556935.0
3468225574.0
3476557825.0
3485559331.0
3494558714.0
3502558992.0
3510565994.0
3519569978.0
3528559805.0
3536561144.0
3545201302.0
3553560805.0
3562196362.0
3571222643.0
3579628508.0
3588666468.0
3597562862.0
3605564201.0
3614563584.0
3623619948.0
3633226651.0
3641634286.0
3650565718.0
3659565809.0
3668566607.0
3677567052.0
3687459720.0
3699235222.0
3708238145.0
3716568272.0
3725568717.0
3734569162.0
3743579870.0
3752574299.0
3761573682.0
3771243382.0
3779570678.0
3788573601.0
3798572443.0
3807575366.0
3816575103.0
3825578379.0
3837231780.0
3847234516.0
3855614192.0
3865150820.0
3873575089.0
3882576242.0
3891576333.0
3900576070.0
3909576514.0
3918375227.0
3926577237.0
3935587945.0
3944579542.0
3953579279.0
3962578662.0
3971578753.0
3980590170.0
3989584598.0
3998583627.0
4007587257.0
4018581313.0
4028198987.0
4036582556.0
4046195984.0
4054586277.0
4063608665.0
4074430717.0
4083192268.0
4091584685.0
4100606365.0
4109585575.0
4120230315.0
4129188643.0
4146593538.0
4156232802.0
4165489482.0
4173588148.0
4182593902.0
4192333678.0
4200591253.0
4210369252.0
4218590727.0
4227590818.0
4237308651.0
4246299540.0
4254591798.0
4265232999.0
4274315906.0
4282593300.0
4291593745.0
4301327505.0
4309594281.0
4319268583.0
4327608266.0
4336595970.0
4346329375.0
4355279210.0
4363596950.0
4374446254.0
4383305840.0
4391984929.0
4400598543.0
4410445202.0
4419304080.0
4427599170.0
4437316295.0
4446445920.0
4454600505.0
4463606612.0
4474292760.0
4482602007.0
4491602452.0
4501310729.0
4510295956.0
4518603432.0
4527617326.0
4537342591.0
4545604413.0
4554605212.0
4565238626.0
4574265615.0
4586282488.0
4596327340.0
4604607211.0
4614448561.0
4622613056.0
4632304345.0
4642300357.0
4651325576.0
4659609694.0
4669285411.0
4678610043.0
4688482538.0
4697455024.0
4706611545.0
4716330440.0
4724612435.0
4734456617.0
4743308417.0
4751616955.0
4760635450.0
4771482276.0
4780312487.0
4789615884.0
4800426965.0
4810350423.0
4819373519.0
4827616937.0
4836617382.0
4846485629.0
4859320757.0
4868316955.0
4876626555.0
4886318198.0
4894627091.0
4906492134.0
4916311895.0
4924633175.0
4934312431.0
4942632649.0
4951629555.0
4963629794.0
4974451138.0
4982631205.0
4992324972.0
5000634218.0
5010445485.0
5018632630.0
5028320027.0
5037390193.0
5047319668.0
5055638470.0
5065148201.0
5074296583.0
5082635204.0
5092331448.0
5100648835.0
5110298362.0
5118641584.0
5128354463.0
5140337006.0
5148637759.0
5158310644.0
5167316752.0
5175639801.0
5185361173.0
5193639983.0
5203327025.0
5211641934.0
5221321545.0
5230260054.0
5239642375.0
5249305705.0
5257642203.0
5266646541.0
5276336768.0
5284643891.0
5295344196.0
5304370123.0
5312637961.0
5321640176.0
5331336420.0
5339638942.0
5349347573.0
5357647264.0
5368336951.0
5378366584.0
5387570531.0
5397374012.0
5405643620.0
5414643357.0
5424375701.0
5433622117.0
5442650522.0
5452351721.0
5460651411.0
5470314387.0
5478654778.0
5488372966.0
5499513542.0
5509332595.0
5517653521.0
5527328530.0
5535659719.0
5545336498.0
5553655654.0
5563334203.0
5575313207.0
5584656597.0
5594657209.0
5604341066.0
5612661284.0
5621669515.0
5631324705.0
5641522803.0
5651307880.0
5661070307.0
5670471739.0
5679320000.0
5687667115.0
5696669683.0
5706459008.0
5714663849.0
5724344875.0
5732662969.0
5742456540.0
5753253818.0
5762664806.0
5773343521.0
5782320254.0
5791305834.0
5801366258.0
5809669134.0
5819319016.0
5830255383.0
5842330652.0
5850668920.0
5865391483.0
5873672770.0
5883398035.0
5892644806.0
5902470230.0
5912355819.0
5920674621.0
5931452787.0
5942602212.0
5952360746.0
5960672823.0
5969677515.0
5979341553.0
5987679821.0
5998324207.0
6006675569.0
6018490710.0
6028369929.0
6037418506.0
6049286381.0
6058342391.0
6067373626.0
6075678272.0
6084678009.0
6094382039.0
6105271335.0
6114400960.0
6123691262.0
6133372288.0
6148681290.0
6158362670.0
6167314982.0
6175686872.0
6185377807.0
6193683515.0
6203320655.0
6211684404.0
6221333932.0
6229684940.0
6239315710.0
6247686184.0
6257348098.0
6266375087.0
6274689642.0
6284370314.0
6292688054.0
6302404472.0
6310688590.0
6320376341.0
6329229910.0
6339586562.0
6349362438.0
6357690795.0
6366691240.0
6376404473.0
6384694961.0
6394348028.0
6403646470.0
6413356871.0
6421692661.0
6431329802.0
6440373070.0
6448695058.0
6459576214.0
6468697698.0
6478367045.0
6486696110.0
6496395540.0
6504700539.0
6514364577.0
6522697536.0
6532393072.0
6540698426.0
6550356093.0
6558699669.0
6567700114.0
6577377247.0
6585700650.0
6595550494.0
6603701894.0
6613381150.0
6621705615.0
6631363990.0
6640245519.0
6649390362.0
6657704209.0
6667372140.0
6675704745.0
6685412314.0
6695038483.0
6703224921.0
6712393476.0
6720706261.0
6730360389.0
6739216790.0
6748392778.0
6757216265.0
6766218479.0
6775377478.0
6784266086.0
6793379076.0
6802209287.0
6811387044.0
6820278837.0
6829379440.0
6838217791.0
6847375729.0
6856266459.0
6865166038.0
6885114529.0
6895602130.0
6907462926.0
6916262347.0
6925394449.0
6934223598.0
6943393215.0
6952255986.0
6961413570.0
6970373315.0
6979247057.0
6988404641.0
6997243700.0
7008205549.0
7018370378.0
7027254739.0
7036414092.0
7045406397.0
7054299959.0
7066246049.0
7075451765.0
7086388840.0
7096419181.0
7105415733.0
7115231955.0
7124414313.0
7133233553.0
7142402108.0
7151209314.0
7165348977.0
7174242540.0
7183399062.0
7192271389.0
7201405260.0
7210235471.0
7219396948.0
7230409407.0
7240420283.0
7249260757.0
7260396733.0
7269390100.0
7278257472.0
7288504764.0
7297622001.0
7307365316.0
7316407523.0
7325252245.0
7334408767.0
7343211727.0
7352409303.0
7361253317.0
7370270042.0
7381299135.0
7390389828.0
7399261448.0
7408432126.0
7417528836.0
7427381512.0
7440335909.0
7449409615.0
7458375022.0
7467262567.0
7476415550.0
7485299911.0
7494522261.0
7503259392.0
7512410959.0
7523272650.0
7532414307.0
7541245226.0
7550407411.0
7559216387.0
7568271689.0
7577409807.0
7586267270.0
7595373182.0
7606303532.0
7614995008.0
7624430062.0
7633262751.0
7642243730.0
7651406977.0
7660273995.0
7669263115.0
7678392385.0
7687263296.0
7696443177.0
7707667986.0
7717408115.0
7726248236.0
7735472356.0
7744173742.0
7753390783.0
7762128976.0
7771415386.0
7780161011.0
7789145883.0
7798155530.0
7807262858.0
7816175531.0
7825150494.0
7834139614.0
7843150322.0
7852161384.0
7861145195.0
7870370377.0
7879140068.0
7888174843.0
7897175642.0
7906136448.0
7915152465.0
7924175915.0
7933156540.0
7942186006.0
7951141150.0
7960190081.0
7969406769.0
7978133991.0
7987149300.0
7996167087.0
8005202569.0
8014128692.0
8023138339.0
8032164265.0
8041192670.0
8050129056.0
8059149674.0
8068158967.0
8077448207.0
8086136852.0
8095573675.0
8104616944.0
8115409267.0
8124227799.0
8133151444.0
8142267973.0
8159356467.0
8168163674.0
8177154917.0
8186156069.0
8195110505.0
8204177486.0
8213149264.0
8222151478.0
8231115116.0
8240155553.0
8249159891.0
8258151488.0
8267108755.0
8276160164.0
8285162733.0
8294153268.0
8303133893.0
8312187780.0
8321131244.0
8330150092.0
8339111607.0
8348174695.0
8357128776.0
8366400321.0
8375108077.0
8384162317.0
8393374404.0
8402153298.0
8411108795.0
8420152064.0
8429136582.0
8438149768.0
8447108451.0
8456179325.0
8465357082.0
8474156149.0
8483103860.0
8492142174.0
8501134833.0
8510149788.0
8518981415.0
8528159526.0
8537154662.0
8546162893.0
8555110604.0
8565119357.0
8574516542.0
8584484594.0
8593148464.0
8602448322.0
8611473895.0
8620166433.0
8629146704.0
8639128205.0
8648158733.0
8657131926.0
8668566253.0
8678710556.0
8688486077.0
8697172952.0
8707503768.0
8717449524.0
8726156218.0
8735151000.0
8745464475.0
8754585605.0
8763139761.0
8773463499.0
8782457220.0
8791638516.0
8801269285.0
8810421914.0
8819375288.0
8828307781.0
8837534379.0
8846272218.0
8855378130.0
8865552869.0
8875426071.0
8886431452.0
8896440558.0
8905271123.0
8921419615.0
8932342179.0
8941420486.0
8950267331.0
8959496759.0
8968457566.0
8977275744.0
8986400413.0
8995275926.0
9004438818.0
9015316081.0
9024434026.0
9033266715.0
9042541445.0
9051266543.0
9061432080.0
9070399964.0
9079274061.0
9088435538.0
9099301122.0
9108474278.0
9117501620.0
9126392705.0
9135550996.0
9144276094.0
9153423768.0
9162388468.0
9171267873.0
9180426519.0
9191251402.0
9200432698.0
9209420048.0
9220304743.0
9229421980.0
9238552667.0
9247337222.0
9257414281.0
9266440561.0
9275249892.0
9284431188.0
9295322253.0
9305278626.0
9315437793.0
9324281453.0
9333277651.0
9342531853.0
9351264030.0
9362149787.0
9374284160.0
9383228686.0
9392431217.0
9401276293.0
9410426444.0
9423271482.0
9432411370.0
9441272372.0
9450539315.0
9459416597.0
9468283616.0
9477419965.0
9486397405.0
9497329879.0
9507265370.0
9516448790.0
9525275462.0
9534536389.0
9543277413.0
9552439952.0
9563254572.0
9573423648.0
9582387640.0
9592439570.0
9601280398.0
9610402944.0
9619269963.0
9628439226.0
9639334892.0
9648365420.0
9657446204.0
9666403825.0
9675413826.0
9684428781.0
9693273149.0
9702537615.0
9711266960.0
9720430207.0
9731293313.0
9740434970.0
9749259873.0
9760514764.0
9769446549.0
9778265081.0
9787423019.0
9798452820.0
9808304079.0
9817462017.0
9826408667.0
9835323110.0
9845405477.0
9854285236.0
9863384070.0
9874411393.0
9883284074.0
9892592426.0
9901272931.0
9910407510.0
9919275590.0
9935125023.0
9944440453.0
9953288006.0
9963643950.0
9974296830.0
9983640928.0
9993422466.0
10002400614.0
10011419817.0
10022323623.0
10031551282.0
10040422194.0
10049278595.0
10058437948.0
10067389553.0
10076314613.0
10085455209.0
10094279050.0
10103388147.0
10114330176.0
10125299811.0
10134545874.0
10143280882.0
10152430679.0
10169277448.0
10178429723.0
10189318665.0
10198415375.0
10207291950.0
10216559601.0
10225370347.0
10235269739.0
10244430508.0
10255656379.0
10266582128.0
10275266526.0
10284281481.0
10293278741.0
10302572228.0
10311468268.0
10321604430.0
10332354991.0
10341431528.0
10350593005.0
10361357014.0
10371429471.0
10380294720.0
10389281362.0
10398555031.0
10407269157.0
10416442313.0
10425308270.0
10434544777.0
10445316927.0
10454324096.0
10463389308.0
10473488309.0
10483439019.0
10492304621.0
10501429291.0
10510259502.0
10519438321.0
10530433792.0
10539419372.0
10548289930.0
10557280465.0
10566407258.0
10575554932.0
10584356830.0
10593428058.0
10602398774.0
10611417622.0
10621708800.0
10631388410.0
10640440173.0
10649444157.0
10660309033.0
10669280103.0
10678414328.0
10689335122.0
10698426878.0
10707429800.0
10716287617.0
10725279567.0
10734545803.0
10743274794.0
10752457860.0
10761284532.0
10770405309.0
10781331058.0
10790330087.0
10799397776.0
10808430073.0
10817291783.0
10826444412.0
10837435636.0
10846302301.0
10855441127.0
10865620113.0
10875432442.0
10884287427.0
10893285394.0
10902550569.0
10911270358.0
10920438913.0
10929310532.0
10938548455.0
10958518535.0
10967403603.0
10976301058.0
10985455457.0
10994295931.0
11003390164.0
11012313101.0
11021452281.0
11030289217.0
11039389466.0
11048287629.0
11057417607.0
11066445304.0
11075242601.0
11084444424.0
11093267911.0
11102436112.0
11111237302.0
11120444434.0
11129290217.0
11138435060.0
11147236250.0
11156444444.0
11165360303.0
11174286071.0
11183391275.0
11192296871.0
11201418709.0
11210309086.0
11219388454.0
11228292280.0
11237414118.0
11246222032.0
11255245836.0
11265398986.0
11274404739.0
11285343584.0
11295285092.0
11304444091.0
11313317126.0
11322603182.0
11331278731.0
11340451887.0
11349291300.0
11360448865.0
11369419935.0
11378292970.0
11387393927.0
11396322881.0
11405412159.0
11414299350.0
11425520266.0
11436362137.0
11445439028.0
11454412929.0
11463279948.0
11473516976.0
11482425403.0
11497365270.0
11506289269.0
11515438359.0
11524317411.0
11533434648.0
11545695723.0
11555398692.0
11565207836.0
11575383283.0
11584460527.0
11593286845.0
11602434519.0
11611295521.0
11620452397.0
11629281900.0
11638650418.0
11648298884.0
11657416121.0
11666297650.0
11675396838.0
11684296416.0
11694415944.0
11706415122.0
11715466531.0
11724294618.0
11733440523.0
11742410177.0
11752327265.0
11761441317.0
11770422297.0
11779298517.0
11788452915.0
11797285250.0
11806432570.0
11815335334.0
11825742596.0
11835324171.0
11844441409.0
11853287900.0
11862542103.0
11871483090.0
11880179875.0
11891132875.0
11900182869.0
11909158185.0
11918190129.0
11927161907.0
11936186064.0
11945212345.0
11954180229.0
11963141743.0
11973046798.0
11981152543.0
11991157756.0
12000184037.0
12009156168.0
12018293225.0
12027157766.0
12036212714.0
12045175643.0
12054287218.0
12063162023.0
12073203335.0
12082194224.0
12091181574.0
12100189451.0
12109171847.0
12118205206.0
12127180169.0
12136228746.0
12145180704.0
12154158499.0
12172237958.0
12181174344.0
12190169126.0
12199196469.0
12208223811.0
12217198066.0
12226160288.0
12235219129.0
12244189491.0
12253172594.0
12262161360.0
12273181959.0
12282294241.0
12291172231.0
12300181524.0
12309177368.0
12318328227.0
12327165163.0
12336226481.0
12345200382.0
12354297092.0
12363161633.0
12373175694.0
12382164106.0
12391185786.0
12400206050.0
12409195878.0
12418161285.0
12427236406.0
12436294539.0
12445178192.0
12456210470.0
12465450870.0
12474299485.0
12483167211.0
12492186060.0
12501179072.0
12510293124.0
12519167575.0
12528219338.0
12538081215.0
12546299858.0
12555171832.0
12565086442.0
12574165811.0
12583292604.0
12592202092.0
12601203599.0
12610166174.0
12619183607.0
12628193254.0
12637196176.0
12647291638.0
12656448160.0
12665237671.0
12674434893.0
12683396761.0
12693188209.0
12702313586.0
12711164678.0
12720188836.0
12729448347.0
12738297316.0
12747161503.0
12756190261.0
12765375096.0
12774294848.0
12783171069.0
12792634436.0
12801185761.0
12810296628.0
12819482525.0
12830183184.0
12839140451.0
12848508261.0
12857482162.0
12866449339.0
12876506931.0
12885217873.0
12894614350.0
12903548966.0
12912194433.0
12921202664.0
12930300790.0
12939166039.0
12948189842.0
12957190995.0
12966577916.0
12975174897.0
12984192330.0
12993182865.0
13002297978.0
13013163916.0
13022183118.0
13031144986.0
13040191440.0
13049199318.0
13058187729.0
13067388845.0
13076194282.0
13085218439.0
13094184200.0
13103139698.0
13112189691.0
13121226235.0
13130189165.0
13139151741.0
13148194302.0
13157166079.0
13166745885.0
13176194388.0
13185222438.0
13196542804.0
13205166682.0
13214186946.0
13223451413.0
13232512731.0
13241256587.0
13250432928.0
13260195709.0
13269737999.0
13279566254.0
13288245343.0
13297192701.0
13306525119.0
13315196068.0
13324197575.0
13333496725.0
13342483367.0
13351191831.0
13360205017.0
13369749785.0
13381194729.0
13390185972.0
13399510959.0
13408210221.0
13417189431.0
13426485396.0
13435536450.0
13444198551.0
13453188025.0
13462486821.0
13471511686.0
13481169708.0
13491483182.0
13500189168.0
13509497520.0
13518295879.0
13531267265.0
13540450330.0
13550507215.0
13559505183.0
13568453602.0
13578302384.0
13587486158.0
13596197453.0
13605185511.0
13614608885.0
13623183923.0
13632236040.0
13642485455.0
13651689756.0
13661175066.0
13670507484.0
13679544382.0
13689526237.0
13698624009.0
13707180643.0
13716199491.0
13725506428.0
13734306556.0
13744205948.0
13755493754.0
13765418628.0
13774172393.0
13783613818.0
13793487020.0
13802192299.0
13811430930.0
13820196020.0
13829180539.0
13838194079.0
13847147453.0
13856200277.0
13865365293.0
13874190903.0
13883144985.0
13892194624.0
13901171711.0
13910191975.0
13919150658.0
13928442730.0
13937180215.0
13948203999.0
13957198781.0
13966438119.0
13975188345.0
13984207902.0
13993186050.0
14002172692.0
14011198619.0
14020200833.0
14029185352.0
14038171994.0
14047192612.0
14056205798.0
14065382493.0
14074173774.0
14083198285.0
14092205100.0
14101190681.0
14110173784.0
14119195110.0
14128244395.0
14137229621.0
14146180518.0
14155246083.0
14165198209.0
14182426500.0
14191191944.0
14200204068.0
14209198143.0
14218223008.0
14227195493.0
14236208679.0
14245190012.0
14254172761.0
14263205767.0
14273172049.0
14282195498.0
14291150642.0
14300197096.0
14309170997.0
14319461467.0
14328202845.0
14337191965.0
14346312387.0
14355176220.0
14365097201.0
14374176216.0
14383183385.0
14392206481.0
14401196662.0
14410172686.0
14419204630.0
14428205429.0
14437188178.0
14446186499.0
14455199685.0
14465131284.0
14474192956.0
14483147746.0
14492200216.0
14501185797.0
14512213828.0
14521225952.0
14530174017.0
14539198882.0
14548208883.0
14557189155.0
14566442296.0
14575197123.0
14584210662.0
14593225972.0
14602172975.0
14611197133.0
14620212088.0
14629217134.0
14638280222.0
14647202451.0
14656217761.0
14665217144.0
14674208387.0
14683209893.0
14692217770.0
14701445783.0
14710181499.0
14719215212.0
14728218842.0
14737299980.0
14747241488.0
14756205834.0
14765432785.0
14774207785.0
14783152311.0
14792296092.0
14801224338.0
14810197885.0
14819153383.0
14828199837.0
14837191434.0
14846222315.0
14855156932.0
14865104103.0
14874311235.0
14885226367.0
14894096924.0
14902176833.0
14911200282.0
14920208513.0
14929231963.0
14938176489.0
14947202770.0
14956234713.0
14965416363.0
14974181808.0
14983187561.0
14992216319.0
15001214995.0
15010177217.0
15019205975.0
15028215268.0
15037195893.0
15046183597.0
15055201030.0
15065461417.0
15074222968.0
15083170679.0
15092206162.0
15101190327.0
15110198204.0
15119156179.0
15128202279.0
15137188921.0
15146204584.0
15155157604.0
15165107607.0
15174315446.0
15183184588.0
15192205206.0
15201511789.0
15210318288.0
15219191323.0
15228518078.0
15237688403.0
15247669550.0
15257523287.0
15266509221.0
15275286345.0
15284337400.0
15293503124.0
15302319886.0
15311603818.0
15322380568.0
15331537798.0
15340357038.0
15349502235.0
15358501618.0
15367335014.0
15376502861.0
15385375542.0
15394496319.0
15403323699.0
15412507472.0
15425480627.0
15435543883.0
15444207753.0
15453206782.0
15462632635.0
15472245709.0
15481221733.0
15490500002.0
15499514604.0
15508215990.0
15517199800.0
15526511692.0
15535244222.0
15544544788.0
15553230601.0
15562498253.0
15572525409.0
15581500725.0
15590213790.0
15599590448.0
15608531435.0
15617186812.0
15626212738.0
15635526045.0
15644524013.0
15653182221.0
15663598685.0
15672526930.0
15681201772.0
15690319010.0
15699502429.0
15708490133.0
15718210444.0
15727684782.0
15736571974.0
15745279376.0
15754189219.0
15763527654.0
15773246902.0
15782210894.0
15791580119.0
15800544465.0
15809675859.0
15819526411.0
15828510575.0
15840519309.0
15854329122.0
15865270443.0
15874635422.0
15884518180.0
15895382348.0
15904504894.0
15913204156.0
15922200354.0
15931218495.0
15940232389.0
15949208767.0
15958198595.0
15967616307.0
15978333953.0
15987200972.0
15996220174.0
16005205401.0
16014317683.0
16023184348.0
16032217707.0
16041189484.0
16050323710.0
16059189666.0
16068502619.0
16077203651.0
16086323720.0
16095199586.0
16104210648.0
16113204369.0
16122321252.0
16131187563.0
16140214551.0
16149218535.0
16160222854.0
16169515988.0
16178219497.0
16195224466.0
16204230928.0
16213225710.0
16222201381.0
16231219167.0
16240236246.0
16249247663.0
16258198205.0
16267690594.0
16277533713.0
16286224481.0
16295492841.0
16304550620.0
16313220861.0
16322228384.0
16331485065.0
16341642108.0
16351227222.0
16360552562.0
16370250930.0
16379174221.0
16388546986.0
16397526196.0
16406226520.0
16415180248.0
16424544873.0
16433211221.0
16442540100.0
16451177073.0
16460244762.0
16470352610.0
16479698478.0
16488708124.0
16498555137.0
16507377208.0
16516556381.0
16525359340.0
16534560456.0
16543406593.0
16553772093.0
16563567788.0
16573346140.0
16582551857.0
16591447189.0
16601395421.0
16612491404.0
16622354343.0
16631560060.0
16640353817.0
16649566612.0
16658574489.0
16668307895.0
16677557496.0
16688646047.0
16699532158.0
16709568870.0
16718352364.0
16727566220.0
16736352546.0
16745573481.0
16754349897.0
16763593836.0
16775350581.0
16784544972.0
16793303338.0
16802262021.0
16811175402.0
16820225041.0
16829206375.0
16838245750.0
16847276632.0
16856234607.0
16865419088.0
16874320437.0
16883217184.0
16892220106.0
16901196485.0
16910217457.0
16919167292.0
16928218701.0
16937215252.0
16946718258.0
16956252055.0
16965442553.0
16974346025.0
16983258344.0
16992220566.0
17001248971.0
17010329401.0
17019195357.0
17028219161.0
17037352678.0
17046330826.0
17057631727.0
17066556788.0
17075172525.0
17084216856.0
17093192881.0
17102162181.0
17111169704.0
17120220759.0
17129195368.0
17138217756.0
17147171483.0
17156223600.0
17165397110.0
17174226613.0
17183169724.0
17192219717.0
17201196096.0
17210216360.0
17219170088.0
17228220435.0
17237201414.0
17248236170.0
17257232014.0
17266566202.0
17275225471.0
17284226624.0
17293212912.0
17302202386.0
17310575691.0
17319228236.0
17328222310.0
17337266995.0
17346332560.0
17355265761.0
17365119852.0
17373214625.0
17382331862.0
17391202420.0
17400223038.0
17409217113.0
17418448665.0
17427213047.0
17436224464.0
17445224555.0
17454329405.0
17463197131.0
17472228013.0
17481216071.0
17490328707.0
17499195725.0
17508224484.0
17517216080.0
17526329779.0
17535244222.0
17544219893.0
17553202288.0
17562330496.0
17571582576.0
17580220256.0
17589217162.0
17598762284.0
17609573719.0
17618223786.0
17627205474.0
17636264315.0
17645195038.0
17654227689.0
17663639739.0
17672226809.0
17681628241.0
17690230884.0
17699269906.0
17708578966.0
17717201782.0
17726221693.0
17735213997.0
17744286287.0
17753218780.0
17762225596.0
17771579249.0
17780254091.0
17791440323.0
17800234788.0
17809222846.0
17818202056.0
17827581545.0
17836583406.0
17845696042.0
17855683559.0
17865266904.0
17873325578.0
17883336100.0
17892611892.0
17901347253.0
17910619152.0
17921396964.0
17931613112.0
17940402268.0
17949412269.0
17959356609.0
17971727044.0
17981690495.0
17992492020.0
18002336909.0
18011637829.0
18022383789.0
18031720454.0
18040553497.0
18050667362.0
18061617886.0
18082569730.0
18092639002.0
18101387812.0
18111687130.0
18120347461.0
18129619006.0
18138478592.0
18149485388.0
18161066591.0
18170353354.0
18179614635.0
18196488301.0
18205625358.0
18215376105.0
18224633493.0
18233360007.0
18242620934.0
18251301439.0
18260628548.0
18269631117.0
18278628022.0
18287366569.0
18296631036.0
18305355426.0
18315724819.0
18325628812.0
18334326305.0
18344417873.0
18353677385.0
18363353102.0
18373633308.0
18382341064.0
18391632428.0
18400367082.0
18409632256.0
18420706297.0
18430628693.0
18439349898.0
18448644448.0
18457366007.0
18466351941.0
18475682236.0
18484358493.0
18493638532.0
18504711157.0
18514634969.0
18525350492.0
18534646811.0
18543483747.0
18553740948.0
18563636447.0
18573350034.0
18582644583.0
18591416044.0
18600634147.0
18609382604.0
18618641761.0
18629421343.0
18639436112.0
18648642537.0
18657349939.0
18667661289.0
18676364091.0
18685650854.0
18695720126.0
18705644292.0
18714483705.0
18724370710.0
18733642255.0
18742332315.0
18750464250.0
18761409465.0
18771656757.0
18780358496.0
18789647383.0
18798468038.0
18808651625.0
18817395835.0
18826641897.0
18837426788.0
18846649846.0
18855381315.0
18865464036.0
18878747929.0
18888648029.0
18897361448.0
18906653520.0
18915352074.0
18924655471.0
18933366059.0
18942667687.0
18953434881.0
18963665539.0
18973349043.0
18982656333.0
18991465309.0
19000660762.0
19009344806.0
19018654573.0
19029423184.0
19038663938.0
19050713371.0
19059473861.0
19069725754.0
19079654875.0
19088366524.0
19104753202.0
19114662150.0
19123358935.0
19132660208.0
19141348853.0
19151557214.0
19162107458.0
19174418790.0
19184408431.0
19193366406.0
19203386837.0
19212669000.0
19224101203.0
19233664729.0
19242464857.0
19252391855.0
19261363632.0
19270331871.0
19278475838.0
19288668981.0
19297362935.0
19307750731.0
19317671004.0
19326471841.0
19336679140.0
19345395744.0
19354696664.0
19363363012.0
19374674884.0
19383346186.0
19392677543.0
19401370435.0
19410683034.0
19419492010.0
19429737178.0
19439788401.0
19449693456.0
19458464209.0
19468373865.0
19477678323.0
19486334762.0
19494474128.0
19504767783.0
19514692304.0
19523309103.0
19531360345.0
19540704796.0
19550710363.0
19559307343.0
19570689291.0
19579439517.0
19588674608.0
19597356883.0
19606686470.0
19615443774.0
19624701162.0
19634699651.0
19645745024.0
19655695026.0
19664712105.0
19673368543.0
19683352876.0
19692693080.0
19701694941.0
19710470295.0
19721457626.0
19732719949.0
19742764447.0
19752325849.0
19761696137.0
19770468660.0
19780589603.0
19791573395.0
19801719821.0
19810338390.0
19818476341.0
19828381750.0
19837705320.0
19846346186.0
19854490508.0
19866516229.0
19877603364.0
19888397457.0
19897726690.0
19906345259.0
19914600002.0
19924714222.0
19934737131.0
19945740742.0
19955697114.0
19965299217.0
19973352582.0
19983452998.0
19993374687.0
